Energy Bin  Efficiency  Uncertainity
6.0327E-02 2.57771E-02 0.0027
8.8348E-02 2.70321E-02 0.0026
1.2213E-01 2.63207E-02 0.0027
1.5936E-01 2.44908E-02 0.0027
3.9236E-01 1.43023E-02 0.0032
5.1404E-01 1.19662E-02 0.0033
6.6221E-01 1.01719E-02 0.0035
8.9828E-01 8.42073E-03 0.0037
1.1731E+00 7.17407E-03 0.0040
1.3332E+00 6.58147E-03 0.0041
1.8360E+00 5.41047E-03 0.0044

Energy Bin   Relative Error
6.0327E-02 7.84446487112
8.8348E-02 1.28740963297
1.2213E-01 0.74767922544
1.5936E-01 0.6138970736
3.9236E-01 0.368153479073
5.1404E-01 0.334778780373
6.6221E-01 0.324832357903
8.9828E-01 0.671867941162
1.1731E+00 0.713066337333
1.3332E+00 0.672895908323
1.8360E+00 0.743973559661

Chi Squared Value
2.6904402386490163
Average Error
1.30209265154