Energy Bin  Efficiency  Uncertainity
6.0327E-02 1.93191E-02 0.0032
8.8348E-02 1.99935E-02 0.0031
1.2213E-01 1.91115E-02 0.0031
1.5936E-01 1.74936E-02 0.0032
3.9236E-01 9.70047E-03 0.0038
5.1404E-01 8.05380E-03 0.0041
6.6221E-01 6.76407E-03 0.0043
8.9828E-01 5.52567E-03 0.0046
1.1731E+00 4.69200E-03 0.0048
1.3332E+00 4.26880E-03 0.0050
1.8360E+00 3.51187E-03 0.0054

Energy Bin   Relative Error
6.0327E-02 5.62863942382
8.8348E-02 0.691815452622
1.2213E-01 0.268992523641
1.5936E-01 0.152794920816
3.9236E-01 0.0720561183064
5.1404E-01 0.101632820664
6.6221E-01 0.11901819649
8.9828E-01 0.0970771567837
1.1731E+00 0.120383165312
1.3332E+00 0.0850551705699
1.8360E+00 0.131991938772

Chi Squared Value
1.1985844096366298
Average Error
0.679041535254