Energy Bin  Efficiency  Uncertainity
6.0327E-02 1.96683E-02 0.0031
8.8348E-02 2.03145E-02 0.0031
1.2213E-01 1.93832E-02 0.0031
1.5936E-01 1.77145E-02 0.0032
3.9236E-01 9.77000E-03 0.0038
5.1404E-01 8.09547E-03 0.0040
6.6221E-01 6.78927E-03 0.0043
8.9828E-01 5.53767E-03 0.0046
1.1731E+00 4.70060E-03 0.0048
1.3332E+00 4.27413E-03 0.0050
1.8360E+00 3.51280E-03 0.0054

Energy Bin   Relative Error
6.0327E-02 5.74845457498
8.8348E-02 0.718977918438
1.2213E-01 0.287033246173
1.5936E-01 0.167351810079
3.9236E-01 0.0654049005722
5.1404E-01 0.0969847091689
6.6221E-01 0.115736039232
8.9828E-01 0.0994596598795
1.1731E+00 0.122436723543
1.3332E+00 0.0864099644369
1.8360E+00 0.132291708553

Chi Squared Value
1.2541371500321226
Average Error
0.69459465955