Energy Bin  Efficiency  Uncertainity
6.0327E-02 1.94137E-02 0.0032
8.8348E-02 2.00701E-02 0.0031
1.2213E-01 1.91761E-02 0.0031
1.5936E-01 1.75434E-02 0.0032
3.9236E-01 9.70240E-03 0.0038
5.1404E-01 8.04820E-03 0.0041
6.6221E-01 6.75313E-03 0.0043
8.9828E-01 5.51193E-03 0.0046
1.1731E+00 4.68113E-03 0.0049
1.3332E+00 4.25693E-03 0.0050
1.8360E+00 3.50280E-03 0.0054

Energy Bin   Relative Error
6.0327E-02 5.66109793842
8.8348E-02 0.698297212378
1.2213E-01 0.273281926201
1.5936E-01 0.156076645965
3.9236E-01 0.0718714951189
5.1404E-01 0.102257476877
6.6221E-01 0.120443069523
8.9828E-01 0.094349190739
1.1731E+00 0.117787563222
1.3332E+00 0.0820380217519
1.8360E+00 0.129068377568

Chi Squared Value
1.2132102244680525
Average Error
0.68241535616