Energy Bin  Efficiency  Uncertainity
6.0327E-02 2.20418E-02 0.0030
8.8348E-02 2.28341E-02 0.0029
1.2213E-01 2.19354E-02 0.0029
1.5936E-01 2.01474E-02 0.0030
3.9236E-01 1.14735E-02 0.0035
5.1404E-01 9.55580E-03 0.0037
6.6221E-01 8.10213E-03 0.0040
8.9828E-01 6.66047E-03 0.0042
1.1731E+00 5.69687E-03 0.0045
1.3332E+00 5.20547E-03 0.0046
1.8360E+00 4.27560E-03 0.0049

Energy Bin   Relative Error
6.0327E-02 6.56283390282
8.8348E-02 0.932182120525
1.2213E-01 0.456497847007
1.5936E-01 0.327675286257
3.9236E-01 0.0975513688111
5.1404E-01 0.0659088991898
6.6221E-01 0.0552565392832
8.9828E-01 0.322382532877
1.1731E+00 0.360331893216
1.3332E+00 0.323140493522
1.8360E+00 0.37816739612

Chi Squared Value
1.7117991284569358
Average Error
0.898357116329