Energy Bin  Efficiency  Uncertainity
6.0327E-02 1.74056E-02 0.0033
8.8348E-02 1.86375E-02 0.0032
1.2213E-01 1.80118E-02 0.0032
1.5936E-01 1.66043E-02 0.0033
3.9236E-01 9.35273E-03 0.0039
5.1404E-01 7.80300E-03 0.0041
6.6221E-01 6.55560E-03 0.0043
8.9828E-01 5.37460E-03 0.0046
1.1731E+00 4.58107E-03 0.0049
1.3332E+00 4.17040E-03 0.0051
1.8360E+00 3.44313E-03 0.0054

Energy Bin   Relative Error
6.0327E-02 4.97209219659
8.8348E-02 0.577073073661
1.2213E-01 0.195973080989
1.5936E-01 0.0941917446216
3.9236E-01 0.105320816349
5.1404E-01 0.129608495324
6.6221E-01 0.146170233146
8.9828E-01 0.0670834282267
1.1731E+00 0.0938946519852
1.3332E+00 0.0600435914882
1.8360E+00 0.109834761578

Chi Squared Value
0.9268973180150537
Average Error
0.595571461269