Energy Bin  Efficiency  Uncertainity
6.0327E-02 2.00749E-02 0.0031
8.8348E-02 2.06805E-02 0.0030
1.2213E-01 1.97045E-02 0.0031
1.5936E-01 1.79748E-02 0.0032
3.9236E-01 9.87067E-03 0.0038
5.1404E-01 8.17047E-03 0.0040
6.6221E-01 6.84813E-03 0.0042
8.9828E-01 5.57993E-03 0.0046
1.1731E+00 4.72920E-03 0.0048
1.3332E+00 4.29847E-03 0.0050
1.8360E+00 3.52753E-03 0.0054

Energy Bin   Relative Error
6.0327E-02 5.88796442739
8.8348E-02 0.749948206565
1.2213E-01 0.308367379959
1.5936E-01 0.184505084299
3.9236E-01 0.0557748403205
5.1404E-01 0.0886187777514
6.6221E-01 0.108069857635
8.9828E-01 0.107850041615
1.1731E+00 0.129265998592
1.3332E+00 0.0925967717016
1.8360E+00 0.137039675095

Chi Squared Value
1.320579670898316
Average Error
0.713636460084