Energy Bin  Efficiency  Uncertainity
6.0327E-02 2.44390E-02 0.0028
8.8348E-02 2.54867E-02 0.0027
1.2213E-01 2.46869E-02 0.0027
1.5936E-01 2.28564E-02 0.0028
3.9236E-01 1.31894E-02 0.0033
5.1404E-01 1.10278E-02 0.0035
6.6221E-01 9.35947E-03 0.0037
8.9828E-01 7.75153E-03 0.0039
1.1731E+00 6.60453E-03 0.0041
1.3332E+00 6.03987E-03 0.0043
1.8360E+00 4.96413E-03 0.0046

Energy Bin   Relative Error
6.0327E-02 7.38534501497
8.8348E-02 1.156640553
1.2213E-01 0.639195852334
1.5936E-01 0.50619322656
3.9236E-01 0.261693818259
5.1404E-01 0.230104246477
6.6221E-01 0.219017952282
8.9828E-01 0.539003685186
1.1731E+00 0.57706824953
1.3332E+00 0.535230550288
1.8360E+00 0.600103404458

Chi Squared Value
2.297742463463116
Average Error
1.14996332303