Energy Bin  Efficiency  Uncertainity
6.0327E-02 2.02550E-02 0.0031
8.8348E-02 2.09018E-02 0.0030
1.2213E-01 1.99695E-02 0.0031
1.5936E-01 1.82765E-02 0.0031
3.9236E-01 1.01798E-02 0.0037
5.1404E-01 8.45533E-03 0.0040
6.6221E-01 7.10853E-03 0.0042
8.9828E-01 5.81367E-03 0.0045
1.1731E+00 4.93353E-03 0.0047
1.3332E+00 4.48893E-03 0.0049
1.8360E+00 3.68240E-03 0.0053

Energy Bin   Relative Error
6.0327E-02 5.94975912591
8.8348E-02 0.768674230506
1.2213E-01 0.325963226374
1.5936E-01 0.204386539666
3.9236E-01 0.0262035626249
5.1404E-01 0.0568438547702
6.6221E-01 0.0741542326289
8.9828E-01 0.154257231083
1.1731E+00 0.178057109454
1.3332E+00 0.141008411457
1.8360E+00 0.186959402066

Chi Squared Value
1.3548753374596727
Average Error
0.733296993322