Energy Bin  Efficiency  Uncertainity
6.0327E-02 1.93192E-02 0.0032
8.8348E-02 1.99963E-02 0.0031
1.2213E-01 1.91169E-02 0.0031
1.5936E-01 1.75027E-02 0.0032
3.9236E-01 9.72273E-03 0.0038
5.1404E-01 8.07613E-03 0.0040
6.6221E-01 6.78987E-03 0.0043
8.9828E-01 5.54640E-03 0.0046
1.1731E+00 4.71253E-03 0.0048
1.3332E+00 4.28533E-03 0.0050
1.8360E+00 3.52340E-03 0.0054

Energy Bin   Relative Error
6.0327E-02 5.62867373514
8.8348E-02 0.692052383788
1.2213E-01 0.269351080511
1.5936E-01 0.153394593484
3.9236E-01 0.0699267337708
5.1404E-01 0.099142004017
6.6221E-01 0.11565789263
8.9828E-01 0.101192930882
1.1731E+00 0.125285438625
1.3332E+00 0.0892568108364
1.8360E+00 0.135708439398

Chi Squared Value
1.1987298152668033
Average Error
0.679967458462