Energy Bin  Efficiency  Uncertainity
6.0327E-02 2.25671E-02 0.0029
8.8348E-02 2.34043E-02 0.0029
1.2213E-01 2.25201E-02 0.0029
1.5936E-01 2.07334E-02 0.0029
3.9236E-01 1.18387E-02 0.0035
5.1404E-01 9.86233E-03 0.0037
6.6221E-01 8.36740E-03 0.0039
8.9828E-01 6.89093E-03 0.0042
1.1731E+00 5.88553E-03 0.0044
1.3332E+00 5.37747E-03 0.0045
1.8360E+00 4.42467E-03 0.0049

Energy Bin   Relative Error
6.0327E-02 6.74307129945
8.8348E-02 0.980431460115
1.2213E-01 0.495321588135
1.5936E-01 0.366291570132
3.9236E-01 0.132486284913
5.1404E-01 0.100101018622
6.6221E-01 0.0898064542038
8.9828E-01 0.368138504832
1.1731E+00 0.405381229952
1.3332E+00 0.366859920372
1.8360E+00 0.426217591119

Chi Squared Value
1.8289061919401781
Average Error
0.95219153835