Energy Bin  Efficiency  Uncertainity
6.0327E-02 1.86479E-02 0.0032
8.8348E-02 1.95357E-02 0.0031
1.2213E-01 1.87320E-02 0.0032
1.5936E-01 1.71835E-02 0.0032
3.9236E-01 9.56847E-03 0.0038
5.1404E-01 7.95920E-03 0.0041
6.6221E-01 6.68280E-03 0.0043
8.9828E-01 5.46093E-03 0.0046
1.1731E+00 4.64240E-03 0.0049
1.3332E+00 4.22360E-03 0.0050
1.8360E+00 3.48093E-03 0.0054

Energy Bin   Relative Error
6.0327E-02 5.39834180223
8.8348E-02 0.653077206982
1.2213E-01 0.243793943586
1.5936E-01 0.132359921448
3.9236E-01 0.0846831964154
5.1404E-01 0.112185048826
6.6221E-01 0.12960315365
8.9828E-01 0.0842235525818
1.1731E+00 0.108539387605
1.3332E+00 0.0735661118861
1.8360E+00 0.122018952703

Chi Squared Value
1.0992600596234918
Average Error
0.649308388901