Energy Bin  Efficiency  Uncertainity
6.0327E-02 1.05659E-02 0.0043
8.8348E-02 1.11464E-02 0.0041
1.2213E-01 1.06796E-02 0.0042
1.5936E-01 9.73047E-03 0.0043
3.9236E-01 5.66120E-03 0.0050
5.1404E-01 4.77000E-03 0.0052
6.6221E-01 4.07520E-03 0.0055
8.9828E-01 3.36687E-03 0.0058
1.1731E+00 2.91587E-03 0.0061
1.3332E+00 2.72787E-03 0.0063
1.8360E+00 2.23707E-03 0.0067

Energy Bin   Relative Error
6.0327E-02 4.72204365613
8.8348E-02 0.568152113269
1.2213E-01 0.251211473086
1.5936E-01 0.133214564415
3.9236E-01 0.0304599257012
5.1404E-01 0.071168621272
6.6221E-01 0.0758281505712
8.9828E-01 0.0467501149024
1.1731E+00 0.054820270563
1.3332E+00 0.0461073594552
1.8360E+00 0.0615252973722

Chi Squared Value
0.5309324100741337
Average Error
0.551025595158