Energy Bin  Efficiency  Uncertainity
6.0327E-02 1.05660E-02 0.0043
8.8348E-02 1.11462E-02 0.0041
1.2213E-01 1.06795E-02 0.0042
1.5936E-01 9.73020E-03 0.0043
3.9236E-01 5.66180E-03 0.0050
5.1404E-01 4.76887E-03 0.0052
6.6221E-01 4.07447E-03 0.0055
8.9828E-01 3.36707E-03 0.0058
1.1731E+00 2.91480E-03 0.0061
1.3332E+00 2.72833E-03 0.0063
1.8360E+00 2.23667E-03 0.0067

Energy Bin   Relative Error
6.0327E-02 4.7220978119
8.8348E-02 0.568123975895
1.2213E-01 0.251199757184
1.5936E-01 0.133183120103
3.9236E-01 0.0303571693872
5.1404E-01 0.0713886588942
6.6221E-01 0.0759936996117
8.9828E-01 0.0468122943221
1.1731E+00 0.0544331964858
1.3332E+00 0.0462837642639
1.8360E+00 0.0613354910099

Chi Squared Value
0.5309411171148332
Average Error
0.551018994459