Energy Bin  Efficiency  Uncertainity
6.0327E-02 1.64533E-02 0.0034
8.8348E-02 1.66333E-02 0.0034
1.2213E-01 1.54656E-02 0.0034
1.5936E-01 1.38587E-02 0.0035
3.9236E-01 7.80000E-03 0.0042
5.1404E-01 6.56293E-03 0.0045
6.6221E-01 5.63107E-03 0.0047
8.9828E-01 4.68587E-03 0.0050
1.1731E+00 4.03520E-03 0.0052
1.3332E+00 3.78187E-03 0.0054
1.8360E+00 3.15453E-03 0.0057

Energy Bin   Relative Error
6.0327E-02 7.91040998755
8.8348E-02 1.34008689313
1.2213E-01 0.811934544193
1.5936E-01 0.613989939218
3.9236E-01 0.335832081455
5.1404E-01 0.27795709023
6.6221E-01 0.27701128194
8.9828E-01 0.456823388167
1.1731E+00 0.459739547982
1.3332E+00 0.450304464473
1.8360E+00 0.496874660301

Chi Squared Value
1.690469351685155
Average Error
1.22099671624