Energy Bin  Efficiency  Uncertainity
6.0327E-02 1.25089E-02 0.0039
8.8348E-02 1.27100E-02 0.0039
1.2213E-01 1.20126E-02 0.0039
1.5936E-01 1.08363E-02 0.0040
3.9236E-01 6.15560E-03 0.0048
5.1404E-01 5.15040E-03 0.0050
6.6221E-01 4.38687E-03 0.0053
8.9828E-01 3.60920E-03 0.0056
1.1731E+00 3.09967E-03 0.0060
1.3332E+00 2.90187E-03 0.0061
1.8360E+00 2.37087E-03 0.0065

Energy Bin   Relative Error
6.0327E-02 5.7742901116
8.8348E-02 0.788130101167
1.2213E-01 0.407384447132
1.5936E-01 0.261999984006
3.9236E-01 0.0542112770002
5.1404E-01 0.00290422075485
6.6221E-01 0.00514778143309
8.9828E-01 0.122089808845
1.1731E+00 0.121310191489
1.3332E+00 0.112834395768
1.8360E+00 0.125015525567

Chi Squared Value
0.8179297831161294
Average Error
0.706847076797