Energy Bin  Efficiency  Uncertainity
6.0327E-02 1.34624E-02 0.0038
8.8348E-02 1.36660E-02 0.0037
1.2213E-01 1.28808E-02 0.0038
1.5936E-01 1.16108E-02 0.0039
3.9236E-01 6.65287E-03 0.0046
5.1404E-01 5.61813E-03 0.0049
6.6221E-01 4.82427E-03 0.0051
8.9828E-01 3.98993E-03 0.0054
1.1731E+00 3.44920E-03 0.0057
1.3332E+00 3.23313E-03 0.0058
1.8360E+00 2.65627E-03 0.0062

Energy Bin   Relative Error
6.0327E-02 6.29066530218
8.8348E-02 0.922626747643
1.2213E-01 0.509101908548
1.5936E-01 0.352198574633
3.9236E-01 0.139373997403
5.1404E-01 0.0939822712313
6.6221E-01 0.0940455751973
8.9828E-01 0.240457661256
1.1731E+00 0.247753184204
1.3332E+00 0.239868867312
1.8360E+00 0.260442365081

Chi Squared Value
0.99895159656073
Average Error
0.853683314063