Energy Bin  Efficiency  Uncertainity
6.0327E-02 1.21789E-02 0.0040
8.8348E-02 1.23879E-02 0.0039
1.2213E-01 1.17124E-02 0.0040
1.5936E-01 1.05843E-02 0.0041
3.9236E-01 5.99573E-03 0.0048
5.1404E-01 5.01607E-03 0.0051
6.6221E-01 4.27273E-03 0.0054
8.9828E-01 3.50720E-03 0.0057
1.1731E+00 3.01620E-03 0.0060
1.3332E+00 2.82147E-03 0.0062
1.8360E+00 2.29933E-03 0.0066

Energy Bin   Relative Error
6.0327E-02 5.59557609704
8.8348E-02 0.742814860759
1.2213E-01 0.372213309241
1.5936E-01 0.232651959683
3.9236E-01 0.0268318571461
5.1404E-01 0.0232529949903
6.6221E-01 0.0310323944322
8.9828E-01 0.0903783047714
1.1731E+00 0.0911147959518
1.3332E+00 0.0820019031267
1.8360E+00 0.0910686576669

Chi Squared Value
0.7617640179646415
Average Error
0.6708124668