Energy Bin  Efficiency  Uncertainity
6.0327E-02 1.58789E-02 0.0035
8.8348E-02 1.60625E-02 0.0034
1.2213E-01 1.49709E-02 0.0035
1.5936E-01 1.34342E-02 0.0036
3.9236E-01 7.59253E-03 0.0043
5.1404E-01 6.38227E-03 0.0045
6.6221E-01 5.47547E-03 0.0048
8.9828E-01 4.55467E-03 0.0051
1.1731E+00 3.93500E-03 0.0053
1.3332E+00 3.68207E-03 0.0055
1.8360E+00 3.06893E-03 0.0058

Energy Bin   Relative Error
6.0327E-02 7.59933929068
8.8348E-02 1.25978282848
1.2213E-01 0.753975976855
1.5936E-01 0.564552493483
3.9236E-01 0.300300660693
5.1404E-01 0.242778331974
6.6221E-01 0.241724390556
8.9828E-01 0.41603368881
1.1731E+00 0.423492050285
1.3332E+00 0.412032290772
1.8360E+00 0.456256098765

Chi Squared Value
1.5423270660717932
Average Error
1.15184255467