Energy Bin  Efficiency  Uncertainity
6.0327E-02 1.24627E-02 0.0040
8.8348E-02 1.24829E-02 0.0039
1.2213E-01 1.17676E-02 0.0040
1.5936E-01 1.06077E-02 0.0041
3.9236E-01 6.00167E-03 0.0048
5.1404E-01 5.02413E-03 0.0051
6.6221E-01 4.28367E-03 0.0054
8.9828E-01 3.51313E-03 0.0057
1.1731E+00 3.02100E-03 0.0060
1.3332E+00 2.82633E-03 0.0062
1.8360E+00 2.30120E-03 0.0066

Energy Bin   Relative Error
6.0327E-02 5.74927014957
8.8348E-02 0.756180113285
1.2213E-01 0.378680487161
1.5936E-01 0.23537713337
3.9236E-01 0.0278491446543
5.1404E-01 0.0216835231009
6.6221E-01 0.0285514266189
8.9828E-01 0.092221924567
1.1731E+00 0.0928512030271
1.3332E+00 0.0838656582788
1.8360E+00 0.0919560024107

Chi Squared Value
0.8027667952137104
Average Error
0.687135160549