Energy Bin  Efficiency  Uncertainity
6.0327E-02 1.05721E-02 0.0043
8.8348E-02 1.11502E-02 0.0041
1.2213E-01 1.06828E-02 0.0042
1.5936E-01 9.73407E-03 0.0043
3.9236E-01 5.66220E-03 0.0050
5.1404E-01 4.77120E-03 0.0052
6.6221E-01 4.07313E-03 0.0055
8.9828E-01 3.36893E-03 0.0058
1.1731E+00 2.91827E-03 0.0061
1.3332E+00 2.72433E-03 0.0063
1.8360E+00 2.23613E-03 0.0067

Energy Bin   Relative Error
6.0327E-02 4.72540131338
8.8348E-02 0.56868672337
1.2213E-01 0.251586381951
1.5936E-01 0.133633821905
3.9236E-01 0.0302886651779
5.1404E-01 0.0709349530006
6.6221E-01 0.0762975841519
8.9828E-01 0.0473905629258
1.1731E+00 0.0556884741006
1.3332E+00 0.0447498094061
1.8360E+00 0.0610792524208

Chi Squared Value
0.5317192458649761
Average Error
0.551430685617