Energy Bin  Efficiency  Uncertainity
6.0327E-02 1.50831E-02 0.0036
8.8348E-02 1.52657E-02 0.0035
1.2213E-01 1.42810E-02 0.0036
1.5936E-01 1.28383E-02 0.0037
3.9236E-01 7.29013E-03 0.0044
5.1404E-01 6.13393E-03 0.0046
6.6221E-01 5.26467E-03 0.0049
8.9828E-01 4.37327E-03 0.0052
1.1731E+00 3.77147E-03 0.0054
1.3332E+00 3.54000E-03 0.0056
1.8360E+00 2.94093E-03 0.0060

Energy Bin   Relative Error
6.0327E-02 7.16836773676
8.8348E-02 1.1476835315
1.2213E-01 0.673147968757
1.5936E-01 0.495153732793
3.9236E-01 0.248511478458
5.1404E-01 0.194420683212
6.6221E-01 0.193919270351
8.9828E-01 0.359636955095
1.1731E+00 0.364334831738
1.3332E+00 0.357550049112
1.8360E+00 0.395518062824

Chi Squared Value
1.3486382782684423
Average Error
1.05438584551