Energy Bin  Efficiency  Uncertainity
6.0327E-02 1.67743E-02 0.0034
8.8348E-02 1.69433E-02 0.0033
1.2213E-01 1.57259E-02 0.0034
1.5936E-01 1.40757E-02 0.0035
3.9236E-01 7.90287E-03 0.0042
5.1404E-01 6.65647E-03 0.0044
6.6221E-01 5.71280E-03 0.0047
8.9828E-01 4.74993E-03 0.0050
1.1731E+00 4.09760E-03 0.0052
1.3332E+00 3.83600E-03 0.0053
1.8360E+00 3.20227E-03 0.0057

Energy Bin   Relative Error
6.0327E-02 8.08424998354
8.8348E-02 1.38369982243
1.2213E-01 0.842431037174
1.5936E-01 0.639261849051
3.9236E-01 0.353449651483
5.1404E-01 0.296171531984
6.6221E-01 0.295545971098
8.9828E-01 0.476739456314
1.1731E+00 0.482312839962
1.3332E+00 0.471062708586
1.8360E+00 0.519528049644

Chi Squared Value
1.7753049958553664
Average Error
1.25858662739