Energy Bin  Efficiency  Uncertainity
6.0327E-02 1.18787E-02 0.0040
8.8348E-02 1.20893E-02 0.0040
1.2213E-01 1.14395E-02 0.0040
1.5936E-01 1.03543E-02 0.0041
3.9236E-01 5.89840E-03 0.0049
5.1404E-01 4.94533E-03 0.0051
6.6221E-01 4.22440E-03 0.0054
8.9828E-01 3.47040E-03 0.0058
1.1731E+00 2.98847E-03 0.0061
1.3332E+00 2.79827E-03 0.0062
1.8360E+00 2.28313E-03 0.0066

Energy Bin   Relative Error
6.0327E-02 5.43300049954
8.8348E-02 0.700805761765
1.2213E-01 0.340240612604
1.5936E-01 0.205866064468
3.9236E-01 0.0101630704169
5.1404E-01 0.0370277395881
6.6221E-01 0.0419926480351
8.9828E-01 0.078937291537
1.1731E+00 0.0810834275771
1.3332E+00 0.0731049649517
1.8360E+00 0.083381499993

Chi Squared Value
0.7131595871756723
Average Error
0.644145780043