Energy Bin  Efficiency  Uncertainity
6.0327E-02 1.30515E-02 0.0039
8.8348E-02 1.32608E-02 0.0038
1.2213E-01 1.25243E-02 0.0038
1.5936E-01 1.12981E-02 0.0039
3.9236E-01 6.49073E-03 0.0047
5.1404E-01 5.46873E-03 0.0049
6.6221E-01 4.68880E-03 0.0052
8.9828E-01 3.88527E-03 0.0055
1.1731E+00 3.36087E-03 0.0058
1.3332E+00 3.14600E-03 0.0059
1.8360E+00 2.59007E-03 0.0063

Energy Bin   Relative Error
6.0327E-02 6.06813927616
8.8348E-02 0.865620428446
1.2213E-01 0.467334717814
1.5936E-01 0.315781403182
3.9236E-01 0.111605816162
5.1404E-01 0.0648905714447
6.6221E-01 0.0633237553008
8.9828E-01 0.2079191709
1.1731E+00 0.215799676504
1.3332E+00 0.206455495623
1.8360E+00 0.229029412117

Chi Squared Value
0.9196949582040425
Average Error
0.801445429423