Energy Bin  Efficiency  Uncertainity
6.0327E-02 1.21645E-02 0.0040
8.8348E-02 1.22777E-02 0.0039
1.2213E-01 1.16019E-02 0.0040
1.5936E-01 1.04704E-02 0.0041
3.9236E-01 5.94533E-03 0.0049
5.1404E-01 4.98567E-03 0.0051
6.6221E-01 4.25493E-03 0.0054
8.9828E-01 3.49133E-03 0.0057
1.1731E+00 3.00527E-03 0.0060
1.3332E+00 2.81300E-03 0.0062
1.8360E+00 2.29313E-03 0.0066

Energy Bin   Relative Error
6.0327E-02 5.58777766731
8.8348E-02 0.727311167828
1.2213E-01 0.359267237499
1.5936E-01 0.219387118531
3.9236E-01 0.0182003267736
5.1404E-01 0.0291725911986
6.6221E-01 0.0350690696677
8.9828E-01 0.0854443678141
1.1731E+00 0.0871608523407
1.3332E+00 0.0787537537154
1.8360E+00 0.0881266590509

Chi Squared Value
0.7562191205782945
Average Error
0.665060982884