Energy Bin  Efficiency  Uncertainity
6.0327E-02 1.17347E-02 0.0041
8.8348E-02 1.19905E-02 0.0040
1.2213E-01 1.13584E-02 0.0040
1.5936E-01 1.02921E-02 0.0041
3.9236E-01 5.87660E-03 0.0049
5.1404E-01 4.93413E-03 0.0052
6.6221E-01 4.21613E-03 0.0054
8.9828E-01 3.46633E-03 0.0058
1.1731E+00 2.98753E-03 0.0061
1.3332E+00 2.79960E-03 0.0062
1.8360E+00 2.28367E-03 0.0066

Energy Bin   Relative Error
6.0327E-02 5.35501620228
8.8348E-02 0.686905899138
1.2213E-01 0.330739016059
1.5936E-01 0.198622226718
3.9236E-01 0.00642959100975
5.1404E-01 0.0392086434543
6.6221E-01 0.0438681145631
8.9828E-01 0.0776719403451
1.1731E+00 0.0807433811915
1.3332E+00 0.0736150049419
1.8360E+00 0.0836377385821

Chi Squared Value
0.6919260920204381
Average Error
0.634223432571