Energy Bin  Efficiency  Uncertainity
6.0327E-02 1.45831E-02 0.0036
8.8348E-02 1.47763E-02 0.0036
1.2213E-01 1.38569E-02 0.0036
1.5936E-01 1.24658E-02 0.0037
3.9236E-01 7.09827E-03 0.0045
5.1404E-01 5.97827E-03 0.0047
6.6221E-01 5.13240E-03 0.0049
8.9828E-01 4.25993E-03 0.0052
1.1731E+00 3.67747E-03 0.0055
1.3332E+00 3.44787E-03 0.0056
1.8360E+00 2.85813E-03 0.0060

Energy Bin   Relative Error
6.0327E-02 6.89758892681
8.8348E-02 1.07883137796
1.2213E-01 0.623460828253
1.5936E-01 0.451772228586
3.9236E-01 0.215653434465
5.1404E-01 0.164110013943
6.6221E-01 0.163923144878
8.9828E-01 0.324399877921
1.1731E+00 0.33033019318
1.3332E+00 0.322219233851
1.8360E+00 0.356228145824

Chi Squared Value
1.234816468647016
Average Error
0.993501582333