Energy Bin  Efficiency  Uncertainity
6.0327E-02 1.74318E-02 0.0033
8.8348E-02 1.75873E-02 0.0033
1.2213E-01 1.62643E-02 0.0033
1.5936E-01 1.45219E-02 0.0034
3.9236E-01 8.13173E-03 0.0041
5.1404E-01 6.83953E-03 0.0044
6.6221E-01 5.86733E-03 0.0046
8.9828E-01 4.89120E-03 0.0049
1.1731E+00 4.22020E-03 0.0051
1.3332E+00 3.94860E-03 0.0053
1.8360E+00 3.29020E-03 0.0056

Energy Bin   Relative Error
6.0327E-02 8.44032411863
8.8348E-02 1.47430216587
1.2213E-01 0.905509453698
1.5936E-01 0.691226485769
3.9236E-01 0.392644334837
5.1404E-01 0.331817626782
6.6221E-01 0.330590208409
8.9828E-01 0.520659889455
1.1731E+00 0.526663570677
1.3332E+00 0.514243537832
1.8360E+00 0.56125223324

Chi Squared Value
1.9564241759033256
Average Error
1.33538487502