Energy Bin  Efficiency  Uncertainity
6.0327E-02 7.54200E-03 0.0051
8.8348E-02 8.16507E-03 0.0049
1.2213E-01 8.10947E-03 0.0048
1.5936E-01 7.48120E-03 0.0049
3.9236E-01 3.97000E-03 0.0058
5.1404E-01 3.19380E-03 0.0062
6.6221E-01 2.65327E-03 0.0066
8.9828E-01 2.13727E-03 0.0071
1.1731E+00 1.77853E-03 0.0076
1.3332E+00 1.63900E-03 0.0078
1.8360E+00 1.30807E-03 0.0085

Energy Bin   Relative Error
6.0327E-02 24.1116308326
8.8348E-02 5.67722510588
1.2213E-01 4.39551510909
1.5936E-01 4.04696193629
3.9236E-01 2.55737848386
5.1404E-01 1.88671922811
6.6221E-01 2.14473587391
8.9828E-01 2.02202213065
1.1731E+00 1.89701359613
1.3332E+00 1.80588265253
1.8360E+00 1.79263450043

Chi Squared Value
653827.5551783665
Average Error
4.75797449541