Energy Bin  Efficiency  Uncertainity
6.0327E-02 7.54200E-03 0.0051
8.8348E-02 8.16500E-03 0.0049
1.2213E-01 8.10940E-03 0.0048
1.5936E-01 7.48100E-03 0.0049
3.9236E-01 3.96927E-03 0.0058
5.1404E-01 3.19373E-03 0.0062
6.6221E-01 2.65280E-03 0.0066
8.9828E-01 2.13787E-03 0.0071
1.1731E+00 1.77793E-03 0.0076
1.3332E+00 1.63940E-03 0.0078
1.8360E+00 1.30760E-03 0.0085

Energy Bin   Relative Error
6.0327E-02 24.1116308326
8.8348E-02 5.67716786133
1.2213E-01 4.39546853564
1.5936E-01 4.04682701243
3.9236E-01 2.55672435633
5.1404E-01 1.88665595854
6.6221E-01 2.14417881569
8.9828E-01 2.02287050885
1.1731E+00 1.89603626758
1.3332E+00 1.8065674317
1.8360E+00 1.79163108454

Chi Squared Value
653817.8116799055
Average Error
4.7577962423