Energy Bin  Efficiency  Uncertainity
6.0327E-02 7.55247E-03 0.0051
8.8348E-02 8.20527E-03 0.0049
1.2213E-01 8.20527E-03 0.0048
1.5936E-01 7.61133E-03 0.0049
3.9236E-01 4.12667E-03 0.0057
5.1404E-01 3.33380E-03 0.0061
6.6221E-01 2.79307E-03 0.0065
8.9828E-01 2.25380E-03 0.0069
1.1731E+00 1.88947E-03 0.0074
1.3332E+00 1.74653E-03 0.0076
1.8360E+00 1.38980E-03 0.0083

Energy Bin   Relative Error
6.0327E-02 24.1464914498
8.8348E-02 5.71009983313
1.2213E-01 4.45925421257
1.5936E-01 4.13475014631
3.9236E-01 2.69776500454
5.1404E-01 2.01325836392
6.6221E-01 2.3104310633
8.9828E-01 2.18679131699
1.1731E+00 2.07772164624
1.3332E+00 1.98996841313
1.8360E+00 1.96712211785

Chi Squared Value
661961.9488583334
Average Error
4.88124123343