Energy Bin  Efficiency  Uncertainity
6.0327E-02 7.55253E-03 0.0051
8.8348E-02 8.20793E-03 0.0049
1.2213E-01 8.21460E-03 0.0048
1.5936E-01 7.61833E-03 0.0049
3.9236E-01 4.13013E-03 0.0057
5.1404E-01 3.33747E-03 0.0061
6.6221E-01 2.78693E-03 0.0065
8.9828E-01 2.25513E-03 0.0069
1.1731E+00 1.88647E-03 0.0074
1.3332E+00 1.74380E-03 0.0076
1.8360E+00 1.38660E-03 0.0083

Energy Bin   Relative Error
6.0327E-02 24.1466912241
8.8348E-02 5.71227512603
1.2213E-01 4.46546178914
1.5936E-01 4.13947248144
3.9236E-01 2.70086538981
5.1404E-01 2.01657549698
6.6221E-01 2.30315374955
8.9828E-01 2.18867188867
1.1731E+00 2.07283500346
1.3332E+00 1.98529479529
1.8360E+00 1.96029035013

Chi Squared Value
662023.4929247402
Average Error
4.88105339042