Energy Bin  Efficiency  Uncertainity
6.0327E-02 9.44313E-03 0.0046
8.8348E-02 1.00088E-02 0.0044
1.2213E-01 9.88480E-03 0.0044
1.5936E-01 9.18993E-03 0.0044
3.9236E-01 5.13867E-03 0.0052
5.1404E-01 4.17260E-03 0.0055
6.6221E-01 3.50293E-03 0.0058
8.9828E-01 2.85920E-03 0.0062
1.1731E+00 2.39967E-03 0.0066
1.3332E+00 2.20267E-03 0.0069
1.8360E+00 1.77640E-03 0.0074

Energy Bin   Relative Error
6.0327E-02 30.4415797487
8.8348E-02 7.18498930685
1.2213E-01 5.57670448875
1.5936E-01 5.19970417944
3.9236E-01 3.60458289513
5.1404E-01 2.77140855759
6.6221E-01 3.15177861084
8.9828E-01 3.04280492215
1.1731E+00 2.90877669549
1.3332E+00 2.77085634061
1.8360E+00 2.79248505551

Chi Squared Value
1062086.1382040114
Average Error
6.31324280009