Energy Bin  Efficiency  Uncertainity
6.0327E-02 1.00471E-02 0.0044
8.8348E-02 1.06461E-02 0.0043
1.2213E-01 1.05207E-02 0.0042
1.5936E-01 9.83827E-03 0.0043
3.9236E-01 5.60107E-03 0.0050
5.1404E-01 4.59247E-03 0.0053
6.6221E-01 3.85727E-03 0.0056
8.9828E-01 3.16327E-03 0.0059
1.1731E+00 2.66767E-03 0.0063
1.3332E+00 2.44620E-03 0.0065
1.8360E+00 1.98880E-03 0.0070

Energy Bin   Relative Error
6.0327E-02 32.4525412541
8.8348E-02 7.70616004513
1.2213E-01 5.99979108478
1.5936E-01 5.63708685892
3.9236E-01 4.01892340167
5.1404E-01 3.15090846438
6.6221E-01 3.57175309876
8.9828E-01 3.47274885495
1.1731E+00 3.34531678408
1.3332E+00 3.18776701929
1.8360E+00 3.24594363792

Chi Squared Value
1220065.4068496523
Average Error
6.88990368218