Energy Bin  Efficiency  Uncertainity
6.0327E-02 7.55247E-03 0.0051
8.8348E-02 8.20447E-03 0.0049
1.2213E-01 8.20213E-03 0.0048
1.5936E-01 7.60233E-03 0.0049
3.9236E-01 4.10733E-03 0.0057
5.1404E-01 3.31713E-03 0.0061
6.6221E-01 2.76953E-03 0.0065
8.9828E-01 2.23893E-03 0.0069
1.1731E+00 1.87267E-03 0.0074
1.3332E+00 1.73140E-03 0.0077
1.8360E+00 1.37460E-03 0.0083

Energy Bin   Relative Error
6.0327E-02 24.1464914498
8.8348E-02 5.7094456097
1.2213E-01 4.45716506033
1.5936E-01 4.12867857257
3.9236E-01 2.68043510532
5.1404E-01 1.99819116825
6.6221E-01 2.28253074314
8.9828E-01 2.16576567723
1.1731E+00 2.05035644666
1.3332E+00 1.964066641
1.8360E+00 1.93467122118

Chi Squared Value
661146.1914239412
Average Error
4.86525433593