Energy Bin  Efficiency  Uncertainity
6.0327E-02 8.51827E-03 0.0048
8.8348E-02 8.92633E-03 0.0047
1.2213E-01 8.77100E-03 0.0046
1.5936E-01 8.09067E-03 0.0047
3.9236E-01 4.30167E-03 0.0056
5.1404E-01 3.45340E-03 0.0060
6.6221E-01 2.86747E-03 0.0064
8.9828E-01 2.30727E-03 0.0068
1.1731E+00 1.92640E-03 0.0073
1.3332E+00 1.77520E-03 0.0076
1.8360E+00 1.40427E-03 0.0082

Energy Bin   Relative Error
6.0327E-02 27.3621919348
8.8348E-02 6.29976776431
1.2213E-01 4.83565424397
1.5936E-01 4.45812216344
3.9236E-01 2.85457639866
5.1404E-01 2.12135893993
6.6221E-01 2.39861219414
8.9828E-01 2.26239595437
1.1731E+00 2.13787621889
1.3332E+00 2.0390499602
1.8360E+00 1.99801451751

Chi Squared Value
836579.4248454466
Average Error
5.34251093548