Energy Bin  Efficiency  Uncertainity
6.0327E-02 1.09865E-02 0.0042
8.8348E-02 1.16677E-02 0.0041
1.2213E-01 1.15439E-02 0.0040
1.5936E-01 1.08442E-02 0.0041
3.9236E-01 6.34973E-03 0.0047
5.1404E-01 5.24833E-03 0.0050
6.6221E-01 4.44033E-03 0.0052
8.9828E-01 3.64393E-03 0.0056
1.1731E+00 3.10240E-03 0.0059
1.3332E+00 2.84293E-03 0.0061
1.8360E+00 2.33527E-03 0.0065

Energy Bin   Relative Error
6.0327E-02 35.5803410425
8.8348E-02 8.5416033626
1.2213E-01 6.68056196865
1.5936E-01 6.31570665529
3.9236E-01 4.68977150638
5.1404E-01 3.74370816159
6.6221E-01 4.26281345019
8.9828E-01 4.15238463205
1.1731E+00 4.05344018973
1.3332E+00 3.86694812042
1.8360E+00 3.98563193851

Chi Squared Value
1491011.3355092062
Average Error
7.80662827526