Energy Bin  Efficiency  Uncertainity
6.0327E-02 7.55247E-03 0.0051
8.8348E-02 8.20487E-03 0.0049
1.2213E-01 8.20200E-03 0.0048
1.5936E-01 7.60287E-03 0.0049
3.9236E-01 4.10767E-03 0.0057
5.1404E-01 3.31760E-03 0.0061
6.6221E-01 2.76940E-03 0.0065
8.9828E-01 2.23800E-03 0.0069
1.1731E+00 1.87300E-03 0.0074
1.3332E+00 1.73300E-03 0.0077
1.8360E+00 1.37473E-03 0.0083

Energy Bin   Relative Error
6.0327E-02 24.1464914498
8.8348E-02 5.70977272142
1.2213E-01 4.45707856676
1.5936E-01 4.129042867
3.9236E-01 2.68073976746
5.1404E-01 1.9986159782
6.6221E-01 2.28237666321
8.9828E-01 2.16445069102
1.1731E+00 2.05089397736
1.3332E+00 1.96680575768
1.8360E+00 1.93494876174

Chi Squared Value
661163.542733065
Average Error
4.86556520015