Energy Bin  Efficiency  Uncertainity
6.0327E-02 7.55280E-03 0.0051
8.8348E-02 8.20513E-03 0.0049
1.2213E-01 8.20447E-03 0.0048
1.5936E-01 7.60940E-03 0.0049
3.9236E-01 4.12213E-03 0.0057
5.1404E-01 3.32967E-03 0.0061
6.6221E-01 2.78633E-03 0.0065
8.9828E-01 2.25173E-03 0.0069
1.1731E+00 1.88487E-03 0.0074
1.3332E+00 1.74173E-03 0.0077
1.8360E+00 1.38547E-03 0.0083

Energy Bin   Relative Error
6.0327E-02 24.1475902085
8.8348E-02 5.70998534403
1.2213E-01 4.45872194448
1.5936E-01 4.13344813105
3.9236E-01 2.69369686894
5.1404E-01 2.00952545941
6.6221E-01 2.3024426114
8.9828E-01 2.1838644122
1.1731E+00 2.07022879397
1.3332E+00 1.98175106308
1.8360E+00 1.95787788215

Chi Squared Value
661802.9198473747
Average Error
4.87719388357