Energy Bin  Efficiency  Uncertainity
6.0327E-02 8.02207E-03 0.0049
8.8348E-02 8.55487E-03 0.0048
1.2213E-01 8.47780E-03 0.0047
1.5936E-01 7.84060E-03 0.0048
3.9236E-01 4.20293E-03 0.0057
5.1404E-01 3.38873E-03 0.0061
6.6221E-01 2.81627E-03 0.0064
8.9828E-01 2.27153E-03 0.0069
1.1731E+00 1.89760E-03 0.0073
1.3332E+00 1.75447E-03 0.0076
1.8360E+00 1.38873E-03 0.0083

Energy Bin   Relative Error
6.0327E-02 25.7100583868
8.8348E-02 5.99599547114
1.2213E-01 4.64057798992
1.5936E-01 4.28942011411
3.9236E-01 2.76609892977
5.1404E-01 2.0629068977
6.6221E-01 2.33792840518
8.9828E-01 2.21186089284
1.1731E+00 2.09096444818
1.3332E+00 2.00356127968
1.8360E+00 1.96483774552

Chi Squared Value
743813.3899358282
Average Error
5.09765550553