Energy Bin  Efficiency  Uncertainity
6.0327E-02 9.15233E-03 0.0046
8.8348E-02 9.69707E-03 0.0045
1.2213E-01 9.55813E-03 0.0044
1.5936E-01 8.88187E-03 0.0045
3.9236E-01 4.92053E-03 0.0053
5.1404E-01 3.98953E-03 0.0056
6.6221E-01 3.33380E-03 0.0060
8.9828E-01 2.70793E-03 0.0064
1.1731E+00 2.26800E-03 0.0068
1.3332E+00 2.09013E-03 0.0070
1.8360E+00 1.68167E-03 0.0076

Energy Bin   Relative Error
6.0327E-02 29.473340257
8.8348E-02 6.93006297037
1.2213E-01 5.35935946858
1.5936E-01 4.99188095668
3.9236E-01 3.40911525219
5.1404E-01 2.6059405605
6.6221E-01 2.95132061812
8.9828E-01 2.82891463795
1.1731E+00 2.69430194376
1.3332E+00 2.57819372089
1.8360E+00 2.59024338173

Chi Squared Value
990184.4590412262
Average Error
6.03751579707