Energy Bin  Efficiency  Uncertainity
6.0327E-02 7.30260E-03 0.0052
8.8348E-02 7.86613E-03 0.0050
1.2213E-01 7.79007E-03 0.0049
1.5936E-01 7.15433E-03 0.0050
3.9236E-01 3.73020E-03 0.0060
5.1404E-01 3.00120E-03 0.0064
6.6221E-01 2.49313E-03 0.0068
8.9828E-01 1.98827E-03 0.0073
1.1731E+00 1.65853E-03 0.0078
1.3332E+00 1.52573E-03 0.0081
1.8360E+00 1.21653E-03 0.0088

Energy Bin   Relative Error
6.0327E-02 23.3145313336
8.8348E-02 5.43275816645
1.2213E-01 4.18300707517
1.5936E-01 3.82644912443
3.9236E-01 2.34250207066
5.1404E-01 1.71263753128
6.6221E-01 1.95493310116
8.9828E-01 1.81134154398
1.1731E+00 1.70154788482
1.3332E+00 1.61197031083
1.8360E+00 1.59720324509

Chi Squared Value
605949.4778903287
Average Error
4.49898921705