Energy Bin  Efficiency  Uncertainity
6.0327E-02 7.54893E-03 0.0051
8.8348E-02 8.19207E-03 0.0049
1.2213E-01 8.16820E-03 0.0048
1.5936E-01 7.55353E-03 0.0049
3.9236E-01 4.04913E-03 0.0058
5.1404E-01 3.26333E-03 0.0062
6.6221E-01 2.71253E-03 0.0065
8.9828E-01 2.19153E-03 0.0070
1.1731E+00 1.83053E-03 0.0075
1.3332E+00 1.68860E-03 0.0077
1.8360E+00 1.34347E-03 0.0084

Energy Bin   Relative Error
6.0327E-02 24.1347047655
8.8348E-02 5.69930514657
1.2213E-01 4.43459024007
1.5936E-01 4.09575715054
3.9236E-01 2.62828411596
5.1404E-01 1.94956398606
6.6221E-01 2.21497261871
8.9828E-01 2.09874379933
1.1731E+00 1.98171540437
1.3332E+00 1.89079526972
1.8360E+00 1.86821093083

Chi Squared Value
658091.3076695806
Average Error
4.81787667524