Energy Bin  Efficiency  Uncertainity
6.0327E-02 7.55100E-03 0.0051
8.8348E-02 8.20000E-03 0.0049
1.2213E-01 8.18827E-03 0.0048
1.5936E-01 7.58387E-03 0.0049
3.9236E-01 4.08140E-03 0.0058
5.1404E-01 3.29427E-03 0.0062
6.6221E-01 2.74313E-03 0.0065
8.9828E-01 2.21713E-03 0.0070
1.1731E+00 1.85407E-03 0.0074
1.3332E+00 1.71280E-03 0.0077
1.8360E+00 1.35887E-03 0.0084

Energy Bin   Relative Error
6.0327E-02 24.1415969792
8.8348E-02 5.7057901363
1.2213E-01 4.44794351571
1.5936E-01 4.11622510022
3.9236E-01 2.65720013704
5.1404E-01 1.97752913507
6.6221E-01 2.25124066446
8.9828E-01 2.13494126925
1.1731E+00 2.0200592614
1.3332E+00 1.93222440955
1.8360E+00 1.90108881298

Chi Squared Value
659811.3898580435
Average Error
4.84416722011