Energy Bin  Efficiency  Uncertainity
6.0327E-02 7.57873E-03 0.0051
8.8348E-02 8.21553E-03 0.0048
1.2213E-01 8.16453E-03 0.0048
1.5936E-01 7.54107E-03 0.0049
3.9236E-01 4.00993E-03 0.0058
5.1404E-01 3.23367E-03 0.0062
6.6221E-01 2.68453E-03 0.0066
8.9828E-01 2.16200E-03 0.0070
1.1731E+00 1.80247E-03 0.0075
1.3332E+00 1.66307E-03 0.0078
1.8360E+00 1.32207E-03 0.0085

Energy Bin   Relative Error
6.0327E-02 24.2339260064
8.8348E-02 5.7184902486
1.2213E-01 4.43214846021
1.5936E-01 4.08735139402
3.9236E-01 2.59315836368
5.1404E-01 1.92275576629
6.6221E-01 2.18178617162
8.9828E-01 2.05698945218
1.1731E+00 1.93600900554
1.3332E+00 1.84708923914
1.8360E+00 1.8225234842

Chi Squared Value
661665.4985274016
Average Error
4.80292978108