Energy Bin  Efficiency  Uncertainity
6.0327E-02 7.50107E-03 0.0051
8.8348E-02 8.10920E-03 0.0049
1.2213E-01 8.05153E-03 0.0048
1.5936E-01 7.42180E-03 0.0049
3.9236E-01 3.92320E-03 0.0058
5.1404E-01 3.15573E-03 0.0063
6.6221E-01 2.62493E-03 0.0066
8.9828E-01 2.10833E-03 0.0071
1.1731E+00 1.75687E-03 0.0076
1.3332E+00 1.61920E-03 0.0079
1.8360E+00 1.28920E-03 0.0086

Energy Bin   Relative Error
6.0327E-02 23.9753514571
8.8348E-02 5.63153577723
1.2213E-01 4.35696559286
1.5936E-01 4.00688954964
3.9236E-01 2.51544263675
5.1404E-01 1.85230962168
6.6221E-01 2.11114644853
8.9828E-01 1.98110202207
1.1731E+00 1.86173203524
1.3332E+00 1.77198608358
1.8360E+00 1.75234842015

Chi Squared Value
645307.7476574921
Average Error
4.71061905862