Energy Bin  Efficiency  Uncertainity
6.0327E-02 1.41811E-02 0.0037
8.8348E-02 1.52171E-02 0.0036
1.2213E-01 1.51207E-02 0.0035
1.5936E-01 1.43403E-02 0.0035
3.9236E-01 8.96753E-03 0.0040
5.1404E-01 7.54620E-03 0.0042
6.6221E-01 6.51593E-03 0.0044
8.9828E-01 5.46360E-03 0.0046
1.1731E+00 4.68160E-03 0.0049
1.3332E+00 4.32220E-03 0.0050
1.8360E+00 3.59373E-03 0.0054

Energy Bin   Relative Error
6.0327E-02 46.2169912491
8.8348E-02 11.4442291565
1.2213E-01 9.06033258771
1.5936E-01 8.67424320363
3.9236E-01 7.03549074947
5.1404E-01 5.82064019011
6.6221E-01 6.72287736373
8.9828E-01 6.72533190146
1.1731E+00 6.62576895057
1.3332E+00 6.39938133055
1.8360E+00 6.67235269001

Chi Squared Value
2644676.5170732792
Average Error
11.0361490339