Energy Bin  Efficiency  Uncertainity
6.0327E-02 7.54820E-03 0.0051
8.8348E-02 8.18753E-03 0.0049
1.2213E-01 8.15560E-03 0.0048
1.5936E-01 7.53567E-03 0.0049
3.9236E-01 4.02873E-03 0.0058
5.1404E-01 3.24607E-03 0.0062
6.6221E-01 2.69860E-03 0.0065
8.9828E-01 2.17953E-03 0.0070
1.1731E+00 1.81873E-03 0.0075
1.3332E+00 1.67880E-03 0.0078
1.8360E+00 1.33493E-03 0.0085

Energy Bin   Relative Error
6.0327E-02 24.132274178
8.8348E-02 5.69559242862
1.2213E-01 4.42620701769
1.5936E-01 4.08370844978
3.9236E-01 2.61000438773
5.1404E-01 1.93396351832
6.6221E-01 2.19846236128
8.9828E-01 2.0817762353
1.1731E+00 1.96249460942
1.3332E+00 1.87401818003
1.8360E+00 1.84997865073

Chi Squared Value
657244.6397545732
Average Error
4.80440727427