Energy Bin  Efficiency  Uncertainity
6.0327E-02 1.27001E-02 0.0039
8.8348E-02 1.35489E-02 0.0038
1.2213E-01 1.34215E-02 0.0037
1.5936E-01 1.26858E-02 0.0038
3.9236E-01 7.71993E-03 0.0043
5.1404E-01 6.43993E-03 0.0045
6.6221E-01 5.52800E-03 0.0047
8.9828E-01 4.58967E-03 0.0050
1.1731E+00 3.92793E-03 0.0053
1.3332E+00 3.61747E-03 0.0054
1.8360E+00 2.98693E-03 0.0058

Energy Bin   Relative Error
6.0327E-02 41.285895351
8.8348E-02 10.0800097534
1.2213E-01 7.92979516993
1.5936E-01 7.55808556534
3.9236E-01 5.91755991913
5.1404E-01 4.82073697748
6.6221E-01 5.55195283969
8.9828E-01 5.48962663229
1.1731E+00 5.39813026188
1.3332E+00 5.19292026788
1.8360E+00 5.37687873612

Chi Squared Value
2063033.7877123985
Average Error
9.50923558856