Energy Bin  Efficiency  Uncertainity
6.0327E-02 7.55247E-03 0.0051
8.8348E-02 8.20487E-03 0.0049
1.2213E-01 8.20220E-03 0.0048
1.5936E-01 7.60267E-03 0.0049
3.9236E-01 4.10760E-03 0.0057
5.1404E-01 3.31720E-03 0.0061
6.6221E-01 2.76893E-03 0.0065
8.9828E-01 2.23827E-03 0.0069
1.1731E+00 1.87300E-03 0.0074
1.3332E+00 1.73267E-03 0.0077
1.8360E+00 1.37447E-03 0.0083

Energy Bin   Relative Error
6.0327E-02 24.1464914498
8.8348E-02 5.70977272142
1.2213E-01 4.45721163378
1.5936E-01 4.12890794314
3.9236E-01 2.6806770429
5.1404E-01 1.99825443781
6.6221E-01 2.28181960499
8.9828E-01 2.16483246121
1.1731E+00 2.05089397736
1.3332E+00 1.96624081486
1.8360E+00 1.93439368061

Chi Squared Value
661156.311919895
Average Error
4.86540870617