Energy Bin  Efficiency  Uncertainity
6.0327E-02 7.18267E-03 0.0052
8.8348E-02 7.72287E-03 0.0050
1.2213E-01 7.63387E-03 0.0049
1.5936E-01 7.00033E-03 0.0050
3.9236E-01 3.62640E-03 0.0061
5.1404E-01 2.91767E-03 0.0065
6.6221E-01 2.42040E-03 0.0069
8.9828E-01 1.93060E-03 0.0074
1.1731E+00 1.61047E-03 0.0079
1.3332E+00 1.48360E-03 0.0082
1.8360E+00 1.17940E-03 0.0089

Energy Bin   Relative Error
6.0327E-02 22.9152157826
8.8348E-02 5.31560310609
1.2213E-01 4.0790817311
1.5936E-01 3.72255775163
3.9236E-01 2.24949051231
5.1404E-01 1.63713885975
6.6221E-01 1.86873130484
8.9828E-01 1.7297982592
1.1731E+00 1.62326386744
1.3332E+00 1.53984594466
1.8360E+00 1.51793339026

Chi Squared Value
583302.0364938835
Average Error
4.38169640999