Energy Bin  Efficiency  Uncertainity
6.0327E-02 1.34243E-02 0.0038
8.8348E-02 1.43811E-02 0.0037
1.2213E-01 1.42525E-02 0.0036
1.5936E-01 1.34971E-02 0.0037
3.9236E-01 8.33207E-03 0.0041
5.1404E-01 6.97413E-03 0.0044
6.6221E-01 6.01593E-03 0.0046
8.9828E-01 5.02187E-03 0.0048
1.1731E+00 4.29513E-03 0.0051
1.3332E+00 3.94827E-03 0.0052
1.8360E+00 3.28493E-03 0.0056

Energy Bin   Relative Error
6.0327E-02 43.697171279
8.8348E-02 10.7605656743
1.2213E-01 8.48268864579
1.5936E-01 8.10540420659
3.9236E-01 6.46607721513
5.1404E-01 5.30357416568
6.6221E-01 6.13026223713
8.9828E-01 6.10074172999
1.1731E+00 5.99625533849
1.3332E+00 5.75923264217
1.8360E+00 6.01308710504

Chi Squared Value
2338179.427680176
Average Error
10.2559145672