Energy Bin  Efficiency  Uncertainity
8.8348E-02 1.30697E-02 0.0038
1.2213E-01 1.23443E-02 0.0039
1.5936E-01 1.11367E-02 0.0040
3.9236E-01 6.45513E-03 0.0047
5.1404E-01 5.45340E-03 0.0049
6.6221E-01 4.69833E-03 0.0052
8.9828E-01 3.90473E-03 0.0055
1.1731E+00 3.38960E-03 0.0058
1.3332E+00 3.17127E-03 0.0059
1.8360E+00 2.62693E-03 0.0063

Energy Bin   Relative Error
8.8348E-02 0.838735167838
1.2213E-01 0.446246094162
1.5936E-01 0.296984692366
3.9236E-01 0.105508941533
5.1404E-01 0.0619054592778
6.6221E-01 0.0654849640084
8.9828E-01 0.213969228441
1.1731E+00 0.226192796352
1.3332E+00 0.216146255437
1.8360E+00 0.246520068405

Chi Squared Value
0.09719429511667549
Average Error
0.271769366782