Energy Bin  Efficiency  Uncertainity
8.8348E-02 1.82751E-02 0.0032
1.2213E-01 1.68462E-02 0.0033
1.5936E-01 1.50064E-02 0.0034
3.9236E-01 8.36400E-03 0.0041
5.1404E-01 7.03707E-03 0.0043
6.6221E-01 6.04427E-03 0.0045
8.9828E-01 5.03507E-03 0.0048
1.1731E+00 4.34893E-03 0.0051
1.3332E+00 4.04887E-03 0.0052
1.8360E+00 3.38367E-03 0.0055

Energy Bin   Relative Error
8.8348E-02 1.57106659416
1.2213E-01 0.973684287605
1.5936E-01 0.747651556342
3.9236E-01 0.432423016575
5.1404E-01 0.370283318722
6.6221E-01 0.370716574486
8.9828E-01 0.565388655054
1.1731E+00 0.573231837928
1.3332E+00 0.552695951228
1.8360E+00 0.605605234954

Chi Squared Value
0.4361295898440365
Average Error
0.676274702706