Energy Bin  Efficiency  Uncertainity
8.8348E-02 1.29995E-02 0.0038
1.2213E-01 1.22795E-02 0.0039
1.5936E-01 1.10774E-02 0.0040
3.9236E-01 6.30780E-03 0.0047
5.1404E-01 5.27933E-03 0.0050
6.6221E-01 4.50580E-03 0.0052
8.9828E-01 3.70173E-03 0.0056
1.1731E+00 3.18320E-03 0.0059
1.3332E+00 2.97973E-03 0.0060
1.8360E+00 2.43293E-03 0.0065

Energy Bin   Relative Error
8.8348E-02 0.828858949655
1.2213E-01 0.438654189648
1.5936E-01 0.290078589817
3.9236E-01 0.0802771286409
5.1404E-01 0.0280099292788
6.6221E-01 0.0218231054075
8.9828E-01 0.150857117393
1.1731E+00 0.151527292114
1.3332E+00 0.142692827074
1.8360E+00 0.154463982681

Chi Squared Value
0.09038313744883142
Average Error
0.228724311171