Energy Bin  Efficiency  Uncertainity
8.8348E-02 1.90250E-02 0.0031
1.2213E-01 1.74708E-02 0.0032
1.5936E-01 1.55293E-02 0.0033
3.9236E-01 8.61467E-03 0.0040
5.1404E-01 7.23920E-03 0.0042
6.6221E-01 6.21393E-03 0.0044
8.9828E-01 5.18260E-03 0.0047
1.1731E+00 4.47613E-03 0.0050
1.3332E+00 4.18167E-03 0.0051
1.8360E+00 3.47007E-03 0.0055

Energy Bin   Relative Error
8.8348E-02 1.676567677
1.2213E-01 1.04686181168
1.5936E-01 0.808548706812
3.9236E-01 0.475352891942
5.1404E-01 0.4096427918
6.6221E-01 0.409191985748
8.9828E-01 0.611255304034
1.1731E+00 0.619246625424
1.3332E+00 0.603623252506
1.8360E+00 0.646603409215

Chi Squared Value
0.5035181416456521
Average Error
0.730689445616