Energy Bin  Efficiency  Uncertainity
8.8348E-02 1.19897E-02 0.0040
1.2213E-01 1.13567E-02 0.0040
1.5936E-01 1.02893E-02 0.0041
3.9236E-01 5.87233E-03 0.0049
5.1404E-01 4.92727E-03 0.0052
6.6221E-01 4.20880E-03 0.0054
8.9828E-01 3.46000E-03 0.0058
1.1731E+00 2.97993E-03 0.0061
1.3332E+00 2.79247E-03 0.0062
1.8360E+00 2.27873E-03 0.0067

Energy Bin   Relative Error
8.8348E-02 0.686793349643
1.2213E-01 0.330539845724
1.5936E-01 0.198296137559
3.9236E-01 0.00569830857541
5.1404E-01 0.0405444470723
6.6221E-01 0.0455304083539
8.9828E-01 0.0757039617099
1.1731E+00 0.077994069989
1.3332E+00 0.0708807304079
1.8360E+00 0.0812936300075

Chi Squared Value
0.056435607274886807
Average Error
0.161327488904