Energy Bin  Efficiency  Uncertainity
8.8348E-02 1.19897E-02 0.0040
1.2213E-01 1.13567E-02 0.0040
1.5936E-01 1.02893E-02 0.0041
3.9236E-01 5.87233E-03 0.0049
5.1404E-01 4.92740E-03 0.0052
6.6221E-01 4.20887E-03 0.0054
8.9828E-01 3.45987E-03 0.0058
1.1731E+00 2.97980E-03 0.0061
1.3332E+00 2.79240E-03 0.0062
1.8360E+00 2.27867E-03 0.0067

Energy Bin   Relative Error
8.8348E-02 0.686793349643
1.2213E-01 0.330539845724
1.5936E-01 0.198296137559
3.9236E-01 0.00569830857541
5.1404E-01 0.0405191330096
6.6221E-01 0.0455145337884
8.9828E-01 0.0756635450871
1.1731E+00 0.0779470422973
1.3332E+00 0.0708538861979
1.8360E+00 0.0812651590532

Chi Squared Value
0.05643468883709864
Average Error
0.161309094094