Energy Bin  Efficiency  Uncertainity
8.8348E-02 1.30697E-02 0.0038
1.2213E-01 1.23448E-02 0.0039
1.5936E-01 1.11377E-02 0.0040
3.9236E-01 6.40887E-03 0.0047
5.1404E-01 5.39933E-03 0.0050
6.6221E-01 4.62320E-03 0.0052
8.9828E-01 3.82480E-03 0.0055
1.1731E+00 3.30640E-03 0.0058
1.3332E+00 3.09513E-03 0.0060
1.8360E+00 2.54120E-03 0.0064

Energy Bin   Relative Error
8.8348E-02 0.838735167838
1.2213E-01 0.446304673672
1.5936E-01 0.29710115278
3.9236E-01 0.0975864297272
5.1404E-01 0.0513767564166
6.6221E-01 0.0484470196013
8.9828E-01 0.189119223338
1.1731E+00 0.196095073714
1.3332E+00 0.18694742472
1.8360E+00 0.205839819801

Chi Squared Value
0.09527591167579691
Average Error
0.255755274161