Energy Bin  Efficiency  Uncertainity
8.8348E-02 1.11459E-02 0.0041
1.2213E-01 1.06797E-02 0.0042
1.5936E-01 9.73193E-03 0.0043
3.9236E-01 5.66047E-03 0.0050
5.1404E-01 4.77080E-03 0.0052
6.6221E-01 4.07420E-03 0.0055
8.9828E-01 3.36700E-03 0.0058
1.1731E+00 2.91613E-03 0.0061
1.3332E+00 2.72700E-03 0.0063
1.8360E+00 2.23720E-03 0.0067

Energy Bin   Relative Error
8.8348E-02 0.568081769834
1.2213E-01 0.251223188988
1.5936E-01 0.13338459662
3.9236E-01 0.0305849458832
5.1404E-01 0.0710128424244
6.6221E-01 0.0760549300788
8.9828E-01 0.0467905315252
1.1731E+00 0.0549143259462
1.3332E+00 0.0457737242737
1.8360E+00 0.06158698444

Chi Squared Value
0.036852380133674714
Average Error
0.133940784001