Energy Bin  Efficiency  Uncertainity
8.8348E-02 1.30697E-02 0.0038
1.2213E-01 1.23445E-02 0.0039
1.5936E-01 1.11373E-02 0.0040
3.9236E-01 6.41620E-03 0.0047
5.1404E-01 5.40680E-03 0.0050
6.6221E-01 4.63293E-03 0.0052
8.9828E-01 3.83500E-03 0.0055
1.1731E+00 3.31787E-03 0.0058
1.3332E+00 3.10660E-03 0.0060
1.8360E+00 2.55053E-03 0.0064

Energy Bin   Relative Error
8.8348E-02 0.838735167838
1.2213E-01 0.446269525966
1.5936E-01 0.297054568614
3.9236E-01 0.0988417693627
5.1404E-01 0.052831341406
6.6221E-01 0.0506535842104
8.9828E-01 0.192290373745
1.1731E+00 0.200244363121
1.3332E+00 0.191346040274
1.8360E+00 0.210267053202

Chi Squared Value
0.09550792881878935
Average Error
0.257853378774