Energy Bin  Efficiency  Uncertainity
8.8348E-02 1.30705E-02 0.0038
1.2213E-01 1.23445E-02 0.0039
1.5936E-01 1.11367E-02 0.0040
3.9236E-01 6.35993E-03 0.0047
5.1404E-01 5.33647E-03 0.0050
6.6221E-01 4.56060E-03 0.0052
8.9828E-01 3.75127E-03 0.0056
1.1731E+00 3.23380E-03 0.0059
1.3332E+00 3.02420E-03 0.0060
1.8360E+00 2.47280E-03 0.0064

Energy Bin   Relative Error
8.8348E-02 0.838847717333
1.2213E-01 0.446269525966
1.5936E-01 0.296984692366
3.9236E-01 0.0892049397187
5.1404E-01 0.0391364334676
6.6221E-01 0.0342506224247
8.9828E-01 0.166258959666
1.1731E+00 0.169831916699
1.3332E+00 0.159746570205
1.8360E+00 0.173382931845

Chi Squared Value
0.09380285177782882
Average Error
0.241391430969