Energy Bin  Efficiency  Uncertainity
8.8348E-02 1.26905E-02 0.0039
1.2213E-01 1.19246E-02 0.0039
1.5936E-01 1.07384E-02 0.0040
3.9236E-01 6.05220E-03 0.0048
5.1404E-01 5.06653E-03 0.0051
6.6221E-01 4.31427E-03 0.0054
8.9828E-01 3.53193E-03 0.0057
1.1731E+00 3.03540E-03 0.0060
1.3332E+00 2.83980E-03 0.0062
1.8360E+00 2.31040E-03 0.0066

Energy Bin   Relative Error
8.8348E-02 0.785386707227
1.2213E-01 0.397074453347
1.5936E-01 0.250598509478
3.9236E-01 0.0365029388948
5.1404E-01 0.0134272441789
6.6221E-01 0.0216119736859
8.9828E-01 0.0980667900237
1.1731E+00 0.0980604242531
1.3332E+00 0.0890312512623
1.8360E+00 0.096321548744

Chi Squared Value
0.07653520459901418
Average Error
0.188608184109