Energy Bin  Efficiency  Uncertainity
8.8348E-02 1.77330E-02 0.0033
1.2213E-01 1.63920E-02 0.0033
1.5936E-01 1.46283E-02 0.0034
3.9236E-01 8.18373E-03 0.0041
5.1404E-01 6.88573E-03 0.0044
6.6221E-01 5.91047E-03 0.0046
8.9828E-01 4.92667E-03 0.0049
1.1731E+00 4.25213E-03 0.0051
1.3332E+00 3.97067E-03 0.0052
1.8360E+00 3.31353E-03 0.0056

Energy Bin   Relative Error
8.8348E-02 1.49480024264
1.2213E-01 0.920470660589
1.5936E-01 0.703617873816
3.9236E-01 0.401549882046
5.1404E-01 0.34081385523
6.6221E-01 0.340373476368
8.9828E-01 0.531687409548
1.1731E+00 0.538214295243
1.3332E+00 0.522707133759
1.8360E+00 0.572322689322

Chi Squared Value
0.3903209630311687
Average Error
0.636655751856