Energy Bin  Efficiency  Uncertainity
8.8348E-02 1.30701E-02 0.0038
1.2213E-01 1.23443E-02 0.0039
1.5936E-01 1.11368E-02 0.0040
3.9236E-01 6.44587E-03 0.0047
5.1404E-01 5.44453E-03 0.0050
6.6221E-01 4.67807E-03 0.0052
8.9828E-01 3.88660E-03 0.0055
1.1731E+00 3.36840E-03 0.0058
1.3332E+00 3.15780E-03 0.0059
1.8360E+00 2.60840E-03 0.0063

Energy Bin   Relative Error
8.8348E-02 0.838791442585
1.2213E-01 0.446246094162
1.5936E-01 0.296996338407
3.9236E-01 0.103923069088
5.1404E-01 0.0601782613052
6.6221E-01 0.0608904111841
8.9828E-01 0.208332664041
1.1731E+00 0.218523665103
1.3332E+00 0.210980662454
1.8360E+00 0.23772728867

Chi Squared Value
0.09675433905933668
Average Error
0.2682589897