Energy Bin  Efficiency  Uncertainity
8.8348E-02 1.37169E-02 0.0037
1.2213E-01 1.29355E-02 0.0038
1.5936E-01 1.16717E-02 0.0039
3.9236E-01 6.67407E-03 0.0046
5.1404E-01 5.60647E-03 0.0048
6.6221E-01 4.79507E-03 0.0051
8.9828E-01 3.94033E-03 0.0054
1.1731E+00 3.38773E-03 0.0057
1.3332E+00 3.17900E-03 0.0058
1.8360E+00 2.60193E-03 0.0062

Energy Bin   Relative Error
8.8348E-02 0.92978770926
1.2213E-01 0.515510506958
1.5936E-01 0.359291013845
3.9236E-01 0.143004720497
5.1404E-01 0.0917117945277
6.6221E-01 0.087423613575
8.9828E-01 0.225037165157
1.1731E+00 0.225516321096
1.3332E+00 0.2191106232
1.8360E+00 0.23465717076

Chi Squared Value
0.12315174948928677
Average Error
0.303105063887