Energy Bin  Efficiency  Uncertainity
8.8348E-02 1.31421E-02 0.0038
1.2213E-01 1.24133E-02 0.0038
1.5936E-01 1.11947E-02 0.0040
3.9236E-01 6.37800E-03 0.0047
5.1404E-01 5.34800E-03 0.0050
6.6221E-01 4.56140E-03 0.0052
8.9828E-01 3.74640E-03 0.0056
1.1731E+00 3.22620E-03 0.0058
1.3332E+00 3.02567E-03 0.0060
1.8360E+00 2.46353E-03 0.0064

Energy Bin   Relative Error
8.8348E-02 0.848920897132
1.2213E-01 0.454330066562
1.5936E-01 0.303739396376
3.9236E-01 0.092299617374
5.1404E-01 0.0413815961084
6.6221E-01 0.0344320460308
8.9828E-01 0.164744890795
1.1731E+00 0.167082605497
1.3332E+00 0.160310298615
1.8360E+00 0.168984169398

Chi Squared Value
0.09638326925446036
Average Error
0.243622558389