Energy Bin  Efficiency  Uncertainity
6.0327E-02 1.52302E-02 0.0036
8.8348E-02 1.63805E-02 0.0034
1.2213E-01 1.62675E-02 0.0034
1.5936E-01 1.54759E-02 0.0034
3.9236E-01 9.78033E-03 0.0038
5.1404E-01 8.28473E-03 0.0040
6.6221E-01 7.14807E-03 0.0042
8.9828E-01 6.02260E-03 0.0044
1.1731E+00 5.16700E-03 0.0047
1.3332E+00 4.81467E-03 0.0048
1.8360E+00 3.97007E-03 0.0051

Energy Bin   Relative Error
6.0327E-02 49.7100450685
8.8348E-02 12.3956335765
1.2213E-01 9.8233388911
1.5936E-01 9.44034088513
3.9236E-01 7.7638124703
5.1404E-01 6.48816124701
6.6221E-01 7.47210881599
8.9828E-01 7.51573759238
1.1731E+00 7.41642775282
1.3332E+00 7.24246432622
1.8360E+00 7.47581127242

Chi Squared Value
3093514.5240035434
Average Error
12.0676256271