Energy Bin  Efficiency  Uncertainity
6.0327E-02 1.00091E-02 0.0044
8.8348E-02 1.06105E-02 0.0043
1.2213E-01 1.04791E-02 0.0042
1.5936E-01 9.80267E-03 0.0043
3.9236E-01 5.57413E-03 0.0050
5.1404E-01 4.56793E-03 0.0053
6.6221E-01 3.83560E-03 0.0056
8.9828E-01 3.14480E-03 0.0060
1.1731E+00 2.64933E-03 0.0063
1.3332E+00 2.42787E-03 0.0066
1.8360E+00 1.97427E-03 0.0071

Energy Bin   Relative Error
6.0327E-02 32.3260175241
8.8348E-02 7.67704710259
1.2213E-01 5.97211314423
1.5936E-01 5.6130704117
3.9236E-01 3.99478340762
5.1404E-01 3.12872796157
6.6221E-01 3.54606915917
8.9828E-01 3.44663294599
1.1731E+00 3.31544310787
1.3332E+00 3.15638701379
1.8360E+00 3.21492314261

Chi Squared Value
1209839.0507179645
Average Error
6.85374681102