Energy Bin  Efficiency  Uncertainity
6.0327E-02 1.52227E-02 0.0036
8.8348E-02 1.64785E-02 0.0034
1.2213E-01 1.64597E-02 0.0034
1.5936E-01 1.58077E-02 0.0034
3.9236E-01 1.02929E-02 0.0038
5.1404E-01 8.75940E-03 0.0039
6.6221E-01 7.60740E-03 0.0041
8.9828E-01 6.43287E-03 0.0043
1.1731E+00 5.53647E-03 0.0045
1.3332E+00 5.16300E-03 0.0046
1.8360E+00 4.27560E-03 0.0050

Energy Bin   Relative Error
6.0327E-02 49.6850732797
8.8348E-02 12.4757759465
1.2213E-01 9.95121629911
1.5936E-01 9.66417957017
3.9236E-01 8.22310856337
5.1404E-01 6.91719218696
6.6221E-01 8.01652062819
8.9828E-01 8.09584446682
1.1731E+00 8.01825038913
1.3332E+00 7.83878714767
1.8360E+00 8.12809564475

Chi Squared Value
3160957.757967249
Average Error
12.4558221929