Energy Bin  Efficiency  Uncertainity
6.0327E-02 1.50667E-02 0.0036
8.8348E-02 1.62588E-02 0.0034
1.2213E-01 1.61569E-02 0.0034
1.5936E-01 1.53739E-02 0.0034
3.9236E-01 9.68207E-03 0.0039
5.1404E-01 8.18840E-03 0.0040
6.6221E-01 7.05827E-03 0.0042
8.9828E-01 5.94173E-03 0.0045
1.1731E+00 5.09073E-03 0.0047
1.3332E+00 4.73960E-03 0.0048
1.8360E+00 3.91400E-03 0.0051

Energy Bin   Relative Error
6.0327E-02 49.1656600724
8.8348E-02 12.2961098376
1.2213E-01 9.74975282801
1.5936E-01 9.37152971614
3.9236E-01 7.67576511266
5.1404E-01 6.40109328307
6.6221E-01 7.36567513925
8.9828E-01 7.40139035048
1.1731E+00 7.29219300447
1.3332E+00 7.11394839533
1.8360E+00 7.3561058924

Chi Squared Value
3025196.517676854
Average Error
11.9262930574