Energy Bin  Efficiency  Uncertainity
6.0327E-02 9.24827E-03 0.0046
8.8348E-02 9.80240E-03 0.0044
1.2213E-01 9.66880E-03 0.0044
1.5936E-01 8.97613E-03 0.0045
3.9236E-01 4.99840E-03 0.0052
5.1404E-01 4.04880E-03 0.0056
6.6221E-01 3.39180E-03 0.0059
8.9828E-01 2.75660E-03 0.0063
1.1731E+00 2.31087E-03 0.0067
1.3332E+00 2.12800E-03 0.0070
1.8360E+00 1.70760E-03 0.0075

Energy Bin   Relative Error
6.0327E-02 29.7927793795
8.8348E-02 7.01619966245
1.2213E-01 5.43299210513
1.5936E-01 5.05547057226
3.9236E-01 3.47889184225
5.1404E-01 2.65951180749
6.6221E-01 3.0200639728
8.9828E-01 2.89773224972
1.1731E+00 2.76413206912
1.3332E+00 2.64302518889
1.8360E+00 2.64560204953

Chi Squared Value
1013589.2927230529
Average Error
6.1278546272