Energy Bin  Efficiency  Uncertainity
6.0327E-02 1.34439E-02 0.0038
8.8348E-02 1.44047E-02 0.0037
1.2213E-01 1.42767E-02 0.0036
1.5936E-01 1.35239E-02 0.0036
3.9236E-01 8.35460E-03 0.0041
5.1404E-01 6.99160E-03 0.0044
6.6221E-01 6.03253E-03 0.0045
8.9828E-01 5.03413E-03 0.0048
1.1731E+00 4.30540E-03 0.0051
1.3332E+00 3.96073E-03 0.0052
1.8360E+00 3.29487E-03 0.0056

Energy Bin   Relative Error
6.0327E-02 43.7624308871
8.8348E-02 10.7798652654
1.2213E-01 8.49878975544
1.5936E-01 8.12348400393
3.9236E-01 6.48626556204
5.1404E-01 5.31936444213
6.6221E-01 6.14993705934
8.9828E-01 6.11807692457
1.1731E+00 6.01298394561
1.3332E+00 5.78056351334
1.8360E+00 6.03430828352

Chi Squared Value
2346257.856194579
Average Error
10.2787336039