Energy Bin  Efficiency  Uncertainity
6.0327E-02 9.50287E-03 0.0045
8.8348E-02 1.00641E-02 0.0044
1.2213E-01 9.94327E-03 0.0043
1.5936E-01 9.24707E-03 0.0044
3.9236E-01 5.18467E-03 0.0052
5.1404E-01 4.20780E-03 0.0055
6.6221E-01 3.53467E-03 0.0058
8.9828E-01 2.88487E-03 0.0062
1.1731E+00 2.42487E-03 0.0066
1.3332E+00 2.22667E-03 0.0068
1.8360E+00 1.79553E-03 0.0074

Energy Bin   Relative Error
6.0327E-02 30.6404883705
8.8348E-02 7.23021250131
1.2213E-01 5.61560663259
1.5936E-01 5.23825192646
3.9236E-01 3.64580189016
5.1404E-01 2.80322411173
6.6221E-01 3.18939781908
8.9828E-01 3.07910136953
1.1731E+00 2.94982449487
1.3332E+00 2.81194309086
1.8360E+00 2.83332621691

Chi Squared Value
1076887.9627010457
Average Error
6.36701622036