Energy Bin  Efficiency  Uncertainity
6.0327E-02 1.48693E-02 0.0036
8.8348E-02 1.59898E-02 0.0035
1.2213E-01 1.58083E-02 0.0034
1.5936E-01 1.49377E-02 0.0035
3.9236E-01 9.25280E-03 0.0039
5.1404E-01 7.79353E-03 0.0041
6.6221E-01 6.74280E-03 0.0043
8.9828E-01 5.65560E-03 0.0046
1.1731E+00 4.83273E-03 0.0048
1.3332E+00 4.50900E-03 0.0049
1.8360E+00 3.69607E-03 0.0053

Energy Bin   Relative Error
6.0327E-02 48.5084025907
8.8348E-02 12.0761272099
1.2213E-01 9.51781700889
1.5936E-01 9.07726077578
3.9236E-01 7.2911112432
5.1404E-01 6.04418965053
6.6221E-01 6.99177055128
8.9828E-01 6.99681292589
1.1731E+00 6.87194172516
1.3332E+00 6.71917320334
1.8360E+00 6.8908411614

Chi Squared Value
2907849.2190052285
Average Error
11.5441316406