Energy Bin  Efficiency  Uncertainity
6.0327E-02 1.50574E-02 0.0036
8.8348E-02 1.62454E-02 0.0034
1.2213E-01 1.61519E-02 0.0034
1.5936E-01 1.53778E-02 0.0034
3.9236E-01 9.72913E-03 0.0038
5.1404E-01 8.24360E-03 0.0040
6.6221E-01 7.11833E-03 0.0042
8.9828E-01 6.00100E-03 0.0045
1.1731E+00 5.14680E-03 0.0047
1.3332E+00 4.79720E-03 0.0048
1.8360E+00 3.96060E-03 0.0051

Energy Bin   Relative Error
6.0327E-02 49.1346950542
8.8348E-02 12.2851515952
1.2213E-01 9.74642615246
1.5936E-01 9.37416073142
3.9236E-01 7.7179339367
5.1404E-01 6.45098585662
6.6221E-01 7.43686006826
8.9828E-01 7.48519597713
1.1731E+00 7.38352435808
1.3332E+00 7.21255659593
1.8360E+00 7.45559350982

Chi Squared Value
3030107.291575289
Average Error
11.9711894396