Energy Bin  Efficiency  Uncertainity
6.0327E-02 1.50659E-02 0.0036
8.8348E-02 1.62590E-02 0.0034
1.2213E-01 1.61599E-02 0.0034
1.5936E-01 1.53811E-02 0.0034
3.9236E-01 9.70560E-03 0.0038
5.1404E-01 8.21600E-03 0.0040
6.6221E-01 7.08660E-03 0.0042
8.9828E-01 5.96673E-03 0.0045
1.1731E+00 5.11473E-03 0.0047
1.3332E+00 4.76280E-03 0.0048
1.8360E+00 3.93420E-03 0.0051

Energy Bin   Relative Error
6.0327E-02 49.1629964149
8.8348E-02 12.2962733934
1.2213E-01 9.75174883333
1.5936E-01 9.37638697513
3.9236E-01 7.69684952468
5.1404E-01 6.42603956984
6.6221E-01 7.39925271233
8.9828E-01 7.4367394422
1.1731E+00 7.33128614673
1.3332E+00 7.15366558724
1.8360E+00 7.39923142613

Chi Squared Value
3028643.9012075556
Average Error
11.9482245478