Energy Bin  Efficiency  Uncertainity
6.0327E-02 1.36815E-02 0.0038
8.8348E-02 1.51849E-02 0.0036
1.2213E-01 1.52813E-02 0.0035
1.5936E-01 1.46281E-02 0.0035
3.9236E-01 9.39247E-03 0.0039
5.1404E-01 7.99767E-03 0.0041
6.6221E-01 6.93113E-03 0.0043
8.9828E-01 5.86367E-03 0.0045
1.1731E+00 5.04460E-03 0.0047
1.3332E+00 4.71093E-03 0.0048
1.8360E+00 3.89513E-03 0.0052

Energy Bin   Relative Error
6.0327E-02 44.5535371568
8.8348E-02 11.4178966635
1.2213E-01 9.16718540627
1.5936E-01 8.86839863929
3.9236E-01 7.41626465701
5.1404E-01 6.22870178755
6.6221E-01 7.21498496486
8.9828E-01 7.29101634648
1.1731E+00 7.21705272728
1.3332E+00 7.06486684826
1.8360E+00 7.31581981213

Chi Squared Value
2557876.7202862217
Average Error
11.2505204554