Energy Bin  Efficiency  Uncertainity
6.0327E-02 1.50668E-02 0.0036
8.8348E-02 1.62606E-02 0.0034
1.2213E-01 1.61674E-02 0.0034
1.5936E-01 1.54013E-02 0.0034
3.9236E-01 9.77533E-03 0.0038
5.1404E-01 8.28987E-03 0.0040
6.6221E-01 7.16647E-03 0.0042
8.9828E-01 6.04880E-03 0.0044
1.1731E+00 5.19193E-03 0.0047
1.3332E+00 4.84000E-03 0.0048
1.8360E+00 3.99520E-03 0.0051

Energy Bin   Relative Error
6.0327E-02 49.1659930295
8.8348E-02 12.2975818403
1.2213E-01 9.75673884665
1.5936E-01 9.39001428506
3.9236E-01 7.75933214475
5.1404E-01 6.492807041
6.6221E-01 7.49391705265
8.9828E-01 7.55278344051
1.1731E+00 7.45703575434
1.3332E+00 7.28582796721
1.8360E+00 7.52946199829

Chi Squared Value
3040393.650595516
Average Error
12.0164994