Energy Bin  Efficiency  Uncertainity
6.0327E-02 7.08533E-04 0.0167
8.8348E-02 7.40867E-04 0.0162
1.2213E-01 6.86333E-04 0.0166
1.5936E-01 6.65867E-04 0.0166
3.9236E-01 4.05667E-04 0.0189
5.1404E-01 3.56733E-04 0.0196
6.6221E-01 3.04533E-04 0.0209
8.9828E-01 2.56067E-04 0.0220
1.1731E+00 2.27933E-04 0.0221
1.3332E+00 2.02133E-04 0.0236
1.8360E+00 1.65800E-04 0.0252

Energy Bin   Relative Error
6.0327E-02 5.71383133291
8.8348E-02 1.12286913859
1.2213E-01 0.565944232888
1.5936E-01 0.426517276143
3.9236E-01 0.223630323183
5.1404E-01 0.0421591860205
6.6221E-01 0.222558885725
8.9828E-01 0.186337981568
1.1731E+00 0.220333629137
1.3332E+00 0.137070257894
1.8360E+00 0.157208415004

Chi Squared Value
0.049964711910820504
Average Error
0.819860059915