Energy Bin  Efficiency  Uncertainity
6.0327E-02 6.65400E-04 0.0172
8.8348E-02 6.94133E-04 0.0167
1.2213E-01 6.47933E-04 0.0171
1.5936E-01 6.30533E-04 0.0170
3.9236E-01 3.82933E-04 0.0195
5.1404E-01 3.39000E-04 0.0202
6.6221E-01 2.89267E-04 0.0214
8.9828E-01 2.40933E-04 0.0226
1.1731E+00 2.14333E-04 0.0229
1.3332E+00 1.90800E-04 0.0243
1.8360E+00 1.58600E-04 0.0262

Energy Bin   Relative Error
6.0327E-02 5.30511686671
8.8348E-02 0.988958239164
1.2213E-01 0.47833040907
1.5936E-01 0.350819634669
3.9236E-01 0.155056809027
5.1404E-01 0.00964597034489
6.6221E-01 0.161272969422
8.9828E-01 0.116223366982
1.1731E+00 0.147520401758
1.3332E+00 0.0733180886162
1.8360E+00 0.106955697344

Chi Squared Value
0.041919260307810326
Average Error
0.717565313919