Energy Bin  Efficiency  Uncertainity
6.0327E-02 7.12800E-04 0.0167
8.8348E-02 7.45267E-04 0.0162
1.2213E-01 6.90333E-04 0.0165
1.5936E-01 6.70533E-04 0.0165
3.9236E-01 4.08133E-04 0.0189
5.1404E-01 3.59067E-04 0.0196
6.6221E-01 3.06067E-04 0.0209
8.9828E-01 2.58067E-04 0.0219
1.1731E+00 2.29333E-04 0.0221
1.3332E+00 2.04733E-04 0.0236
1.8360E+00 1.67000E-04 0.0251

Energy Bin   Relative Error
6.0327E-02 5.75426405559
8.8348E-02 1.13547683229
1.2213E-01 0.57507067287
1.5936E-01 0.436513460983
3.9236E-01 0.231068622027
5.1404E-01 0.0489777296937
6.6221E-01 0.228717184927
8.9828E-01 0.195603822005
1.1731E+00 0.227829108426
1.3332E+00 0.151696185727
1.8360E+00 0.165583867947

Chi Squared Value
0.050828925029887936
Average Error
0.831891049317