Energy Bin  Efficiency  Uncertainity
6.0327E-02 6.55400E-04 0.0174
8.8348E-02 6.86467E-04 0.0168
1.2213E-01 6.41467E-04 0.0172
1.5936E-01 6.24600E-04 0.0171
3.9236E-01 3.80733E-04 0.0196
5.1404E-01 3.34600E-04 0.0202
6.6221E-01 2.87400E-04 0.0215
8.9828E-01 2.38933E-04 0.0226
1.1731E+00 2.12467E-04 0.0230
1.3332E+00 1.88867E-04 0.0245
1.8360E+00 1.56600E-04 0.0263

Energy Bin   Relative Error
6.0327E-02 5.21036007581
8.8348E-02 0.966992198273
1.2213E-01 0.46357751884
1.5936E-01 0.338109097881
3.9236E-01 0.148420857099
5.1404E-01 0.0225001229422
6.6221E-01 0.153777829521
8.9828E-01 0.106957526546
1.1731E+00 0.137529998648
1.3332E+00 0.0624442738086
1.8360E+00 0.0929966091048

Chi Squared Value
0.04032227770819902
Average Error
0.700333282588