Energy Bin  Efficiency  Uncertainity
6.0327E-02 5.82867E-04 0.0184
8.8348E-02 6.07267E-04 0.0179
1.2213E-01 5.73600E-04 0.0182
1.5936E-01 5.58200E-04 0.0182
3.9236E-01 3.32667E-04 0.0208
5.1404E-01 2.88267E-04 0.0217
6.6221E-01 2.43267E-04 0.0231
8.9828E-01 1.96600E-04 0.0245
1.1731E+00 1.73733E-04 0.0252
1.3332E+00 1.56067E-04 0.0266
1.8360E+00 1.30533E-04 0.0281

Energy Bin   Relative Error
6.0327E-02 4.52306064435
8.8348E-02 0.740053711641
1.2213E-01 0.308731493291
1.5936E-01 0.195857346201
3.9236E-01 0.00343737282663
5.1404E-01 0.15785727119
6.6221E-01 0.0233957158872
8.9828E-01 0.0891678850603
1.1731E+00 0.0698484976249
1.3332E+00 0.122067431153
1.8360E+00 0.0889391674567

Chi Squared Value
0.02909887485552967
Average Error
0.574765139698