Energy Bin  Efficiency  Uncertainity
6.0327E-02 5.74733E-04 0.0185
8.8348E-02 5.99467E-04 0.0180
1.2213E-01 5.67200E-04 0.0183
1.5936E-01 5.53933E-04 0.0182
3.9236E-01 3.31467E-04 0.0209
5.1404E-01 2.87467E-04 0.0217
6.6221E-01 2.44200E-04 0.0231
8.9828E-01 1.95467E-04 0.0245
1.1731E+00 1.73400E-04 0.0252
1.3332E+00 1.56667E-04 0.0266
1.8360E+00 1.30333E-04 0.0281

Energy Bin   Relative Error
6.0327E-02 4.44598547063
8.8348E-02 0.717703709169
1.2213E-01 0.294129189321
1.5936E-01 0.186715957279
3.9236E-01 0.00018223731622
5.1404E-01 0.160194389844
6.6221E-01 0.0196501532048
8.9828E-01 0.0944169836678
1.1731E+00 0.0716313509129
1.3332E+00 0.118692217038
1.8360E+00 0.0903350762806

Chi Squared Value
0.028025371766407892
Average Error
0.563603339514