Energy Bin  Efficiency  Uncertainity
6.0327E-02 6.60733E-04 0.0173
8.8348E-02 6.89667E-04 0.0168
1.2213E-01 6.44933E-04 0.0171
1.5936E-01 6.28467E-04 0.0171
3.9236E-01 3.82400E-04 0.0195
5.1404E-01 3.37533E-04 0.0203
6.6221E-01 2.89133E-04 0.0215
8.9828E-01 2.39933E-04 0.0226
1.1731E+00 2.13733E-04 0.0229
1.3332E+00 1.89667E-04 0.0244
1.8360E+00 1.57667E-04 0.0263

Energy Bin   Relative Error
6.0327E-02 5.26089387239
8.8348E-02 0.976161430056
1.2213E-01 0.471485579084
1.5936E-01 0.34639354854
3.9236E-01 0.153449098855
5.1404E-01 0.0139316616768
6.6221E-01 0.160735021513
8.9828E-01 0.111590446764
1.1731E+00 0.144308053491
1.3332E+00 0.0669445592955
1.8360E+00 0.10044378268

Chi Squared Value
0.041159588146068855
Average Error
0.709667004941