Energy Bin  Efficiency  Uncertainity
6.0327E-02 5.32267E-04 0.0193
8.8348E-02 5.74867E-04 0.0184
1.2213E-01 5.42867E-04 0.0187
1.5936E-01 5.34800E-04 0.0186
3.9236E-01 3.21333E-04 0.0212
5.1404E-01 2.80600E-04 0.0219
6.6221E-01 2.41133E-04 0.0232
8.9828E-01 1.94267E-04 0.0246
1.1731E+00 1.71600E-04 0.0253
1.3332E+00 1.54400E-04 0.0267
1.8360E+00 1.28000E-04 0.0283

Energy Bin   Relative Error
6.0327E-02 4.04359128238
8.8348E-02 0.647215239836
1.2213E-01 0.238610773306
1.5936E-01 0.145726457808
3.9236E-01 0.0307498449726
5.1404E-01 0.180255632091
6.6221E-01 0.0319627370709
8.9828E-01 0.0999764879299
1.1731E+00 0.0812683957131
1.3332E+00 0.131444901036
1.8360E+00 0.106618352711

Chi Squared Value
0.02311647804104507
Average Error
0.521583645895