Energy Bin  Efficiency  Uncertainity
6.0327E-02 6.33267E-04 0.0177
8.8348E-02 6.62667E-04 0.0171
1.2213E-01 6.20000E-04 0.0174
1.5936E-01 6.07533E-04 0.0174
3.9236E-01 3.67933E-04 0.0199
5.1404E-01 3.24333E-04 0.0205
6.6221E-01 2.78867E-04 0.0219
8.9828E-01 2.30867E-04 0.0229
1.1731E+00 2.05800E-04 0.0234
1.3332E+00 1.84133E-04 0.0248
1.8360E+00 1.54200E-04 0.0266

Energy Bin   Relative Error
6.0327E-02 5.0006348705
8.8348E-02 0.898796036886
1.2213E-01 0.414598197072
1.5936E-01 0.301545684539
3.9236E-01 0.109811682241
5.1404E-01 0.0524941194686
6.6221E-01 0.119521788396
8.9828E-01 0.069588392064
1.1731E+00 0.101835455491
1.3332E+00 0.0358138344401
1.8360E+00 0.0762457032182

Chi Squared Value
0.03661507957266599
Average Error
0.652807796756