Energy Bin  Efficiency  Uncertainity
6.0327E-02 5.74533E-04 0.0186
8.8348E-02 5.99467E-04 0.0180
1.2213E-01 5.67333E-04 0.0183
1.5936E-01 5.53800E-04 0.0182
3.9236E-01 3.31067E-04 0.0209
5.1404E-01 2.87067E-04 0.0217
6.6221E-01 2.43800E-04 0.0231
8.9828E-01 1.95067E-04 0.0245
1.1731E+00 1.73200E-04 0.0252
1.3332E+00 1.56400E-04 0.0266
1.8360E+00 1.30000E-04 0.0282

Energy Bin   Relative Error
6.0327E-02 4.44409033481
8.8348E-02 0.717703709169
1.2213E-01 0.294432643451
1.5936E-01 0.186431025307
3.9236E-01 0.0013887740305
5.1404E-01 0.161362949171
6.6221E-01 0.0212559678596
8.9828E-01 0.0962701517552
1.1731E+00 0.0727021336685
1.3332E+00 0.120194187319
1.8360E+00 0.0926592644724

Chi Squared Value
0.028008885088076835
Average Error
0.564408285546