Energy Bin  Efficiency  Uncertainity
6.0327E-02 6.12400E-04 0.0180
8.8348E-02 6.41533E-04 0.0174
1.2213E-01 6.03400E-04 0.0177
1.5936E-01 5.89333E-04 0.0177
3.9236E-01 3.54000E-04 0.0202
5.1404E-01 3.08333E-04 0.0210
6.6221E-01 2.64000E-04 0.0222
8.9828E-01 2.15733E-04 0.0234
1.1731E+00 1.90600E-04 0.0242
1.3332E+00 1.70533E-04 0.0256
1.8360E+00 1.41267E-04 0.0272

Energy Bin   Relative Error
6.0327E-02 4.80290587492
8.8348E-02 0.838238991728
1.2213E-01 0.37672347115
1.5936E-01 0.262554993567
3.9236E-01 0.0677849921412
5.1404E-01 0.0992364925497
6.6221E-01 0.0598376722111
8.9828E-01 0.000526222521475
1.1731E+00 0.0204559660669
1.3332E+00 0.0406910188365
1.8360E+00 0.0140207408786

Chi Squared Value
0.03336260798409197
Average Error
0.598452403325