Energy Bin  Efficiency  Uncertainity
6.0327E-02 5.92667E-04 0.0183
8.8348E-02 6.13867E-04 0.0178
1.2213E-01 5.81200E-04 0.0180
1.5936E-01 5.65200E-04 0.0180
3.9236E-01 3.35533E-04 0.0208
5.1404E-01 2.90000E-04 0.0216
6.6221E-01 2.44867E-04 0.0230
8.9828E-01 1.97867E-04 0.0244
1.1731E+00 1.74733E-04 0.0251
1.3332E+00 1.56733E-04 0.0265
1.8360E+00 1.31133E-04 0.0280

Energy Bin   Relative Error
6.0327E-02 4.61592229943
8.8348E-02 0.758965252193
1.2213E-01 0.326071729255
1.5936E-01 0.210853765806
3.9236E-01 0.0120822083845
5.1404E-01 0.152794487906
6.6221E-01 0.0169724572678
8.9828E-01 0.0832979751436
1.1731E+00 0.064494583847
1.3332E+00 0.118320943485
1.8360E+00 0.084751440985

Chi Squared Value
0.030370291661301587
Average Error
0.585866103973