Energy Bin  Efficiency  Uncertainity
6.0327E-02 5.87867E-04 0.0183
8.8348E-02 6.12133E-04 0.0178
1.2213E-01 5.78333E-04 0.0181
1.5936E-01 5.63133E-04 0.0181
3.9236E-01 3.34533E-04 0.0208
5.1404E-01 2.89533E-04 0.0216
6.6221E-01 2.44800E-04 0.0230
8.9828E-01 1.97067E-04 0.0244
1.1731E+00 1.74200E-04 0.0251
1.3332E+00 1.56800E-04 0.0265
1.8360E+00 1.31067E-04 0.0280

Energy Bin   Relative Error
6.0327E-02 4.5704390398
8.8348E-02 0.753996674721
1.2213E-01 0.319530353399
1.5936E-01 0.206425537332
3.9236E-01 0.00906586659877
5.1404E-01 0.15415878092
6.6221E-01 0.0172414312225
8.9828E-01 0.0870043113183
1.1731E+00 0.0673482198906
1.3332E+00 0.117944044575
1.8360E+00 0.0852120908969

Chi Squared Value
0.029781030766274735
Average Error
0.580760577334