Energy Bin  Efficiency  Uncertainity
6.0327E-02 5.33267E-04 0.0192
8.8348E-02 5.75133E-04 0.0184
1.2213E-01 5.43000E-04 0.0187
1.5936E-01 5.35667E-04 0.0185
3.9236E-01 3.22267E-04 0.0211
5.1404E-01 2.80933E-04 0.0219
6.6221E-01 2.41000E-04 0.0232
8.9828E-01 1.94200E-04 0.0246
1.1731E+00 1.71600E-04 0.0253
1.3332E+00 1.54533E-04 0.0267
1.8360E+00 1.27933E-04 0.0283

Energy Bin   Relative Error
6.0327E-02 4.05306696147
8.8348E-02 0.647977432228
1.2213E-01 0.238914227435
1.5936E-01 0.147583871494
3.9236E-01 0.0279325817447
5.1404E-01 0.179282806451
6.6221E-01 0.0324966704437
8.9828E-01 0.100286893585
1.1731E+00 0.0812683957131
1.3332E+00 0.130696728574
1.8360E+00 0.107085982167

Chi Squared Value
0.023219508826526084
Average Error
0.522417504664