Energy Bin  Efficiency  Uncertainity
6.0327E-02 6.04467E-04 0.0181
8.8348E-02 6.29933E-04 0.0176
1.2213E-01 5.94733E-04 0.0178
1.5936E-01 5.80800E-04 0.0178
3.9236E-01 3.45000E-04 0.0204
5.1404E-01 2.99800E-04 0.0213
6.6221E-01 2.54067E-04 0.0226
8.9828E-01 2.07733E-04 0.0239
1.1731E+00 1.82133E-04 0.0247
1.3332E+00 1.63200E-04 0.0261
1.8360E+00 1.35733E-04 0.0276

Energy Bin   Relative Error
6.0327E-02 4.7277353127
8.8348E-02 0.805000526514
1.2213E-01 0.356948757321
1.5936E-01 0.244274358068
3.9236E-01 0.0406379160698
5.1404E-01 0.124164784394
6.6221E-01 0.0199612797941
8.9828E-01 0.0375895842688
1.1731E+00 0.0248756218905
1.3332E+00 0.0819417606804
1.8360E+00 0.0526455380356

Chi Squared Value
0.03211936852757863
Average Error
0.592343221794