Energy Bin  Efficiency  Uncertainity
6.0327E-02 5.30933E-04 0.0193
8.8348E-02 5.73533E-04 0.0184
1.2213E-01 5.42600E-04 0.0187
1.5936E-01 5.33867E-04 0.0186
3.9236E-01 3.21200E-04 0.0212
5.1404E-01 2.79733E-04 0.0220
6.6221E-01 2.40867E-04 0.0233
8.9828E-01 1.93733E-04 0.0246
1.1731E+00 1.71333E-04 0.0253
1.3332E+00 1.54267E-04 0.0267
1.8360E+00 1.28133E-04 0.0283

Energy Bin   Relative Error
6.0327E-02 4.03095072647
8.8348E-02 0.643392816337
1.2213E-01 0.238001583437
1.5936E-01 0.143727649309
3.9236E-01 0.0311510184301
5.1404E-01 0.182788484432
6.6221E-01 0.0330306038164
8.9828E-01 0.102450467327
1.1731E+00 0.0826978906918
1.3332E+00 0.132193073498
1.8360E+00 0.105690073343

Chi Squared Value
0.022967780710010693
Average Error
0.520552217008