Energy Bin  Efficiency  Uncertainity
6.0327E-02 5.30400E-04 0.0193
8.8348E-02 5.72933E-04 0.0184
1.2213E-01 5.41467E-04 0.0187
1.5936E-01 5.32867E-04 0.0186
3.9236E-01 3.21000E-04 0.0212
5.1404E-01 2.79333E-04 0.0220
6.6221E-01 2.40600E-04 0.0233
8.9828E-01 1.93200E-04 0.0246
1.1731E+00 1.71067E-04 0.0254
1.3332E+00 1.54400E-04 0.0267
1.8360E+00 1.28067E-04 0.0284

Energy Bin   Relative Error
6.0327E-02 4.02590018951
8.8348E-02 0.641673585377
1.2213E-01 0.235416519313
1.5936E-01 0.141585303652
3.9236E-01 0.0317542867872
5.1404E-01 0.183957043759
6.6221E-01 0.0341024850985
8.9828E-01 0.104919813803
1.1731E+00 0.0841220317567
1.3332E+00 0.131444901036
1.8360E+00 0.106150723255

Chi Squared Value
0.02290086855239803
Average Error
0.520093353032