Energy Bin  Efficiency  Uncertainity
6.0327E-02 5.81533E-04 0.0184
8.8348E-02 6.05600E-04 0.0179
1.2213E-01 5.71400E-04 0.0182
1.5936E-01 5.57200E-04 0.0182
3.9236E-01 3.32000E-04 0.0209
5.1404E-01 2.87733E-04 0.0217
6.6221E-01 2.43467E-04 0.0231
8.9828E-01 1.96333E-04 0.0245
1.1731E+00 1.73600E-04 0.0252
1.3332E+00 1.55867E-04 0.0266
1.8360E+00 1.30733E-04 0.0281

Energy Bin   Relative Error
6.0327E-02 4.51042008844
8.8348E-02 0.735277114959
1.2213E-01 0.303711951301
1.5936E-01 0.193715000544
3.9236E-01 0.00142547285556
5.1404E-01 0.159417297892
6.6221E-01 0.0225928085598
8.9828E-01 0.0904048747587
1.1731E+00 0.0705605681573
1.3332E+00 0.123192502524
1.8360E+00 0.0875432586328

Chi Squared Value
0.028906759313778573
Average Error
0.572569176238