Energy Bin  Efficiency  Uncertainity
6.0327E-02 6.73800E-04 0.0171
8.8348E-02 7.02067E-04 0.0166
1.2213E-01 6.55600E-04 0.0170
1.5936E-01 6.38133E-04 0.0169
3.9236E-01 3.88333E-04 0.0193
5.1404E-01 3.41600E-04 0.0200
6.6221E-01 2.93733E-04 0.0213
8.9828E-01 2.42867E-04 0.0224
1.1731E+00 2.16933E-04 0.0228
1.3332E+00 1.92733E-04 0.0241
1.8360E+00 1.59533E-04 0.0260

Energy Bin   Relative Error
6.0327E-02 5.38471257107
8.8348E-02 1.01169220322
1.2213E-01 0.495823512904
1.5936E-01 0.367101461669
3.9236E-01 0.17134505467
5.1404E-01 0.00205033471921
6.6221E-01 0.179201890044
8.9828E-01 0.125183434685
1.1731E+00 0.16144057758
1.3332E+00 0.0841919034239
1.8360E+00 0.113467612007

Chi Squared Value
0.04340276976135291
Average Error
0.736019141453