Energy Bin  Efficiency  Uncertainity
6.0327E-02 6.45933E-04 0.0175
8.8348E-02 6.76733E-04 0.0170
1.2213E-01 6.31933E-04 0.0173
1.5936E-01 6.18133E-04 0.0172
3.9236E-01 3.76733E-04 0.0197
5.1404E-01 3.29867E-04 0.0203
6.6221E-01 2.84333E-04 0.0217
8.9828E-01 2.36133E-04 0.0228
1.1731E+00 2.10333E-04 0.0231
1.3332E+00 1.87600E-04 0.0245
1.8360E+00 1.54933E-04 0.0265

Energy Bin   Relative Error
6.0327E-02 5.12065382186
8.8348E-02 0.939100541343
1.2213E-01 0.441824649145
1.5936E-01 0.324254548512
3.9236E-01 0.136355489956
5.1404E-01 0.0363271011792
6.6221E-01 0.141465245655
8.9828E-01 0.0939853499341
1.1731E+00 0.126104746646
1.3332E+00 0.0553169466688
1.8360E+00 0.0813617090577

Chi Squared Value
0.03873102362061418
Average Error
0.681522740905