Energy Bin  Efficiency  Uncertainity
6.0327E-02 5.50933E-04 0.0189
8.8348E-02 5.85400E-04 0.0182
1.2213E-01 5.52933E-04 0.0185
1.5936E-01 5.43000E-04 0.0184
3.9236E-01 3.24467E-04 0.0211
5.1404E-01 2.82667E-04 0.0219
6.6221E-01 2.41200E-04 0.0232
8.9828E-01 1.94067E-04 0.0246
1.1731E+00 1.71467E-04 0.0253
1.3332E+00 1.55467E-04 0.0267
1.8360E+00 1.29067E-04 0.0283

Energy Bin   Relative Error
6.0327E-02 4.22046430828
8.8348E-02 0.677396339327
1.2213E-01 0.261577459519
1.5936E-01 0.163293692202
3.9236E-01 0.0212966298162
5.1404E-01 0.174217101768
6.6221E-01 0.0316937631162
8.9828E-01 0.100903071974
1.1731E+00 0.0819804662456
1.3332E+00 0.125442645268
1.8360E+00 0.0991711791358

Chi Squared Value
0.025209829959324633
Average Error
0.541585150604