Energy Bin  Efficiency  Uncertainity
6.0327E-02 6.85933E-04 0.0170
8.8348E-02 7.16467E-04 0.0165
1.2213E-01 6.68400E-04 0.0168
1.5936E-01 6.50200E-04 0.0168
3.9236E-01 3.95000E-04 0.0192
5.1404E-01 3.47733E-04 0.0199
6.6221E-01 2.96733E-04 0.0212
8.9828E-01 2.49333E-04 0.0223
1.1731E+00 2.22200E-04 0.0226
1.3332E+00 1.97933E-04 0.0239
1.8360E+00 1.60467E-04 0.0259

Energy Bin   Relative Error
6.0327E-02 5.49968098547
8.8348E-02 1.05295374624
1.2213E-01 0.525028120843
1.5936E-01 0.392953146722
3.9236E-01 0.191455005355
5.1404E-01 0.0158666011624
6.6221E-01 0.191245499955
8.9828E-01 0.155139896817
1.1731E+00 0.189639641448
1.3332E+00 0.113443759088
1.8360E+00 0.119986506215

Chi Squared Value
0.04571339442932018
Average Error
0.767944809938