Energy Bin  Efficiency  Uncertainity
6.0327E-02 2.92320E-03 0.0082
8.8348E-02 2.97880E-03 0.0081
1.2213E-01 2.82293E-03 0.0081
1.5936E-01 2.52300E-03 0.0084
3.9236E-01 1.45640E-03 0.0099
5.1404E-01 1.21707E-03 0.0104
6.6221E-01 1.01880E-03 0.0111
8.9828E-01 8.48467E-04 0.0117
1.1731E+00 7.28733E-04 0.0123
1.3332E+00 6.71267E-04 0.0127
1.8360E+00 5.49000E-04 0.0136

Energy Bin   Relative Error
6.0327E-02 2.91114080403
8.8348E-02 0.382387804841
1.2213E-01 0.279997085966
1.5936E-01 0.130655377541
3.9236E-01 0.00782685086287
5.1404E-01 0.0549481979111
6.6221E-01 0.0277894631705
8.9828E-01 0.0305334796508
1.1731E+00 0.0217794230612
1.3332E+00 0.0418347774835
1.8360E+00 0.0218798702788

Chi Squared Value
0.08241088153892562
Average Error
0.355524830436