Energy Bin  Efficiency  Uncertainity
6.0327E-02 3.35580E-03 0.0077
8.8348E-02 3.32227E-03 0.0076
1.2213E-01 3.13980E-03 0.0077
1.5936E-01 2.80667E-03 0.0080
3.9236E-01 1.60360E-03 0.0095
5.1404E-01 1.34413E-03 0.0100
6.6221E-01 1.12513E-03 0.0106
8.9828E-01 9.28067E-04 0.0112
1.1731E+00 8.02600E-04 0.0118
1.3332E+00 7.39467E-04 0.0121
1.8360E+00 6.07000E-04 0.0130

Energy Bin   Relative Error
6.0327E-02 3.48994468739
8.8348E-02 0.541783782862
1.2213E-01 0.423674993895
1.5936E-01 0.257779044186
3.9236E-01 0.109689053861
5.1404E-01 0.0437135733703
6.6221E-01 0.0736780931517
8.9828E-01 0.0604182427141
1.1731E+00 0.0773765357834
1.3332E+00 0.0555137711203
1.8360E+00 0.081455225393

Chi Squared Value
0.12382670555505274
Average Error
0.474093363975