Energy Bin  Efficiency  Uncertainity
6.0327E-02 2.92347E-03 0.0082
8.8348E-02 2.97933E-03 0.0081
1.2213E-01 2.82347E-03 0.0081
1.5936E-01 2.52113E-03 0.0084
3.9236E-01 1.45720E-03 0.0099
5.1404E-01 1.21807E-03 0.0104
6.6221E-01 1.01933E-03 0.0111
8.9828E-01 8.47067E-04 0.0117
1.1731E+00 7.26733E-04 0.0123
1.3332E+00 6.70400E-04 0.0127
1.8360E+00 5.49133E-04 0.0137

Energy Bin   Relative Error
6.0327E-02 2.91150205472
8.8348E-02 0.382633764804
1.2213E-01 0.280241937388
1.5936E-01 0.129817357106
3.9236E-01 0.00838044979221
5.1404E-01 0.0541717004195
6.6221E-01 0.0272836999348
8.9828E-01 0.0321331330593
1.1731E+00 0.0244641390737
1.3332E+00 0.0430723316131
1.8360E+00 0.0216429122146

Chi Squared Value
0.08243387022145271
Average Error
0.355940316375