Energy Bin  Efficiency  Uncertainity
6.0327E-02 3.61653E-03 0.0074
8.8348E-02 3.57300E-03 0.0073
1.2213E-01 3.37447E-03 0.0074
1.5936E-01 3.00680E-03 0.0077
3.9236E-01 1.73593E-03 0.0092
5.1404E-01 1.46020E-03 0.0097
6.6221E-01 1.23327E-03 0.0103
8.9828E-01 1.02460E-03 0.0108
1.1731E+00 8.86133E-04 0.0113
1.3332E+00 8.27133E-04 0.0116
1.8360E+00 6.72800E-04 0.0124

Energy Bin   Relative Error
6.0327E-02 3.83879243706
8.8348E-02 0.658141408183
1.2213E-01 0.53008107416
1.5936E-01 0.347465156238
3.9236E-01 0.201261236761
5.1404E-01 0.133841637219
6.6221E-01 0.176872878637
8.9828E-01 0.170717773054
1.1731E+00 0.189507727116
1.3332E+00 0.18064805062
1.8360E+00 0.198687109793

Chi Squared Value
0.156577326635056
Average Error
0.602365135349