Energy Bin  Efficiency  Uncertainity
6.0327E-02 3.72640E-03 0.0073
8.8348E-02 3.66787E-03 0.0073
1.2213E-01 3.46727E-03 0.0073
1.5936E-01 3.09147E-03 0.0076
3.9236E-01 1.78340E-03 0.0090
5.1404E-01 1.49647E-03 0.0095
6.6221E-01 1.26153E-03 0.0101
8.9828E-01 1.05007E-03 0.0107
1.1731E+00 9.05667E-04 0.0112
1.3332E+00 8.51933E-04 0.0115
1.8360E+00 6.92867E-04 0.0123

Energy Bin   Relative Error
6.0327E-02 3.98579470859
8.8348E-02 0.702168241487
1.2213E-01 0.572159244564
1.5936E-01 0.385409108207
3.9236E-01 0.23411041323
5.1404E-01 0.162005201239
6.6221E-01 0.203840556072
8.9828E-01 0.199820038992
1.1731E+00 0.215729348409
1.3332E+00 0.21604752284
1.8360E+00 0.234439271256

Chi Squared Value
0.17135076479716593
Average Error
0.646502150444