Energy Bin  Efficiency  Uncertainity
6.0327E-02 3.86947E-03 0.0071
8.8348E-02 3.81107E-03 0.0071
1.2213E-01 3.59167E-03 0.0072
1.5936E-01 3.21053E-03 0.0075
3.9236E-01 1.84093E-03 0.0089
5.1404E-01 1.54413E-03 0.0094
6.6221E-01 1.30627E-03 0.0099
8.9828E-01 1.09100E-03 0.0105
1.1731E+00 9.39067E-04 0.0110
1.3332E+00 8.82400E-04 0.0113
1.8360E+00 7.14933E-04 0.0121

Energy Bin   Relative Error
6.0327E-02 4.17721743534
8.8348E-02 0.768623838927
1.2213E-01 0.628565757476
1.5936E-01 0.438764569661
3.9236E-01 0.273921096237
5.1404E-01 0.199013071688
6.6221E-01 0.246534607327
8.9828E-01 0.246587048997
1.1731E+00 0.260564105817
1.3332E+00 0.259536059941
1.8360E+00 0.27375293024

Chi Squared Value
0.1923803072100879
Average Error
0.706643683786