Energy Bin  Efficiency  Uncertainity
6.0327E-02 2.92347E-03 0.0082
8.8348E-02 2.97973E-03 0.0081
1.2213E-01 2.82367E-03 0.0081
1.5936E-01 2.52107E-03 0.0084
3.9236E-01 1.45727E-03 0.0099
5.1404E-01 1.21740E-03 0.0104
6.6221E-01 1.01893E-03 0.0111
8.9828E-01 8.47133E-04 0.0117
1.1731E+00 7.27467E-04 0.0123
1.3332E+00 6.70400E-04 0.0127
1.8360E+00 5.48800E-04 0.0137

Energy Bin   Relative Error
6.0327E-02 2.91150205472
8.8348E-02 0.382819394964
1.2213E-01 0.2803326231
1.5936E-01 0.12979046875
3.9236E-01 0.00842888969853
5.1404E-01 0.0546919537389
6.6221E-01 0.0276654080372
8.9828E-01 0.0320577208272
1.1731E+00 0.0234788482971
1.3332E+00 0.0430723316131
1.8360E+00 0.0222361981949

Chi Squared Value
0.08243955821720919
Average Error
0.356006899268