Energy Bin  Efficiency  Uncertainity
6.0327E-02 3.41640E-03 0.0076
8.8348E-02 3.38247E-03 0.0076
1.2213E-01 3.20127E-03 0.0076
1.5936E-01 2.85900E-03 0.0079
3.9236E-01 1.65207E-03 0.0094
5.1404E-01 1.39220E-03 0.0099
6.6221E-01 1.17073E-03 0.0105
8.9828E-01 9.75867E-04 0.0111
1.1731E+00 8.47200E-04 0.0116
1.3332E+00 7.83667E-04 0.0119
1.8360E+00 6.42067E-04 0.0127

Energy Bin   Relative Error
6.0327E-02 3.57102539782
8.8348E-02 0.569721122009
1.2213E-01 0.451547247502
1.5936E-01 0.281230172171
3.9236E-01 0.143230228993
5.1404E-01 0.081039807791
6.6221E-01 0.117192816826
8.9828E-01 0.115034980516
1.1731E+00 0.13724570286
1.3332E+00 0.118604765963
1.8360E+00 0.143931980564

Chi Squared Value
0.13147468668080306
Average Error
0.520891293001