Energy Bin  Efficiency  Uncertainity
6.0327E-02 2.92367E-03 0.0082
8.8348E-02 2.97967E-03 0.0081
1.2213E-01 2.82427E-03 0.0081
1.5936E-01 2.52013E-03 0.0084
3.9236E-01 1.45727E-03 0.0099
5.1404E-01 1.21720E-03 0.0104
6.6221E-01 1.01920E-03 0.0111
8.9828E-01 8.47267E-04 0.0117
1.1731E+00 7.26800E-04 0.0123
1.3332E+00 6.70133E-04 0.0127
1.8360E+00 5.48000E-04 0.0137

Energy Bin   Relative Error
6.0327E-02 2.91176964783
8.8348E-02 0.38279155044
1.2213E-01 0.280604680237
1.5936E-01 0.129369217836
3.9236E-01 0.00842888969853
5.1404E-01 0.0548472532372
6.6221E-01 0.0274077550681
8.9828E-01 0.0319046111438
1.1731E+00 0.0243742010872
1.3332E+00 0.0434534468987
1.8360E+00 0.0236615098594

Chi Squared Value
0.08245518072475141
Average Error
0.356237523939