Energy Bin  Efficiency  Uncertainity
6.0327E-02 3.35600E-03 0.0077
8.8348E-02 3.32187E-03 0.0076
1.2213E-01 3.13960E-03 0.0077
1.5936E-01 2.80627E-03 0.0080
3.9236E-01 1.59520E-03 0.0095
5.1404E-01 1.33733E-03 0.0100
6.6221E-01 1.11727E-03 0.0106
8.9828E-01 9.21400E-04 0.0113
1.1731E+00 7.93133E-04 0.0118
1.3332E+00 7.30800E-04 0.0122
1.8360E+00 5.96267E-04 0.0131

Energy Bin   Relative Error
6.0327E-02 3.49021228049
8.8348E-02 0.541598152701
1.2213E-01 0.423584308183
1.5936E-01 0.257599788478
3.9236E-01 0.103876265103
5.1404E-01 0.0384333904275
6.6221E-01 0.0661775289394
8.9828E-01 0.0528004646612
1.1731E+00 0.0646684325386
1.3332E+00 0.0431425120184
1.8360E+00 0.062332887775

Chi Squared Value
0.12373835389114878
Average Error
0.467675091938