Energy Bin  Efficiency  Uncertainity
6.0327E-02 3.24580E-03 0.0078
8.8348E-02 3.20840E-03 0.0078
1.2213E-01 3.03793E-03 0.0079
1.5936E-01 2.70167E-03 0.0081
3.9236E-01 1.52893E-03 0.0097
5.1404E-01 1.27827E-03 0.0102
6.6221E-01 1.06973E-03 0.0109
8.9828E-01 8.82600E-04 0.0115
1.1731E+00 7.57667E-04 0.0121
1.3332E+00 6.93467E-04 0.0125
1.8360E+00 5.65533E-04 0.0134

Energy Bin   Relative Error
6.0327E-02 3.34276848034
8.8348E-02 0.488939516937
1.2213E-01 0.377484226448
1.5936E-01 0.210724420864
3.9236E-01 0.0580175137941
5.1404E-01 0.00742655142581
6.6221E-01 0.0208115209684
8.9828E-01 0.00846721305622
1.1731E+00 0.0170603634904
1.3332E+00 0.0101465402547
1.8360E+00 0.00757597690639

Chi Squared Value
0.11142980316467899
Average Error
0.413583847681