Energy Bin  Efficiency  Uncertainity
6.0327E-02 3.45187E-03 0.0075
8.8348E-02 3.41533E-03 0.0075
1.2213E-01 3.22927E-03 0.0076
1.5936E-01 2.88307E-03 0.0079
3.9236E-01 1.66627E-03 0.0093
5.1404E-01 1.40513E-03 0.0098
6.6221E-01 1.18080E-03 0.0105
8.9828E-01 9.83867E-04 0.0110
1.1731E+00 8.55067E-04 0.0116
1.3332E+00 7.89067E-04 0.0119
1.8360E+00 6.46800E-04 0.0127

Energy Bin   Relative Error
6.0327E-02 3.61848303476
8.8348E-02 0.58497063969
1.2213E-01 0.464243247192
1.5936E-01 0.292016884394
3.9236E-01 0.153056609989
5.1404E-01 0.0910799203572
6.6221E-01 0.126802318304
8.9828E-01 0.124175857136
1.1731E+00 0.147806033295
1.3332E+00 0.126312715559
1.8360E+00 0.152364480699

Chi Squared Value
0.13565268050919863
Average Error
0.534664703762