Energy Bin  Efficiency  Uncertainity
6.0327E-02 3.35540E-03 0.0077
8.8348E-02 3.32207E-03 0.0076
1.2213E-01 3.14040E-03 0.0077
1.5936E-01 2.80800E-03 0.0080
3.9236E-01 1.62733E-03 0.0095
5.1404E-01 1.37187E-03 0.0099
6.6221E-01 1.15827E-03 0.0106
8.9828E-01 9.63000E-04 0.0111
1.1731E+00 8.39000E-04 0.0117
1.3332E+00 7.73400E-04 0.0120
1.8360E+00 6.34067E-04 0.0128

Energy Bin   Relative Error
6.0327E-02 3.48940950118
8.8348E-02 0.541690967782
1.2213E-01 0.423947051031
1.5936E-01 0.258375069415
3.9236E-01 0.126110182103
5.1404E-01 0.065253613787
6.6221E-01 0.105302609436
8.9828E-01 0.100333023083
1.1731E+00 0.126238367209
1.3332E+00 0.103949669944
1.8360E+00 0.12967886392

Chi Squared Value
0.12426937659675891
Average Error
0.497298992627