Energy Bin  Efficiency  Uncertainity
6.0327E-02 2.92340E-03 0.0082
8.8348E-02 2.97927E-03 0.0081
1.2213E-01 2.82293E-03 0.0081
1.5936E-01 2.52233E-03 0.0084
3.9236E-01 1.45600E-03 0.0099
5.1404E-01 1.21787E-03 0.0104
6.6221E-01 1.01853E-03 0.0111
8.9828E-01 8.48467E-04 0.0117
1.1731E+00 7.27800E-04 0.0123
1.3332E+00 6.72200E-04 0.0127
1.8360E+00 5.48933E-04 0.0137

Energy Bin   Relative Error
6.0327E-02 2.91140839714
8.8348E-02 0.38260592028
1.2213E-01 0.279997085966
1.5936E-01 0.13035512423
3.9236E-01 0.0075500513982
5.1404E-01 0.0543269999178
6.6221E-01 0.0280471161396
8.9828E-01 0.0305334796508
1.1731E+00 0.023031843081
1.3332E+00 0.0405030150811
1.8360E+00 0.0219992401307

Chi Squared Value
0.08242574488848581
Average Error
0.355487115728