Energy Bin  Efficiency  Uncertainity
6.0327E-02 3.13607E-03 0.0079
8.8348E-02 3.11453E-03 0.0079
1.2213E-01 2.94580E-03 0.0080
1.5936E-01 2.62573E-03 0.0083
3.9236E-01 1.49973E-03 0.0098
5.1404E-01 1.25093E-03 0.0103
6.6221E-01 1.04700E-03 0.0110
8.9828E-01 8.67133E-04 0.0116
1.1731E+00 7.46067E-04 0.0122
1.3332E+00 6.83867E-04 0.0126
1.8360E+00 5.60400E-04 0.0135

Energy Bin   Relative Error
6.0327E-02 3.19595352398
8.8348E-02 0.445376759034
1.2213E-01 0.33570985318
1.5936E-01 0.17669272472
3.9236E-01 0.0378111528732
5.1404E-01 0.0286559928459
6.6221E-01 0.000879041950834
8.9828E-01 0.00920552927818
1.1731E+00 0.00148901061839
1.3332E+00 0.0238495617591
1.8360E+00 0.00156917906057

Chi Squared Value
0.10059982414040299
Average Error
0.387017484482