Energy Bin  Efficiency  Uncertainity
6.0327E-02 3.65320E-03 0.0073
8.8348E-02 3.60433E-03 0.0073
1.2213E-01 3.40587E-03 0.0074
1.5936E-01 3.03753E-03 0.0077
3.9236E-01 1.75327E-03 0.0091
5.1404E-01 1.47413E-03 0.0096
6.6221E-01 1.24160E-03 0.0102
8.9828E-01 1.03493E-03 0.0108
1.1731E+00 8.92533E-04 0.0113
1.3332E+00 8.34667E-04 0.0116
1.8360E+00 6.80067E-04 0.0124

Energy Bin   Relative Error
6.0327E-02 3.88785563263
8.8348E-02 0.6726808905
1.2213E-01 0.544318730956
1.5936E-01 0.361236475997
3.9236E-01 0.213260493554
5.1404E-01 0.144658247277
6.6221E-01 0.18482194987
8.9828E-01 0.182520929989
1.1731E+00 0.198098818356
1.3332E+00 0.191402067705
1.8360E+00 0.211634284625

Chi Squared Value
0.16145580782721783
Average Error
0.617498956496