Energy Bin  Efficiency  Uncertainity
6.0327E-02 3.40380E-03 0.0076
8.8348E-02 3.36853E-03 0.0076
1.2213E-01 3.18987E-03 0.0077
1.5936E-01 2.85067E-03 0.0079
3.9236E-01 1.62413E-03 0.0094
5.1404E-01 1.36433E-03 0.0099
6.6221E-01 1.13853E-03 0.0105
8.9828E-01 9.40067E-04 0.0111
1.1731E+00 8.06600E-04 0.0117
1.3332E+00 7.45133E-04 0.0121
1.8360E+00 6.09467E-04 0.0129

Energy Bin   Relative Error
6.0327E-02 3.55416703228
8.8348E-02 0.563251910917
1.2213E-01 0.446378161913
1.5936E-01 0.277497172054
3.9236E-01 0.123895786386
5.1404E-01 0.0593988227004
6.6221E-01 0.0864653145823
8.9828E-01 0.0741295576435
1.1731E+00 0.0827459678082
1.3332E+00 0.063601408604
1.8360E+00 0.0858505302382

Chi Squared Value
0.12945133392855468
Average Error
0.492489242285