Energy Bin  Efficiency  Uncertainity
6.0327E-02 3.35560E-03 0.0077
8.8348E-02 3.32207E-03 0.0076
1.2213E-01 3.14033E-03 0.0077
1.5936E-01 2.80760E-03 0.0080
3.9236E-01 1.62353E-03 0.0095
5.1404E-01 1.36547E-03 0.0099
6.6221E-01 1.15040E-03 0.0106
8.9828E-01 9.55533E-04 0.0112
1.1731E+00 8.28467E-04 0.0117
1.3332E+00 7.65533E-04 0.0120
1.8360E+00 6.28800E-04 0.0129

Energy Bin   Relative Error
6.0327E-02 3.48967709429
8.8348E-02 0.541690967782
1.2213E-01 0.423915311032
1.5936E-01 0.258195813707
3.9236E-01 0.123480587189
5.1404E-01 0.0602840298408
6.6221E-01 0.0977925025213
8.9828E-01 0.0918011573683
1.1731E+00 0.11209931033
1.3332E+00 0.0927203293007
1.8360E+00 0.120294968249

Chi Squared Value
0.12416102502658875
Average Error
0.491995642873