Energy Bin  Efficiency  Uncertainity
6.0327E-02 3.35520E-03 0.0077
8.8348E-02 3.32207E-03 0.0076
1.2213E-01 3.14053E-03 0.0077
1.5936E-01 2.80827E-03 0.0080
3.9236E-01 1.63867E-03 0.0095
5.1404E-01 1.38307E-03 0.0099
6.6221E-01 1.16747E-03 0.0106
8.9828E-01 9.76467E-04 0.0111
1.1731E+00 8.53867E-04 0.0116
1.3332E+00 7.89867E-04 0.0119
1.8360E+00 6.50800E-04 0.0127

Energy Bin   Relative Error
6.0327E-02 3.48914190808
8.8348E-02 0.541690967782
1.2213E-01 0.424005996744
1.5936E-01 0.258496067018
3.9236E-01 0.133957446926
5.1404E-01 0.0739503856928
6.6221E-01 0.114081895791
8.9828E-01 0.115720546263
1.1731E+00 0.146195203688
1.3332E+00 0.127454634018
1.8360E+00 0.159491039021

Chi Squared Value
0.12452125354819261
Average Error
0.507653281002