Energy Bin  Efficiency  Uncertainity
6.0327E-02 2.92360E-03 0.0082
8.8348E-02 2.97927E-03 0.0081
1.2213E-01 2.82327E-03 0.0081
1.5936E-01 2.52113E-03 0.0084
3.9236E-01 1.45713E-03 0.0099
5.1404E-01 1.21820E-03 0.0104
6.6221E-01 1.01920E-03 0.0111
8.9828E-01 8.48000E-04 0.0117
1.1731E+00 7.27667E-04 0.0123
1.3332E+00 6.71200E-04 0.0127
1.8360E+00 5.48800E-04 0.0137

Energy Bin   Relative Error
6.0327E-02 2.91167599024
8.8348E-02 0.38260592028
1.2213E-01 0.280151251676
1.5936E-01 0.129817357106
3.9236E-01 0.00833200988589
5.1404E-01 0.0540707557456
6.6221E-01 0.0274077550681
8.9828E-01 0.0310670783235
1.1731E+00 0.0232103766959
1.3332E+00 0.0419304131544
1.8360E+00 0.0222361981949

Chi Squared Value
0.08243907827398399
Average Error
0.355682282397