Energy Bin  Efficiency  Uncertainity
6.0327E-02 4.02407E-03 0.0070
8.8348E-02 3.96593E-03 0.0070
1.2213E-01 3.72593E-03 0.0071
1.5936E-01 3.33000E-03 0.0073
3.9236E-01 1.90407E-03 0.0087
5.1404E-01 1.59480E-03 0.0092
6.6221E-01 1.35140E-03 0.0098
8.9828E-01 1.12980E-03 0.0103
1.1731E+00 9.74800E-04 0.0108
1.3332E+00 9.10800E-04 0.0111
1.8360E+00 7.43333E-04 0.0119

Energy Bin   Relative Error
6.0327E-02 4.38406690452
8.8348E-02 0.840490555544
1.2213E-01 0.689443075993
1.5936E-01 0.492303768216
3.9236E-01 0.317613891735
5.1404E-01 0.238358199587
6.6221E-01 0.289600823981
8.9828E-01 0.290920300602
1.1731E+00 0.308530584453
1.3332E+00 0.300074165225
1.8360E+00 0.324351494328

Chi Squared Value
0.21660505964568413
Average Error
0.770523069471