Energy Bin  Efficiency  Uncertainity
6.0327E-02 3.16367E-03 0.0079
8.8348E-02 3.13753E-03 0.0078
1.2213E-01 2.96587E-03 0.0079
1.5936E-01 2.64547E-03 0.0082
3.9236E-01 1.50193E-03 0.0098
5.1404E-01 1.25180E-03 0.0103
6.6221E-01 1.04520E-03 0.0110
8.9828E-01 8.63600E-04 0.0116
1.1731E+00 7.43600E-04 0.0122
1.3332E+00 6.80533E-04 0.0126
1.8360E+00 5.55600E-04 0.0136

Energy Bin   Relative Error
6.0327E-02 3.2328813723
8.8348E-02 0.45605049326
1.2213E-01 0.344810164387
1.5936E-01 0.185538993905
3.9236E-01 0.0393335499289
5.1404E-01 0.0279804400282
6.6221E-01 0.00259672841166
8.9828E-01 0.0132423689153
1.1731E+00 0.00182258658293
1.3332E+00 0.0286085069357
1.8360E+00 0.0101210490472

Chi Squared Value
0.10323280415848411
Average Error
0.394816932155