Energy Bin  Efficiency  Uncertainity
6.0327E-02 3.35540E-03 0.0077
8.8348E-02 3.32187E-03 0.0076
1.2213E-01 3.14053E-03 0.0077
1.5936E-01 2.80827E-03 0.0080
3.9236E-01 1.63213E-03 0.0095
5.1404E-01 1.37760E-03 0.0099
6.6221E-01 1.16360E-03 0.0106
8.9828E-01 9.71467E-04 0.0111
1.1731E+00 8.47133E-04 0.0117
1.3332E+00 7.83000E-04 0.0120
1.8360E+00 6.42800E-04 0.0128

Energy Bin   Relative Error
6.0327E-02 3.48940950118
8.8348E-02 0.541598152701
1.2213E-01 0.424005996744
1.5936E-01 0.258496067018
3.9236E-01 0.129431775679
5.1404E-01 0.0697029444138
6.6221E-01 0.110388869901
8.9828E-01 0.110007498375
1.1731E+00 0.137155764874
1.3332E+00 0.117652691448
1.8360E+00 0.145237922377

Chi Squared Value
0.12440898505246097
Average Error
0.503007925883