Energy Bin  Efficiency  Uncertainity
6.0327E-02 4.09960E-03 0.0069
8.8348E-02 4.04653E-03 0.0069
1.2213E-01 3.79693E-03 0.0070
1.5936E-01 3.38953E-03 0.0073
3.9236E-01 1.93687E-03 0.0087
5.1404E-01 1.62187E-03 0.0091
6.6221E-01 1.37293E-03 0.0097
8.9828E-01 1.14873E-03 0.0102
1.1731E+00 9.90800E-04 0.0107
1.3332E+00 9.27067E-04 0.0110
1.8360E+00 7.59667E-04 0.0118

Energy Bin   Relative Error
6.0327E-02 4.48512344014
8.8348E-02 0.877895032873
1.2213E-01 0.72163650378
1.5936E-01 0.518981498944
3.9236E-01 0.340311447838
5.1404E-01 0.259377986684
6.6221E-01 0.310146262593
8.9828E-01 0.312549899903
1.1731E+00 0.330008312552
1.3332E+00 0.323293649684
1.8360E+00 0.353452795237

Chi Squared Value
0.22932024049979607
Average Error
0.802979711839