Energy Bin  Efficiency  Uncertainity
6.0327E-02 3.54920E-03 0.0074
8.8348E-02 3.50887E-03 0.0074
1.2213E-01 3.31560E-03 0.0075
1.5936E-01 2.95367E-03 0.0078
3.9236E-01 1.70847E-03 0.0092
5.1404E-01 1.43773E-03 0.0097
6.6221E-01 1.21287E-03 0.0103
8.9828E-01 1.00720E-03 0.0109
1.1731E+00 8.75933E-04 0.0114
1.3332E+00 8.12133E-04 0.0117
1.8360E+00 6.61667E-04 0.0125

Energy Bin   Relative Error
6.0327E-02 3.74870721869
8.8348E-02 0.62838025271
1.2213E-01 0.50338773481
1.5936E-01 0.323655516837
3.9236E-01 0.182258953511
5.1404E-01 0.116393738583
6.6221E-01 0.157405765415
8.9828E-01 0.150836366406
1.1731E+00 0.175815675453
1.3332E+00 0.15923707952
1.8360E+00 0.178852116343

Chi Squared Value
0.14779975580753452
Average Error
0.574993674389