Energy Bin  Efficiency  Uncertainity
6.0327E-02 3.30833E-03 0.0077
8.8348E-02 3.23580E-03 0.0077
1.2213E-01 3.03507E-03 0.0079
1.5936E-01 2.69947E-03 0.0081
3.9236E-01 1.52727E-03 0.0097
5.1404E-01 1.26647E-03 0.0102
6.6221E-01 1.06060E-03 0.0109
8.9828E-01 8.73867E-04 0.0115
1.1731E+00 7.49267E-04 0.0121
1.3332E+00 6.86800E-04 0.0126
1.8360E+00 5.59533E-04 0.0135

Energy Bin   Relative Error
6.0327E-02 3.42643146422
8.8348E-02 0.501655182928
1.2213E-01 0.376187420766
1.5936E-01 0.209738514471
3.9236E-01 0.0568687960157
5.1404E-01 0.0165892218266
6.6221E-01 0.012099033531
8.9828E-01 0.00151119638364
1.1731E+00 0.00578455623826
1.3332E+00 0.0196630032099
1.8360E+00 0.0031138605769

Chi Squared Value
0.1167944196375299
Average Error
0.420876568197