Energy Bin  Efficiency  Uncertainity
6.0327E-02 5.52000E-04 0.0189
8.8348E-02 5.74600E-04 0.0184
1.2213E-01 5.43133E-04 0.0187
1.5936E-01 5.29000E-04 0.0186
3.9236E-01 3.22533E-04 0.0211
5.1404E-01 2.80600E-04 0.0220
6.6221E-01 2.36333E-04 0.0233
8.9828E-01 1.93133E-04 0.0246
1.1731E+00 1.70800E-04 0.0254
1.3332E+00 1.54133E-04 0.0269
1.8360E+00 1.27933E-04 0.0285

Energy Bin   Relative Error
6.0327E-02 4.23057485786
8.8348E-02 0.646450182059
1.2213E-01 0.239217681565
1.5936E-01 0.133300852993
3.9236E-01 0.0271302348297
5.1404E-01 0.180255632091
6.6221E-01 0.0512325129293
8.9828E-01 0.105230219458
1.1731E+00 0.0855515267354
1.3332E+00 0.132946871317
1.8360E+00 0.107085982167

Chi Squared Value
15618.209197048755
Average Error
0.539906959455