Energy Bin  Efficiency  Uncertainity
6.0327E-02 5.56733E-04 0.0188
8.8348E-02 5.77600E-04 0.0183
1.2213E-01 5.46333E-04 0.0186
1.5936E-01 5.31667E-04 0.0186
3.9236E-01 3.24467E-04 0.0210
5.1404E-01 2.81400E-04 0.0219
6.6221E-01 2.37400E-04 0.0232
8.9828E-01 1.93800E-04 0.0246
1.1731E+00 1.71600E-04 0.0254
1.3332E+00 1.54933E-04 0.0268
1.8360E+00 1.28200E-04 0.0285

Energy Bin   Relative Error
6.0327E-02 4.275423247
8.8348E-02 0.655046336856
1.2213E-01 0.24651883355
1.5936E-01 0.139014488862
3.9236E-01 0.0212966298162
5.1404E-01 0.177918513437
6.6221E-01 0.0469490023375
8.9828E-01 0.102140061672
1.1731E+00 0.0812683957131
1.3332E+00 0.12844658583
1.8360E+00 0.105222443887

Chi Squared Value
15950.067646528938
Average Error
0.54356768536