Energy Bin  Efficiency  Uncertainity
6.0327E-02 5.60533E-04 0.0188
8.8348E-02 5.83733E-04 0.0182
1.2213E-01 5.49800E-04 0.0185
1.5936E-01 5.35200E-04 0.0185
3.9236E-01 3.24267E-04 0.0211
5.1404E-01 2.82067E-04 0.0219
6.6221E-01 2.36533E-04 0.0232
8.9828E-01 1.94400E-04 0.0246
1.1731E+00 1.71067E-04 0.0254
1.3332E+00 1.53733E-04 0.0269
1.8360E+00 1.28400E-04 0.0284

Energy Bin   Relative Error
6.0327E-02 4.31143082754
8.8348E-02 0.672619742645
1.2213E-01 0.254429175403
1.5936E-01 0.146583396071
3.9236E-01 0.0218998981733
5.1404E-01 0.175969940759
6.6221E-01 0.0504296056019
8.9828E-01 0.0993603095408
1.1731E+00 0.0841220317567
1.3332E+00 0.135197014061
1.8360E+00 0.103826535063

Chi Squared Value
16239.646260845684
Average Error
0.550533497874