Energy Bin  Efficiency  Uncertainity
6.0327E-02 5.92467E-04 0.0183
8.8348E-02 6.22933E-04 0.0177
1.2213E-01 5.84600E-04 0.0180
1.5936E-01 5.72267E-04 0.0179
3.9236E-01 3.59200E-04 0.0202
5.1404E-01 3.19067E-04 0.0211
6.6221E-01 2.74600E-04 0.0220
8.9828E-01 2.28400E-04 0.0232
1.1731E+00 2.05733E-04 0.0236
1.3332E+00 1.83867E-04 0.0248
1.8360E+00 1.52200E-04 0.0268

Energy Bin   Relative Error
6.0327E-02 4.61402716361
8.8348E-02 0.784942831989
1.2213E-01 0.333829203239
1.5936E-01 0.22599372257
3.9236E-01 0.0834699694269
5.1404E-01 0.0678782030089
6.6221E-01 0.102391760565
8.9828E-01 0.0581589778851
1.1731E+00 0.101476743268
1.3332E+00 0.0343174895157
1.8360E+00 0.0622866149793

Chi Squared Value
18700.440612891583
Average Error
0.588070243642