Energy Bin  Efficiency  Uncertainity
6.0327E-02 5.52000E-04 0.0189
8.8348E-02 5.74800E-04 0.0184
1.2213E-01 5.42933E-04 0.0187
1.5936E-01 5.29133E-04 0.0186
3.9236E-01 3.22800E-04 0.0211
5.1404E-01 2.80933E-04 0.0220
6.6221E-01 2.36600E-04 0.0232
8.9828E-01 1.93467E-04 0.0246
1.1731E+00 1.71467E-04 0.0254
1.3332E+00 1.54667E-04 0.0269
1.8360E+00 1.28200E-04 0.0285

Energy Bin   Relative Error
6.0327E-02 4.23057485786
8.8348E-02 0.647023259046
1.2213E-01 0.238761359566
1.5936E-01 0.133585784965
3.9236E-01 0.026324871573
5.1404E-01 0.179282806451
6.6221E-01 0.0501606316472
8.9828E-01 0.103682824105
1.1731E+00 0.0819804662456
1.3332E+00 0.129942930755
1.8360E+00 0.105222443887

Chi Squared Value
15616.108795926546
Average Error
0.538776566919