Energy Bin  Efficiency  Uncertainity
6.0327E-02 5.52067E-04 0.0189
8.8348E-02 5.74800E-04 0.0184
1.2213E-01 5.43200E-04 0.0187
1.5936E-01 5.29267E-04 0.0186
3.9236E-01 3.23067E-04 0.0211
5.1404E-01 2.81333E-04 0.0220
6.6221E-01 2.36600E-04 0.0232
8.9828E-01 1.93733E-04 0.0246
1.1731E+00 1.71400E-04 0.0254
1.3332E+00 1.54667E-04 0.0268
1.8360E+00 1.28667E-04 0.0284

Energy Bin   Relative Error
6.0327E-02 4.23120972836
8.8348E-02 0.647023259046
1.2213E-01 0.239370549435
1.5936E-01 0.133872859283
3.9236E-01 0.0255195083162
5.1404E-01 0.178114247124
6.6221E-01 0.0501606316472
8.9828E-01 0.102450467327
1.1731E+00 0.0823391784687
1.3332E+00 0.129942930755
1.8360E+00 0.101962996784

Chi Squared Value
15619.594203311312
Average Error
0.538360577868