Energy Bin  Efficiency  Uncertainity
6.0327E-02 5.90800E-04 0.0183
8.8348E-02 5.97000E-04 0.0180
1.2213E-01 5.62400E-04 0.0183
1.5936E-01 5.47400E-04 0.0183
3.9236E-01 3.30867E-04 0.0208
5.1404E-01 2.87200E-04 0.0217
6.6221E-01 2.40133E-04 0.0231
8.9828E-01 1.96733E-04 0.0244
1.1731E+00 1.73200E-04 0.0252
1.3332E+00 1.56400E-04 0.0267
1.8360E+00 1.28933E-04 0.0284

Energy Bin   Relative Error
6.0327E-02 4.59823120657
8.8348E-02 0.710634804541
1.2213E-01 0.283177461344
1.5936E-01 0.172720013097
3.9236E-01 0.00199204238765
5.1404E-01 0.160974403195
6.6221E-01 0.0359772737081
8.9828E-01 0.0885517066713
1.1731E+00 0.0727021336685
1.3332E+00 0.120194187319
1.8360E+00 0.100106438048

Chi Squared Value
18446.516991362667
Average Error
0.57684197005