Energy Bin  Efficiency  Uncertainity
6.0327E-02 5.09667E-04 0.0197
8.8348E-02 5.48800E-04 0.0188
1.2213E-01 5.17667E-04 0.0191
1.5936E-01 5.08267E-04 0.0190
3.9236E-01 3.12267E-04 0.0214
5.1404E-01 2.73133E-04 0.0223
6.6221E-01 2.33667E-04 0.0234
8.9828E-01 1.91467E-04 0.0247
1.1731E+00 1.69600E-04 0.0255
1.3332E+00 1.52600E-04 0.0270
1.8360E+00 1.26467E-04 0.0287

Energy Bin   Relative Error
6.0327E-02 3.82944093493
8.8348E-02 0.572523250808
1.2213E-01 0.181114201425
1.5936E-01 0.088883600469
3.9236E-01 0.0580959996018
5.1404E-01 0.202069713328
6.6221E-01 0.061935267604
8.9828E-01 0.112948664541
1.1731E+00 0.0919762232689
1.3332E+00 0.141570543381
1.8360E+00 0.117317993846

Chi Squared Value
12799.459759569147
Average Error
0.496170581201