Energy Bin  Efficiency  Uncertainity
6.0327E-02 5.88800E-04 0.0183
8.8348E-02 6.15067E-04 0.0178
1.2213E-01 5.79133E-04 0.0181
1.5936E-01 5.62667E-04 0.0181
3.9236E-01 3.45467E-04 0.0205
5.1404E-01 2.99267E-04 0.0213
6.6221E-01 2.55333E-04 0.0224
8.9828E-01 2.09400E-04 0.0238
1.1731E+00 1.83933E-04 0.0246
1.3332E+00 1.65600E-04 0.0259
1.8360E+00 1.38467E-04 0.0274

Energy Bin   Relative Error
6.0327E-02 4.57927984839
8.8348E-02 0.762403714112
1.2213E-01 0.321355641395
1.5936E-01 0.205427204255
3.9236E-01 0.0420465476837
5.1404E-01 0.125721889697
6.6221E-01 0.0250436831768
8.9828E-01 0.0298665062647
1.1731E+00 0.0152385770903
1.3332E+00 0.0684409042199
1.8360E+00 0.033563464413

Chi Squared Value
18365.913229184192
Average Error
0.564398907336