Energy Bin  Efficiency  Uncertainity
6.0327E-02 6.09267E-04 0.0180
8.8348E-02 6.37667E-04 0.0175
1.2213E-01 5.99400E-04 0.0178
1.5936E-01 5.84867E-04 0.0177
3.9236E-01 3.59467E-04 0.0201
5.1404E-01 3.13600E-04 0.0208
6.6221E-01 2.68400E-04 0.0219
8.9828E-01 2.20267E-04 0.0233
1.1731E+00 1.94867E-04 0.0238
1.3332E+00 1.75467E-04 0.0252
1.8360E+00 1.44800E-04 0.0267

Energy Bin   Relative Error
6.0327E-02 4.77321857233
8.8348E-02 0.82716141358
1.2213E-01 0.367597031169
1.5936E-01 0.252987277859
3.9236E-01 0.0842753326836
5.1404E-01 0.0838494876111
6.6221E-01 0.0775016334146
8.9828E-01 0.0204794377488
1.1731E+00 0.0433011161572
1.3332E+00 0.0129355080963
1.8360E+00 0.0106379884954

Chi Squared Value
20038.4379906522
Average Error
0.595813163559