Energy Bin  Efficiency  Uncertainity
6.0327E-02 5.12533E-04 0.0196
8.8348E-02 5.53267E-04 0.0187
1.2213E-01 5.20533E-04 0.0190
1.5936E-01 5.12200E-04 0.0189
3.9236E-01 3.14333E-04 0.0213
5.1404E-01 2.75933E-04 0.0221
6.6221E-01 2.34600E-04 0.0233
8.9828E-01 1.92933E-04 0.0247
1.1731E+00 1.69933E-04 0.0255
1.3332E+00 1.53200E-04 0.0269
1.8360E+00 1.26000E-04 0.0286

Energy Bin   Relative Error
6.0327E-02 3.85659823121
8.8348E-02 0.5853229253
1.2213E-01 0.187653295672
1.5936E-01 0.0973094459412
3.9236E-01 0.0518642374726
5.1404E-01 0.193889798039
6.6221E-01 0.0581897049215
8.9828E-01 0.106156803501
1.1731E+00 0.0901933699809
1.3332E+00 0.138195329266
1.8360E+00 0.12057744095

Chi Squared Value
12986.621952066285
Average Error
0.498722780205