Energy Bin  Efficiency  Uncertainity
6.0327E-02 5.09067E-04 0.0197
8.8348E-02 5.47267E-04 0.0188
1.2213E-01 5.16800E-04 0.0191
1.5936E-01 5.07733E-04 0.0190
3.9236E-01 3.12133E-04 0.0214
5.1404E-01 2.72667E-04 0.0223
6.6221E-01 2.33533E-04 0.0234
8.9828E-01 1.91133E-04 0.0248
1.1731E+00 1.69333E-04 0.0255
1.3332E+00 1.52467E-04 0.0270
1.8360E+00 1.26333E-04 0.0287

Energy Bin   Relative Error
6.0327E-02 3.82375552748
8.8348E-02 0.568130615707
1.2213E-01 0.179136045559
1.5936E-01 0.0877395878877
3.9236E-01 0.0585001894011
5.1404E-01 0.203431084944
6.6221E-01 0.0624732155134
8.9828E-01 0.114496059894
1.1731E+00 0.0934057182476
1.3332E+00 0.142318715844
1.8360E+00 0.118253252758

Chi Squared Value
12758.895670602944
Average Error
0.495603637567