Energy Bin  Efficiency  Uncertainity
6.0327E-02 5.08467E-04 0.0197
8.8348E-02 5.46000E-04 0.0189
1.2213E-01 5.15267E-04 0.0191
1.5936E-01 5.06667E-04 0.0191
3.9236E-01 3.10800E-04 0.0215
5.1404E-01 2.71867E-04 0.0223
6.6221E-01 2.32600E-04 0.0235
8.9828E-01 1.90667E-04 0.0248
1.1731E+00 1.69067E-04 0.0255
1.3332E+00 1.52067E-04 0.0271
1.8360E+00 1.25867E-04 0.0287

Energy Bin   Relative Error
6.0327E-02 3.81807012003
8.8348E-02 0.564500172998
1.2213E-01 0.175638337436
1.5936E-01 0.0854558474164
3.9236E-01 0.0625209730015
5.1404E-01 0.205768203598
6.6221E-01 0.0662187781958
8.9828E-01 0.116655000716
1.1731E+00 0.0948298593125
1.3332E+00 0.144568858587
1.8360E+00 0.121505720318

Chi Squared Value
12721.082668179082
Average Error
0.495975624691