Energy Bin  Efficiency  Uncertainity
6.0327E-02 6.04000E-04 0.0181
8.8348E-02 6.31933E-04 0.0175
1.2213E-01 5.93800E-04 0.0179
1.5936E-01 5.79867E-04 0.0178
3.9236E-01 3.54533E-04 0.0202
5.1404E-01 3.09600E-04 0.0209
6.6221E-01 2.64800E-04 0.0220
8.9828E-01 2.17333E-04 0.0234
1.1731E+00 1.91600E-04 0.0240
1.3332E+00 1.72800E-04 0.0254
1.8360E+00 1.42867E-04 0.0270

Energy Bin   Relative Error
6.0327E-02 4.72331017056
8.8348E-02 0.810731296379
1.2213E-01 0.354820015196
1.5936E-01 0.24227554957
3.9236E-01 0.069392702313
5.1404E-01 0.0955350808813
6.6221E-01 0.0630493015208
8.9828E-01 0.00688644982798
1.1731E+00 0.0258098798448
1.3332E+00 0.0279383348381
1.8360E+00 0.0028534702875

Chi Squared Value
19596.86642054461
Average Error
0.583872931929