Energy Bin  Efficiency  Uncertainity
6.0327E-02 5.52000E-04 0.0189
8.8348E-02 5.74733E-04 0.0184
1.2213E-01 5.42933E-04 0.0187
1.5936E-01 5.29067E-04 0.0186
3.9236E-01 3.22333E-04 0.0211
5.1404E-01 2.80600E-04 0.0220
6.6221E-01 2.35800E-04 0.0232
8.9828E-01 1.93067E-04 0.0246
1.1731E+00 1.70867E-04 0.0254
1.3332E+00 1.53333E-04 0.0269
1.8360E+00 1.27800E-04 0.0285

Energy Bin   Relative Error
6.0327E-02 4.23057485786
8.8348E-02 0.646831278255
1.2213E-01 0.238761359566
1.5936E-01 0.133444390152
3.9236E-01 0.0277335031869
5.1404E-01 0.180255632091
6.6221E-01 0.0533722609569
8.9828E-01 0.105535992192
1.1731E+00 0.0851928145123
1.3332E+00 0.137447156804
1.8360E+00 0.108014261535

Chi Squared Value
15620.263820901788
Average Error
0.54065122792