Energy Bin  Efficiency  Uncertainity
6.0327E-02 5.58200E-04 0.0188
8.8348E-02 5.80667E-04 0.0183
1.2213E-01 5.46600E-04 0.0186
1.5936E-01 5.32200E-04 0.0186
3.9236E-01 3.23467E-04 0.0211
5.1404E-01 2.81267E-04 0.0220
6.6221E-01 2.35933E-04 0.0233
8.9828E-01 1.94067E-04 0.0247
1.1731E+00 1.70867E-04 0.0254
1.3332E+00 1.53800E-04 0.0269
1.8360E+00 1.28267E-04 0.0285

Energy Bin   Relative Error
6.0327E-02 4.28932406822
8.8348E-02 0.663834472443
1.2213E-01 0.247128023418
1.5936E-01 0.140156359098
3.9236E-01 0.0243129716019
5.1404E-01 0.178307059413
6.6221E-01 0.0528383275842
8.9828E-01 0.100903071974
1.1731E+00 0.0851928145123
1.3332E+00 0.134820115151
1.8360E+00 0.104754814431

Chi Squared Value
16065.05649050117
Average Error
0.547415645259