Energy Bin  Efficiency  Uncertainity
6.0327E-02 6.01333E-04 0.0181
8.8348E-02 6.30933E-04 0.0176
1.2213E-01 5.91733E-04 0.0179
1.5936E-01 5.78000E-04 0.0178
3.9236E-01 3.54867E-04 0.0202
5.1404E-01 3.12800E-04 0.0210
6.6221E-01 2.69533E-04 0.0221
8.9828E-01 2.25933E-04 0.0232
1.1731E+00 1.99533E-04 0.0238
1.3332E+00 1.81133E-04 0.0249
1.8360E+00 1.47800E-04 0.0269

Energy Bin   Relative Error
6.0327E-02 4.69803853443
8.8348E-02 0.807865911447
1.2213E-01 0.350103927335
1.5936E-01 0.238275790227
3.9236E-01 0.0704001604694
5.1404E-01 0.0861866062651
6.6221E-01 0.0820501034245
8.9828E-01 0.0467295637063
1.1731E+00 0.0682824778448
1.3332E+00 0.0189377638644
1.8360E+00 0.0315766208537

Chi Squared Value
19395.500806893382
Average Error
0.590767950897