Energy Bin  Efficiency  Uncertainity
6.0327E-02 5.80600E-04 0.0185
8.8348E-02 5.90400E-04 0.0181
1.2213E-01 5.55867E-04 0.0184
1.5936E-01 5.43133E-04 0.0184
3.9236E-01 3.29867E-04 0.0209
5.1404E-01 2.85333E-04 0.0218
6.6221E-01 2.38733E-04 0.0232
8.9828E-01 1.95667E-04 0.0245
1.1731E+00 1.72400E-04 0.0253
1.3332E+00 1.55667E-04 0.0267
1.8360E+00 1.28467E-04 0.0284

Energy Bin   Relative Error
6.0327E-02 4.50157927985
8.8348E-02 0.691723263989
1.2213E-01 0.268271703245
1.5936E-01 0.163578624175
3.9236E-01 0.00500838417336
5.1404E-01 0.166428653854
6.6221E-01 0.0415976250001
8.9828E-01 0.0934903996241
1.1731E+00 0.0769852646908
1.3332E+00 0.124317573896
1.8360E+00 0.103358905607

Chi Squared Value
17676.10957556957
Average Error
0.566939970737