Energy Bin  Efficiency  Uncertainity
6.0327E-02 5.67133E-04 0.0187
8.8348E-02 5.87400E-04 0.0182
1.2213E-01 5.55333E-04 0.0184
1.5936E-01 5.40067E-04 0.0184
3.9236E-01 3.26067E-04 0.0210
5.1404E-01 2.82867E-04 0.0219
6.6221E-01 2.37867E-04 0.0231
8.9828E-01 1.95267E-04 0.0246
1.1731E+00 1.71133E-04 0.0254
1.3332E+00 1.54200E-04 0.0268
1.8360E+00 1.28667E-04 0.0284

Energy Bin   Relative Error
6.0327E-02 4.37397030954
8.8348E-02 0.683127109192
1.2213E-01 0.267053323507
1.5936E-01 0.157010192388
3.9236E-01 0.0164704829591
5.1404E-01 0.173632822105
6.6221E-01 0.0450742137279
8.9828E-01 0.0953435677115
1.1731E+00 0.0837686734474
1.3332E+00 0.132569972408
1.8360E+00 0.101962996784

Chi Squared Value
16715.762734988082
Average Error
0.557271242161