Energy Bin  Efficiency  Uncertainity
6.0327E-02 5.61867E-04 0.0188
8.8348E-02 5.84867E-04 0.0182
1.2213E-01 5.51267E-04 0.0185
1.5936E-01 5.37200E-04 0.0185
3.9236E-01 3.24933E-04 0.0210
5.1404E-01 2.82267E-04 0.0219
6.6221E-01 2.37067E-04 0.0232
8.9828E-01 1.94667E-04 0.0246
1.1731E+00 1.71000E-04 0.0254
1.3332E+00 1.54133E-04 0.0268
1.8360E+00 1.28733E-04 0.0284

Energy Bin   Relative Error
6.0327E-02 4.32407138345
8.8348E-02 0.675869089159
1.2213E-01 0.257776297266
1.5936E-01 0.150868087387
3.9236E-01 0.019891014544
5.1404E-01 0.175385661095
6.6221E-01 0.0482858430376
8.9828E-01 0.0981233198425
1.1731E+00 0.0844807439799
1.3332E+00 0.132946871317
1.8360E+00 0.101502346872

Chi Squared Value
16336.635001211309
Average Error
0.551745514359