Energy Bin  Efficiency  Uncertainity
6.0327E-02 6.30600E-04 0.0177
8.8348E-02 6.60533E-04 0.0172
1.2213E-01 6.16667E-04 0.0175
1.5936E-01 6.01400E-04 0.0175
3.9236E-01 3.69267E-04 0.0198
5.1404E-01 3.26867E-04 0.0206
6.6221E-01 2.81467E-04 0.0218
8.9828E-01 2.36133E-04 0.0227
1.1731E+00 2.09133E-04 0.0232
1.3332E+00 1.87333E-04 0.0246
1.8360E+00 1.56067E-04 0.0264

Energy Bin   Relative Error
6.0327E-02 4.97536323437
8.8348E-02 0.892681305441
1.2213E-01 0.406993590958
1.5936E-01 0.28840667862
3.9236E-01 0.113835482184
5.1404E-01 0.0450912961319
6.6221E-01 0.129959583652
8.9828E-01 0.0939853499341
1.1731E+00 0.119680050113
1.3332E+00 0.0538149763876
1.8360E+00 0.0892765120892

Chi Squared Value
21895.97670787516
Average Error
0.655371641807