Energy Bin  Efficiency  Uncertainity
6.0327E-02 6.14133E-04 0.0179
8.8348E-02 6.44000E-04 0.0174
1.2213E-01 6.03667E-04 0.0177
1.5936E-01 5.88733E-04 0.0176
3.9236E-01 3.60267E-04 0.0201
5.1404E-01 3.18867E-04 0.0207
6.6221E-01 2.75067E-04 0.0220
8.9828E-01 2.31267E-04 0.0229
1.1731E+00 2.02867E-04 0.0235
1.3332E+00 1.83200E-04 0.0248
1.8360E+00 1.51267E-04 0.0266

Energy Bin   Relative Error
6.0327E-02 4.81932722678
8.8348E-02 0.845307896356
1.2213E-01 0.377332661019
1.5936E-01 0.261269586172
3.9236E-01 0.0866884061122
5.1404E-01 0.0684624826725
6.6221E-01 0.104266549175
8.9828E-01 0.0714415601513
1.1731E+00 0.0861324263803
1.3332E+00 0.0305653764911
1.8360E+00 0.0557747003158

Chi Squared Value
20468.148076817168
Average Error
0.61877898833