Energy Bin  Efficiency  Uncertainity
6.0327E-02 5.07067E-04 0.0197
8.8348E-02 5.44933E-04 0.0189
1.2213E-01 5.14333E-04 0.0192
1.5936E-01 5.05400E-04 0.0191
3.9236E-01 3.10267E-04 0.0215
5.1404E-01 2.71800E-04 0.0223
6.6221E-01 2.32200E-04 0.0235
8.9828E-01 1.90600E-04 0.0248
1.1731E+00 1.69067E-04 0.0255
1.3332E+00 1.51867E-04 0.0271
1.8360E+00 1.26133E-04 0.0287

Energy Bin   Relative Error
6.0327E-02 3.8048041693
8.8348E-02 0.561442807275
1.2213E-01 0.173507313701
1.5936E-01 0.082741495468
3.9236E-01 0.0641286831733
5.1404E-01 0.205963937285
6.6221E-01 0.0678245928507
8.9828E-01 0.116965406371
1.1731E+00 0.0948298593125
1.3332E+00 0.145693929959
1.8360E+00 0.119649161582

Chi Squared Value
12632.026461441083
Average Error
0.494322850571