Energy Bin  Efficiency  Uncertainity
6.0327E-02 5.93400E-04 0.0182
8.8348E-02 6.20000E-04 0.0177
1.2213E-01 5.85800E-04 0.0180
1.5936E-01 5.67200E-04 0.0180
3.9236E-01 3.48867E-04 0.0204
5.1404E-01 3.02667E-04 0.0212
6.6221E-01 2.58600E-04 0.0222
8.9828E-01 2.11667E-04 0.0237
1.1731E+00 1.85733E-04 0.0244
1.3332E+00 1.67000E-04 0.0258
1.8360E+00 1.39867E-04 0.0273

Energy Bin   Relative Error
6.0327E-02 4.6228679722
8.8348E-02 0.776538657983
1.2213E-01 0.336567135233
1.5936E-01 0.215138457122
3.9236E-01 0.0523021097551
5.1404E-01 0.115789135417
6.6221E-01 0.0381591743704
8.9828E-01 0.0193636761295
1.1731E+00 0.00560153229012
1.3332E+00 0.0605654046179
1.8360E+00 0.0237921026458

Chi Squared Value
18734.386097283317
Average Error
0.569698668888