Energy Bin  Efficiency  Uncertainity
6.0327E-02 5.53867E-04 0.0189
8.8348E-02 5.77067E-04 0.0184
1.2213E-01 5.43533E-04 0.0186
1.5936E-01 5.29467E-04 0.0186
3.9236E-01 3.22733E-04 0.0211
5.1404E-01 2.80467E-04 0.0220
6.6221E-01 2.35667E-04 0.0233
8.9828E-01 1.93933E-04 0.0247
1.1731E+00 1.70667E-04 0.0254
1.3332E+00 1.53600E-04 0.0269
1.8360E+00 1.28067E-04 0.0285

Energy Bin   Relative Error
6.0327E-02 4.24826595073
8.8348E-02 0.653519086687
1.2213E-01 0.240130325563
1.5936E-01 0.134301328415
3.9236E-01 0.0265269664726
5.1404E-01 0.180644178067
6.6221E-01 0.0539061943297
8.9828E-01 0.101523883283
1.1731E+00 0.0862635972679
1.3332E+00 0.135945186523
1.8360E+00 0.106150723255

Chi Squared Value
15754.379028298557
Average Error
0.542470674599