Energy Bin  Efficiency  Uncertainity
6.0327E-02 6.79667E-04 0.0171
8.8348E-02 7.08067E-04 0.0166
1.2213E-01 6.58467E-04 0.0169
1.5936E-01 6.37200E-04 0.0169
3.9236E-01 3.90800E-04 0.0192
5.1404E-01 3.48267E-04 0.0199
6.6221E-01 2.96533E-04 0.0211
8.9828E-01 2.52667E-04 0.0222
1.1731E+00 2.23667E-04 0.0225
1.3332E+00 1.98867E-04 0.0239
1.8360E+00 1.62400E-04 0.0256

Energy Bin   Relative Error
6.0327E-02 5.44030638029
8.8348E-02 1.02888451281
1.2213E-01 0.50236488876
1.5936E-01 0.36510265317
3.9236E-01 0.178786369855
5.1404E-01 0.017426627864
6.6221E-01 0.190442592628
8.9828E-01 0.170586052825
1.1731E+00 0.197493832961
1.3332E+00 0.118697842394
1.8360E+00 0.133477964998

Chi Squared Value
26455.42229286986
Average Error
0.75850633805