Energy Bin  Efficiency  Uncertainity
6.0327E-02 5.30133E-04 0.0193
8.8348E-02 5.61800E-04 0.0186
1.2213E-01 5.29400E-04 0.0189
1.5936E-01 5.18933E-04 0.0188
3.9236E-01 3.16067E-04 0.0213
5.1404E-01 2.76733E-04 0.0221
6.6221E-01 2.34200E-04 0.0234
8.9828E-01 1.92200E-04 0.0247
1.1731E+00 1.69667E-04 0.0255
1.3332E+00 1.53733E-04 0.0269
1.8360E+00 1.27400E-04 0.0286

Energy Bin   Relative Error
6.0327E-02 4.0233701832
8.8348E-02 0.609773254927
1.2213E-01 0.2078843315
1.5936E-01 0.111733859255
3.9236E-01 0.0466339008161
5.1404E-01 0.191552679385
6.6221E-01 0.0597955195764
8.9828E-01 0.109552734021
1.1731E+00 0.0916175110458
1.3332E+00 0.135197014061
1.8360E+00 0.110806079183

Chi Squared Value
14127.254455583006
Average Error
0.517992460633