Energy Bin  Efficiency  Uncertainity
6.0327E-02 6.15267E-04 0.0179
8.8348E-02 6.40600E-04 0.0174
1.2213E-01 6.11800E-04 0.0176
1.5936E-01 5.91667E-04 0.0176
3.9236E-01 3.65067E-04 0.0200
5.1404E-01 3.08733E-04 0.0209
6.6221E-01 2.65333E-04 0.0219
8.9828E-01 2.14733E-04 0.0236
1.1731E+00 1.87000E-04 0.0244
1.3332E+00 1.72200E-04 0.0253
1.8360E+00 1.41133E-04 0.0271

Energy Bin   Relative Error
6.0327E-02 4.34423325963
8.8348E-02 0.682601788621
1.2213E-01 0.279564912185
1.5936E-01 0.161925625971
3.9236E-01 0.00940294279332
5.1404E-01 0.173228938787
6.6221E-01 0.0235767045806
8.9828E-01 0.0880625475116
1.1731E+00 0.0822499465724
1.3332E+00 0.112037419874
1.8360E+00 0.0970429998081

Chi Squared Value
0.02661272079479681
Average Error
0.550357007849