Energy Bin  Efficiency  Uncertainity
6.0327E-02 7.12067E-04 0.0167
8.8348E-02 7.35267E-04 0.0163
1.2213E-01 6.94333E-04 0.0165
1.5936E-01 6.69133E-04 0.0165
3.9236E-01 4.20333E-04 0.0187
5.1404E-01 3.59600E-04 0.0196
6.6221E-01 3.12067E-04 0.0206
8.9828E-01 2.56600E-04 0.0217
1.1731E+00 2.27333E-04 0.0223
1.3332E+00 2.07133E-04 0.0233
1.8360E+00 1.68867E-04 0.0255

Energy Bin   Relative Error
6.0327E-02 5.18504185092
8.8348E-02 0.931254401052
1.2213E-01 0.45218068678
1.5936E-01 0.314054662307
3.9236E-01 0.162212325828
5.1404E-01 0.0370097345861
6.6221E-01 0.148404037687
8.9828E-01 0.0897400507073
1.1731E+00 0.115694507464
1.3332E+00 0.0680972886718
1.8360E+00 0.0803967870832

Chi Squared Value
0.03955449235615666
Average Error
0.689462393917