Energy Bin  Efficiency  Uncertainity
6.0327E-02 6.94733E-04 0.0169
8.8348E-02 7.16133E-04 0.0165
1.2213E-01 6.78867E-04 0.0167
1.5936E-01 6.56067E-04 0.0167
3.9236E-01 4.11933E-04 0.0189
5.1404E-01 3.52467E-04 0.0198
6.6221E-01 3.04600E-04 0.0207
8.9828E-01 2.51067E-04 0.0221
1.1731E+00 2.20667E-04 0.0227
1.3332E+00 2.02800E-04 0.0236
1.8360E+00 1.67000E-04 0.0256

Energy Bin   Relative Error
6.0327E-02 5.03447804801
8.8348E-02 0.880996982033
1.2213E-01 0.419833921608
1.5936E-01 0.288395431305
3.9236E-01 0.138986494078
5.1404E-01 0.0561115409354
6.6221E-01 0.12092553804
8.9828E-01 0.0662422654362
1.1731E+00 0.0829794173246
1.3332E+00 0.0457538400092
1.8360E+00 0.0684518789514

Chi Squared Value
0.03691433269492739
Average Error
0.654832305248