Energy Bin  Efficiency  Uncertainity
6.0327E-02 7.63600E-04 0.0161
8.8348E-02 7.89000E-04 0.0157
1.2213E-01 7.42200E-04 0.0159
1.5936E-01 7.08667E-04 0.0160
3.9236E-01 4.47733E-04 0.0181
5.1404E-01 3.84200E-04 0.0190
6.6221E-01 3.28400E-04 0.0200
8.9828E-01 2.75800E-04 0.0211
1.1731E+00 2.42733E-04 0.0216
1.3332E+00 2.21467E-04 0.0226
1.8360E+00 1.80067E-04 0.0245

Energy Bin   Relative Error
6.0327E-02 5.63265950726
8.8348E-02 1.07238965224
1.2213E-01 0.552293360287
1.5936E-01 0.391692197773
3.9236E-01 0.237972777013
5.1404E-01 0.028867797475
6.6221E-01 0.208509345674
8.9828E-01 0.171279446551
1.1731E+00 0.191273923629
1.3332E+00 0.142011665115
1.8360E+00 0.152053440043

Chi Squared Value
0.04805816164579644
Average Error
0.798273010278