Energy Bin  Efficiency  Uncertainity
6.0327E-02 7.82133E-04 0.0159
8.8348E-02 8.09533E-04 0.0155
1.2213E-01 7.56933E-04 0.0158
1.5936E-01 7.20800E-04 0.0159
3.9236E-01 4.57867E-04 0.0180
5.1404E-01 3.90000E-04 0.0188
6.6221E-01 3.35933E-04 0.0199
8.9828E-01 2.80867E-04 0.0209
1.1731E+00 2.47000E-04 0.0213
1.3332E+00 2.26133E-04 0.0224
1.8360E+00 1.82733E-04 0.0242

Energy Bin   Relative Error
6.0327E-02 5.79363787113
8.8348E-02 1.12632168865
1.2213E-01 0.583107073675
1.5936E-01 0.415519187651
3.9236E-01 0.265993084031
5.1404E-01 0.0443998985301
6.6221E-01 0.236230724788
8.9828E-01 0.192798202736
1.1731E+00 0.212215311212
1.3332E+00 0.166072253959
1.8360E+00 0.169110282613

Chi Squared Value
0.051338076100069116
Average Error
0.836855052634