Energy Bin  Efficiency  Uncertainity
6.0327E-02 6.74333E-04 0.0171
8.8348E-02 6.96933E-04 0.0167
1.2213E-01 6.63600E-04 0.0169
1.5936E-01 6.38467E-04 0.0170
3.9236E-01 4.00133E-04 0.0191
5.1404E-01 3.40067E-04 0.0201
6.6221E-01 2.96467E-04 0.0210
8.9828E-01 2.39600E-04 0.0225
1.1731E+00 2.13200E-04 0.0231
1.3332E+00 1.94467E-04 0.0241
1.8360E+00 1.56333E-04 0.0261

Energy Bin   Relative Error
6.0327E-02 4.85728284902
8.8348E-02 0.830566207226
1.2213E-01 0.387903360127
1.5936E-01 0.253832254692
3.9236E-01 0.10635973043
5.1404E-01 0.0893181018117
6.6221E-01 0.0909961637757
8.9828E-01 0.0175437106371
1.1731E+00 0.0463332159934
1.3332E+00 0.00278408286526
1.8360E+00 0.000205314922847

Chi Squared Value
0.034027851636081394
Average Error
0.607556817409