Energy Bin  Efficiency  Uncertainity
6.0327E-02 3.92227E-03 0.0071
8.8348E-02 3.87427E-03 0.0071
1.2213E-01 3.65227E-03 0.0072
1.5936E-01 3.28560E-03 0.0074
3.9236E-01 1.86267E-03 0.0088
5.1404E-01 1.57373E-03 0.0093
6.6221E-01 1.34280E-03 0.0098
8.9828E-01 1.10607E-03 0.0104
1.1731E+00 9.54200E-04 0.0109
1.3332E+00 9.09600E-04 0.0111
1.8360E+00 7.29133E-04 0.0119

Energy Bin   Relative Error
6.0327E-02 3.81054018016
8.8348E-02 0.648123953921
1.2213E-01 0.518039900882
1.5936E-01 0.349705852587
3.9236E-01 0.18155138488
5.1404E-01 0.120164280986
6.6221E-01 0.174611258131
8.9828E-01 0.158488994051
1.1731E+00 0.174138175398
1.3332E+00 0.190164513575
1.8360E+00 0.19079786126

Chi Squared Value
0.1537307258180712
Average Error
0.592393305076