Energy Bin  Efficiency  Uncertainity
6.0327E-02 4.21013E-03 0.0068
8.8348E-02 4.14160E-03 0.0068
1.2213E-01 3.90593E-03 0.0069
1.5936E-01 3.50900E-03 0.0071
3.9236E-01 1.97953E-03 0.0085
5.1404E-01 1.67153E-03 0.0090
6.6221E-01 1.42853E-03 0.0095
8.9828E-01 1.18373E-03 0.0101
1.1731E+00 1.01513E-03 0.0106
1.3332E+00 9.69867E-04 0.0108
1.8360E+00 7.75667E-04 0.0116

Energy Bin   Relative Error
6.0327E-02 4.1635913715
8.8348E-02 0.761846791153
1.2213E-01 0.623471865457
1.5936E-01 0.441477306041
3.9236E-01 0.255679434849
5.1404E-01 0.189777281107
6.6221E-01 0.249603381425
8.9828E-01 0.239829465521
1.1731E+00 0.249112225939
1.3332E+00 0.269020763289
1.8360E+00 0.266795776148

Chi Squared Value
0.19071417363118343
Average Error
0.700927787494