Energy Bin  Efficiency  Uncertainity
6.0327E-02 3.79087E-03 0.0072
8.8348E-02 3.74640E-03 0.0072
1.2213E-01 3.53847E-03 0.0073
1.5936E-01 3.18407E-03 0.0075
3.9236E-01 1.80633E-03 0.0090
5.1404E-01 1.52773E-03 0.0094
6.6221E-01 1.30220E-03 0.0100
8.9828E-01 1.07587E-03 0.0106
1.1731E+00 9.24267E-04 0.0111
1.3332E+00 8.79400E-04 0.0113
1.8360E+00 7.07800E-04 0.0121

Energy Bin   Relative Error
6.0327E-02 3.64938223345
8.8348E-02 0.593727742509
1.2213E-01 0.470739744891
1.5936E-01 0.307997904202
3.9236E-01 0.145813113997
5.1404E-01 0.0874219700906
6.6221E-01 0.139096500103
8.9828E-01 0.126857752249
1.1731E+00 0.137305773381
1.3332E+00 0.150649376911
1.8360E+00 0.155957453853

Chi Squared Value
0.13838915539615607
Average Error
0.54226814233