Energy Bin  Efficiency  Uncertainity
6.0327E-02 3.18513E-03 0.0079
8.8348E-02 3.24707E-03 0.0077
1.2213E-01 3.07840E-03 0.0078
1.5936E-01 2.78427E-03 0.0080
3.9236E-01 1.56087E-03 0.0096
5.1404E-01 1.32200E-03 0.0100
6.6221E-01 1.11873E-03 0.0106
8.9828E-01 9.18400E-04 0.0113
1.1731E+00 7.76400E-04 0.0118
1.3332E+00 7.41400E-04 0.0121
1.8360E+00 5.97600E-04 0.0131

Energy Bin   Relative Error
6.0327E-02 2.90646126963
8.8348E-02 0.38131153664
1.2213E-01 0.279514940263
1.5936E-01 0.143762330832
3.9236E-01 0.00989004487265
5.1404E-01 0.059014456442
6.6221E-01 0.0213934667795
8.9828E-01 0.0380750837319
1.1731E+00 0.044643806981
1.3332E+00 0.0299164793702
1.8360E+00 0.0240178377755

Chi Squared Value
0.08225095799535867
Average Error
0.358000113938