Energy Bin  Efficiency  Uncertainity
6.0327E-02 3.18533E-03 0.0079
8.8348E-02 3.24753E-03 0.0077
1.2213E-01 3.07873E-03 0.0078
1.5936E-01 2.78413E-03 0.0080
3.9236E-01 1.56060E-03 0.0096
5.1404E-01 1.32273E-03 0.0100
6.6221E-01 1.11833E-03 0.0106
8.9828E-01 9.17800E-04 0.0113
1.1731E+00 7.76133E-04 0.0118
1.3332E+00 7.40200E-04 0.0121
1.8360E+00 5.97933E-04 0.0131

Energy Bin   Relative Error
6.0327E-02 2.90670656331
8.8348E-02 0.381507221767
1.2213E-01 0.279652102403
1.5936E-01 0.143704819626
3.9236E-01 0.0100613145414
5.1404E-01 0.0584948502039
6.6221E-01 0.0217433658734
8.9828E-01 0.0387035189995
1.1731E+00 0.044972349103
1.3332E+00 0.0314866172509
1.8360E+00 0.0234739922935

Chi Squared Value
0.08226990586206091
Average Error
0.358227883216