Energy Bin  Efficiency  Uncertainity
6.0327E-02 3.66053E-03 0.0073
8.8348E-02 3.62407E-03 0.0073
1.2213E-01 3.42373E-03 0.0074
1.5936E-01 3.08527E-03 0.0076
3.9236E-01 1.75080E-03 0.0091
5.1404E-01 1.48720E-03 0.0095
6.6221E-01 1.26793E-03 0.0101
8.9828E-01 1.04267E-03 0.0107
1.1731E+00 8.96467E-04 0.0112
1.3332E+00 8.51800E-04 0.0114
1.8360E+00 6.86267E-04 0.0123

Energy Bin   Relative Error
6.0327E-02 3.48952434322
8.8348E-02 0.541688260675
1.2213E-01 0.423048884624
1.5936E-01 0.26741142434
3.9236E-01 0.110588652122
5.1404E-01 0.0585731470343
6.6221E-01 0.109118895235
8.9828E-01 0.0920843341086
1.1731E+00 0.103098016856
1.3332E+00 0.114536205655
1.8360E+00 0.120790412522

Chi Squared Value
0.12425771695226306
Average Error
0.493678416036