Energy Bin  Efficiency  Uncertainity
6.0327E-02 4.36193E-03 0.0067
8.8348E-02 4.29107E-03 0.0067
1.2213E-01 4.03773E-03 0.0068
1.5936E-01 3.62647E-03 0.0070
3.9236E-01 2.03767E-03 0.0084
5.1404E-01 1.72860E-03 0.0089
6.6221E-01 1.47027E-03 0.0094
8.9828E-01 1.22193E-03 0.0099
1.1731E+00 1.04953E-03 0.0104
1.3332E+00 9.95733E-04 0.0107
1.8360E+00 8.03933E-04 0.0114

Energy Bin   Relative Error
6.0327E-02 4.34976927342
8.8348E-02 0.825431695507
1.2213E-01 0.678253592694
1.5936E-01 0.489733316055
3.9236E-01 0.292559503523
5.1404E-01 0.230399100298
6.6221E-01 0.28611535187
8.9828E-01 0.279839844224
1.1731E+00 0.291441248402
1.3332E+00 0.302865085308
1.8360E+00 0.3129589485

Chi Squared Value
0.21225631535019854
Average Error
0.758124269073