Energy Bin  Efficiency  Uncertainity
6.0327E-02 6.79833E-03 0.0054
8.8348E-02 7.60880E-03 0.0050
1.2213E-01 7.63613E-03 0.0050
1.5936E-01 7.07287E-03 0.0050
3.9236E-01 3.82780E-03 0.0059
5.1404E-01 3.09133E-03 0.0063
6.6221E-01 2.59340E-03 0.0067
8.9828E-01 2.09753E-03 0.0072
1.1731E+00 1.74927E-03 0.0076
1.3332E+00 1.61353E-03 0.0079
1.8360E+00 1.28460E-03 0.0086

Energy Bin   Relative Error
6.0327E-02 21.6355281408
8.8348E-02 5.22231902306
1.2213E-01 4.08058538844
1.5936E-01 3.77149463593
3.9236E-01 2.42995802532
5.1404E-01 1.79410161921
6.6221E-01 2.07377613865
8.9828E-01 1.96583121445
1.1731E+00 1.84935254019
1.3332E+00 1.76227933883
1.8360E+00 1.74252775406

Chi Squared Value
533575.3009401147
Average Error
4.39343216536