Energy Bin  Efficiency  Uncertainity
6.0327E-02 6.77347E-03 0.0054
8.8348E-02 7.57333E-03 0.0050
1.2213E-01 7.59887E-03 0.0050
1.5936E-01 7.03787E-03 0.0050
3.9236E-01 3.80433E-03 0.0059
5.1404E-01 3.07513E-03 0.0063
6.6221E-01 2.58160E-03 0.0067
8.9828E-01 2.08567E-03 0.0072
1.1731E+00 1.73667E-03 0.0077
1.3332E+00 1.60427E-03 0.0079
1.8360E+00 1.27680E-03 0.0086

Energy Bin   Relative Error
6.0327E-02 21.5527549849
8.8348E-02 5.19331239182
1.2213E-01 4.05579500227
1.5936E-01 3.7478829603
3.9236E-01 2.40892737721
5.1404E-01 1.7794592335
6.6221E-01 2.05979042166
8.9828E-01 1.94906160534
1.1731E+00 1.8288286405
1.3332E+00 1.74642670102
1.8360E+00 1.72587532024

Chi Squared Value
528996.0266668838
Average Error
4.3680104217