Energy Bin  Efficiency  Uncertainity
6.0327E-02 6.83293E-03 0.0054
8.8348E-02 7.65213E-03 0.0050
1.2213E-01 7.69920E-03 0.0049
1.5936E-01 7.15060E-03 0.0050
3.9236E-01 3.92100E-03 0.0059
5.1404E-01 3.18327E-03 0.0063
6.6221E-01 2.68280E-03 0.0066
8.9828E-01 2.17113E-03 0.0071
1.1731E+00 1.81800E-03 0.0075
1.3332E+00 1.67780E-03 0.0077
1.8360E+00 1.33847E-03 0.0085

Energy Bin   Relative Error
6.0327E-02 21.7507313266
8.8348E-02 5.25775339947
1.2213E-01 4.12254807379
1.5936E-01 3.82393279442
3.9236E-01 2.51347129351
5.1404E-01 1.8772016774
6.6221E-01 2.17973572328
8.9828E-01 2.06989894048
1.1731E+00 1.96130552635
1.3332E+00 1.8723062321
1.8360E+00 1.85753629377

Chi Squared Value
542387.6316388231
Average Error
4.48058375283