Energy Bin  Efficiency  Uncertainity
6.0327E-02 8.05287E-03 0.0049
8.8348E-02 8.57413E-03 0.0047
1.2213E-01 8.42093E-03 0.0047
1.5936E-01 7.76393E-03 0.0048
3.9236E-01 4.15560E-03 0.0057
5.1404E-01 3.35327E-03 0.0061
6.6221E-01 2.80427E-03 0.0064
8.9828E-01 2.25353E-03 0.0069
1.1731E+00 1.88233E-03 0.0074
1.3332E+00 1.73607E-03 0.0076
1.8360E+00 1.37680E-03 0.0083

Energy Bin   Relative Error
6.0327E-02 25.8126091996
8.8348E-02 6.01174590017
1.2213E-01 4.60274038225
1.5936E-01 4.23769705208
3.9236E-01 2.72368816815
5.1404E-01 2.0308563423
6.6221E-01 2.32370564214
8.9828E-01 2.1864095468
1.1731E+00 2.06609143642
1.3332E+00 1.97206143782
1.8360E+00 1.93936806149

Chi Squared Value
747409.3425113441
Average Error
5.08245210629