Energy Bin  Efficiency  Uncertainity
6.0327E-02 6.76113E-03 0.0054
8.8348E-02 7.55767E-03 0.0051
1.2213E-01 7.57933E-03 0.0050
1.5936E-01 7.01573E-03 0.0051
3.9236E-01 3.78247E-03 0.0059
5.1404E-01 3.05927E-03 0.0064
6.6221E-01 2.56693E-03 0.0067
8.9828E-01 2.07000E-03 0.0072
1.1731E+00 1.72380E-03 0.0077
1.3332E+00 1.59313E-03 0.0079
1.8360E+00 1.26740E-03 0.0087

Energy Bin   Relative Error
6.0327E-02 21.5116680683
8.8348E-02 5.18050596822
1.2213E-01 4.04279435423
1.5936E-01 3.73294688891
3.9236E-01 2.38933939392
5.1404E-01 1.76512415711
6.6221E-01 2.04240309385
8.9828E-01 1.92690479464
1.1731E+00 1.80786494297
1.3332E+00 1.72735560112
1.8360E+00 1.70580700256

Chi Squared Value
526425.4528457632
Average Error
4.34842856962