Energy Bin  Efficiency  Uncertainity
6.0327E-02 8.09360E-03 0.0049
8.8348E-02 8.79387E-03 0.0047
1.2213E-01 8.69647E-03 0.0046
1.5936E-01 8.08833E-03 0.0047
3.9236E-01 4.47600E-03 0.0055
5.1404E-01 3.62827E-03 0.0059
6.6221E-01 3.05540E-03 0.0062
8.9828E-01 2.48373E-03 0.0066
1.1731E+00 2.08033E-03 0.0071
1.3332E+00 1.93147E-03 0.0073
1.8360E+00 1.54133E-03 0.0079

Energy Bin   Relative Error
6.0327E-02 25.9482226607
8.8348E-02 6.19144472023
1.2213E-01 4.78606681827
1.5936E-01 4.45654355427
3.9236E-01 3.01078742916
5.1404E-01 2.27941535906
6.6221E-01 2.62135251563
8.9828E-01 2.51190398338
1.1731E+00 2.38860986008
1.3332E+00 2.30657606277
1.8360E+00 2.29062766866

Chi Squared Value
770292.30198269
Average Error
5.34468642111