Energy Bin  Efficiency  Uncertainity
6.0327E-02 6.76047E-03 0.0054
8.8348E-02 7.55727E-03 0.0051
1.2213E-01 7.58007E-03 0.0050
1.5936E-01 7.01607E-03 0.0051
3.9236E-01 3.78360E-03 0.0059
5.1404E-01 3.05807E-03 0.0064
6.6221E-01 2.56633E-03 0.0067
8.9828E-01 2.07107E-03 0.0072
1.1731E+00 1.72347E-03 0.0077
1.3332E+00 1.59407E-03 0.0079
1.8360E+00 1.26633E-03 0.0087

Energy Bin   Relative Error
6.0327E-02 21.5094705509
8.8348E-02 5.18017885651
1.2213E-01 4.04328670221
1.5936E-01 3.73317625947
3.9236E-01 2.39035194749
5.1404E-01 1.76403953595
6.6221E-01 2.04169195569
8.9828E-01 1.92841773577
1.1731E+00 1.80732741226
1.3332E+00 1.72896483217
1.8360E+00 1.70352263023

Chi Squared Value
526336.6552525779
Average Error
4.34822076533