Energy Bin  Efficiency  Uncertainity
6.0327E-02 6.83293E-03 0.0054
8.8348E-02 7.65193E-03 0.0050
1.2213E-01 7.69920E-03 0.0049
1.5936E-01 7.15060E-03 0.0050
3.9236E-01 3.92053E-03 0.0059
5.1404E-01 3.18353E-03 0.0063
6.6221E-01 2.68300E-03 0.0066
8.9828E-01 2.17040E-03 0.0071
1.1731E+00 1.81753E-03 0.0075
1.3332E+00 1.67680E-03 0.0077
1.8360E+00 1.33847E-03 0.0085

Energy Bin   Relative Error
6.0327E-02 21.7507313266
8.8348E-02 5.25758984362
1.2213E-01 4.12254807379
1.5936E-01 3.82393279442
3.9236E-01 2.51305014291
5.1404E-01 1.87743667865
6.6221E-01 2.17997276933
8.9828E-01 2.068866747
1.1731E+00 1.96053995231
1.3332E+00 1.87059428418
1.8360E+00 1.85753629377

Chi Squared Value
542371.4481978103
Average Error
4.48025444605