Energy Bin  Efficiency  Uncertainity
6.0327E-02 8.22467E-03 0.0049
8.8348E-02 8.69740E-03 0.0047
1.2213E-01 8.51387E-03 0.0047
1.5936E-01 7.84380E-03 0.0048
3.9236E-01 4.18547E-03 0.0057
5.1404E-01 3.37627E-03 0.0061
6.6221E-01 2.82113E-03 0.0064
8.9828E-01 2.26460E-03 0.0069
1.1731E+00 1.89113E-03 0.0074
1.3332E+00 1.74300E-03 0.0076
1.8360E+00 1.38220E-03 0.0083

Energy Bin   Relative Error
6.0327E-02 26.384629642
8.8348E-02 6.11255355262
1.2213E-01 4.66457662731
1.5936E-01 4.29157889588
3.9236E-01 2.75045363296
5.1404E-01 2.05164491461
6.6221E-01 2.34368862421
8.9828E-01 2.20206212461
1.1731E+00 2.08042558858
1.3332E+00 1.98392523695
1.8360E+00 1.95089666951

Chi Squared Value
778806.6939646541
Average Error
5.16513050084