Energy Bin  Efficiency  Uncertainity
6.0327E-02 6.76073E-03 0.0054
8.8348E-02 7.55747E-03 0.0051
1.2213E-01 7.57993E-03 0.0050
1.5936E-01 7.01567E-03 0.0051
3.9236E-01 3.78260E-03 0.0059
5.1404E-01 3.05880E-03 0.0064
6.6221E-01 2.56727E-03 0.0067
8.9828E-01 2.07153E-03 0.0072
1.1731E+00 1.72367E-03 0.0077
1.3332E+00 1.59333E-03 0.0079
1.8360E+00 1.26687E-03 0.0087

Energy Bin   Relative Error
6.0327E-02 21.5103362396
8.8348E-02 5.18034241236
1.2213E-01 4.0431935553
1.5936E-01 3.73290641175
3.9236E-01 2.38945588238
5.1404E-01 1.76469934716
6.6221E-01 2.04280607213
8.9828E-01 1.92906815906
1.1731E+00 1.80765318845
1.3332E+00 1.7276979907
1.8360E+00 1.70467549103

Chi Squared Value
526377.4771989201
Average Error
4.34843952272