Energy Bin  Efficiency  Uncertainity
6.0327E-02 6.78440E-03 0.0054
8.8348E-02 7.58760E-03 0.0050
1.2213E-01 7.61887E-03 0.0050
1.5936E-01 7.05613E-03 0.0050
3.9236E-01 3.82093E-03 0.0059
5.1404E-01 3.09373E-03 0.0063
6.6221E-01 2.59720E-03 0.0067
8.9828E-01 2.09900E-03 0.0072
1.1731E+00 1.75047E-03 0.0076
1.3332E+00 1.61607E-03 0.0079
1.8360E+00 1.28673E-03 0.0086

Energy Bin   Relative Error
6.0327E-02 21.5891472051
8.8348E-02 5.20498210222
1.2213E-01 4.06910170446
1.5936E-01 3.76020150879
3.9236E-01 2.42380205802
5.1404E-01 1.79627086154
6.6221E-01 2.07828001361
8.9828E-01 1.96790974104
1.1731E+00 1.85130719731
1.3332E+00 1.76662768656
1.8360E+00 1.74707514944

Chi Squared Value
531344.500194127
Average Error
4.38679138437