Energy Bin  Efficiency  Uncertainity
6.0327E-02 1.26366E-02 0.0039
8.8348E-02 1.38831E-02 0.0037
1.2213E-01 1.37490E-02 0.0037
1.5936E-01 1.29581E-02 0.0037
3.9236E-01 8.03100E-03 0.0042
5.1404E-01 6.73853E-03 0.0044
6.6221E-01 5.81013E-03 0.0046
8.9828E-01 4.88453E-03 0.0049
1.1731E+00 4.16547E-03 0.0051
1.3332E+00 3.87833E-03 0.0053
1.8360E+00 3.17387E-03 0.0057

Energy Bin   Relative Error
6.0327E-02 41.074467539
8.8348E-02 10.3533115904
1.2213E-01 8.14769241824
1.5936E-01 7.74178440179
3.9236E-01 6.19629889267
5.1404E-01 5.09062687714
6.6221E-01 5.88634185102
8.9828E-01 5.9065479597
1.1731E+00 5.78505463742
1.3332E+00 5.63949900415
1.8360E+00 5.77598206661

Chi Squared Value
2087429.2989462342
Average Error
9.78160065802