Energy Bin  Efficiency  Uncertainity
6.0327E-02 6.83600E-03 0.0054
8.8348E-02 7.65447E-03 0.0050
1.2213E-01 7.70507E-03 0.0049
1.5936E-01 7.15640E-03 0.0050
3.9236E-01 3.92793E-03 0.0059
5.1404E-01 3.19107E-03 0.0063
6.6221E-01 2.69000E-03 0.0066
8.9828E-01 2.17453E-03 0.0071
1.1731E+00 1.82087E-03 0.0075
1.3332E+00 1.68093E-03 0.0077
1.8360E+00 1.34187E-03 0.0084

Energy Bin   Relative Error
6.0327E-02 21.7609531121
8.8348E-02 5.259667003
1.2213E-01 4.12645359088
1.5936E-01 3.82784558639
3.9236E-01 2.51968102472
5.1404E-01 1.88425171496
6.6221E-01 2.18826938111
8.9828E-01 2.07470641696
1.1731E+00 1.96598041461
1.3332E+00 1.87766462912
1.8360E+00 1.86479504697

Chi Squared Value
543080.7850838427
Average Error
4.4863879928