Energy Bin  Efficiency  Uncertainity
6.0327E-02 8.65293E-03 0.0048
8.8348E-02 9.41140E-03 0.0045
1.2213E-01 9.32007E-03 0.0045
1.5936E-01 8.68000E-03 0.0045
3.9236E-01 4.88767E-03 0.0053
5.1404E-01 4.00440E-03 0.0056
6.6221E-01 3.38327E-03 0.0059
8.9828E-01 2.75860E-03 0.0063
1.1731E+00 2.32407E-03 0.0068
1.3332E+00 2.14720E-03 0.0069
1.8360E+00 1.72667E-03 0.0075

Energy Bin   Relative Error
6.0327E-02 27.8105520791
8.8348E-02 6.69644796205
1.2213E-01 5.20096979246
1.5936E-01 4.8556955578
3.9236E-01 3.3796705527
5.1404E-01 2.61938082443
6.6221E-01 3.00995395874
8.9828E-01 2.90056017706
1.1731E+00 2.78563329737
1.3332E+00 2.67589458909
1.8360E+00 2.68631511529

Chi Squared Value
895060.6844376692
Average Error
5.87464308237