Energy Bin  Efficiency  Uncertainity
6.0327E-02 9.86627E-03 0.0045
8.8348E-02 1.07550E-02 0.0042
1.2213E-01 1.06340E-02 0.0042
1.5936E-01 9.96313E-03 0.0042
3.9236E-01 5.83313E-03 0.0049
5.1404E-01 4.82707E-03 0.0052
6.6221E-01 4.09013E-03 0.0054
8.9828E-01 3.36753E-03 0.0058
1.1731E+00 2.85847E-03 0.0061
1.3332E+00 2.66073E-03 0.0063
1.8360E+00 2.13687E-03 0.0068

Energy Bin   Relative Error
6.0327E-02 31.8504547779
8.8348E-02 7.79521620926
1.2213E-01 6.07517355266
1.5936E-01 5.72131982521
3.9236E-01 4.22686427093
5.1404E-01 3.36295190195
6.6221E-01 3.84774581552
8.9828E-01 3.76156507397
1.1731E+00 3.65610726507
1.3332E+00 3.5550312081
1.8360E+00 3.56206233988

Chi Squared Value
1200757.0162313918
Average Error
7.03768111277