Energy Bin  Efficiency  Uncertainity
6.0327E-02 6.71907E-03 0.0054
8.8348E-02 7.50127E-03 0.0051
1.2213E-01 7.52420E-03 0.0050
1.5936E-01 6.95627E-03 0.0051
3.9236E-01 3.74507E-03 0.0060
5.1404E-01 3.02633E-03 0.0064
6.6221E-01 2.53953E-03 0.0067
8.9828E-01 2.04393E-03 0.0073
1.1731E+00 1.70340E-03 0.0077
1.3332E+00 1.57533E-03 0.0080
1.8360E+00 1.24840E-03 0.0087

Energy Bin   Relative Error
6.0327E-02 21.3716262766
8.8348E-02 5.13438321655
1.2213E-01 4.00611442965
1.5936E-01 3.6928340251
3.9236E-01 2.35582655883
5.1404E-01 1.73535130616
6.6221E-01 2.00992778491
8.9828E-01 1.8900427618
1.1731E+00 1.77463577204
1.3332E+00 1.69688292801
1.8360E+00 1.66524338173

Chi Squared Value
518690.9571404496
Average Error
4.30298804013