Energy Bin  Efficiency  Uncertainity
6.0327E-02 6.83293E-03 0.0054
8.8348E-02 7.65173E-03 0.0050
1.2213E-01 7.69913E-03 0.0049
1.5936E-01 7.15073E-03 0.0050
3.9236E-01 3.92060E-03 0.0059
5.1404E-01 3.18420E-03 0.0063
6.6221E-01 2.68353E-03 0.0066
8.9828E-01 2.17013E-03 0.0071
1.1731E+00 1.81733E-03 0.0075
1.3332E+00 1.67700E-03 0.0077
1.8360E+00 1.33827E-03 0.0085

Energy Bin   Relative Error
6.0327E-02 21.7507313266
8.8348E-02 5.25742628776
1.2213E-01 4.12250150033
1.5936E-01 3.82402049493
3.9236E-01 2.51311286747
5.1404E-01 1.8780422588
6.6221E-01 2.18060094137
8.9828E-01 2.06848497681
1.1731E+00 1.96021417612
1.3332E+00 1.87093667376
1.8360E+00 1.85710930828

Chi Squared Value
542372.1971391168
Average Error
4.48028916475