Energy Bin  Efficiency  Uncertainity
6.0327E-02 6.99680E-03 0.0053
8.8348E-02 7.85360E-03 0.0050
1.2213E-01 7.91060E-03 0.0049
1.5936E-01 7.36567E-03 0.0049
3.9236E-01 4.05860E-03 0.0058
5.1404E-01 3.28847E-03 0.0062
6.6221E-01 2.77193E-03 0.0065
8.9828E-01 2.24200E-03 0.0070
1.1731E+00 1.87347E-03 0.0074
1.3332E+00 1.72453E-03 0.0076
1.8360E+00 1.37867E-03 0.0083

Energy Bin   Relative Error
6.0327E-02 22.2963482643
8.8348E-02 5.42251139201
1.2213E-01 4.2631999159
1.5936E-01 3.96902316811
3.9236E-01 2.63676985255
5.1404E-01 1.97228679944
6.6221E-01 2.28537529575
8.9828E-01 2.1701065457
1.1731E+00 2.0516595514
1.3332E+00 1.95230555874
1.8360E+00 1.94336037575

Chi Squared Value
572413.1965353922
Average Error
4.63299515633