Energy Bin  Efficiency  Uncertainity
6.0327E-02 6.39767E-03 0.0055
8.8348E-02 7.11833E-03 0.0052
1.2213E-01 7.10933E-03 0.0051
1.5936E-01 6.54153E-03 0.0052
3.9236E-01 3.46447E-03 0.0062
5.1404E-01 2.78907E-03 0.0066
6.6221E-01 2.32913E-03 0.0070
8.9828E-01 1.87013E-03 0.0075
1.1731E+00 1.56040E-03 0.0080
1.3332E+00 1.44213E-03 0.0083
1.8360E+00 1.13900E-03 0.0091

Energy Bin   Relative Error
6.0327E-02 20.3015018866
8.8348E-02 4.82122281719
1.2213E-01 3.73008685285
1.5936E-01 3.413042415
3.9236E-01 2.10439068917
5.1404E-01 1.52090362501
6.6221E-01 1.76055533964
8.9828E-01 1.64429587614
1.1731E+00 1.5417057994
1.3332E+00 1.46885146412
1.8360E+00 1.4316823228

Chi Squared Value
462784.2340875056
Average Error
3.97620355345