Energy Bin  Efficiency  Uncertainity
6.0327E-02 6.83287E-03 0.0054
8.8348E-02 7.65293E-03 0.0050
1.2213E-01 7.70160E-03 0.0049
1.5936E-01 7.15880E-03 0.0050
3.9236E-01 3.93547E-03 0.0059
5.1404E-01 3.19747E-03 0.0062
6.6221E-01 2.69767E-03 0.0066
8.9828E-01 2.18220E-03 0.0071
1.1731E+00 1.83260E-03 0.0075
1.3332E+00 1.68927E-03 0.0077
1.8360E+00 1.34927E-03 0.0084

Energy Bin   Relative Error
6.0327E-02 21.7505315523
8.8348E-02 5.2584076229
1.2213E-01 4.12414487805
1.5936E-01 3.82946467272
3.9236E-01 2.52643735564
5.1404E-01 1.89003636117
6.6221E-01 2.19736009715
8.9828E-01 2.0855515183
1.1731E+00 1.98508718789
1.3332E+00 1.89194227483
1.8360E+00 1.88059350982

Chi Squared Value
542968.4820039356
Average Error
4.49268700279