Energy Bin  Efficiency  Uncertainity
6.0327E-02 6.86727E-03 0.0053
8.8348E-02 7.70207E-03 0.0050
1.2213E-01 7.74013E-03 0.0049
1.5936E-01 7.17580E-03 0.0050
3.9236E-01 3.90467E-03 0.0059
5.1404E-01 3.16367E-03 0.0063
6.6221E-01 2.65433E-03 0.0066
8.9828E-01 2.14780E-03 0.0071
1.1731E+00 1.79367E-03 0.0076
1.3332E+00 1.65040E-03 0.0078
1.8360E+00 1.31773E-03 0.0085

Energy Bin   Relative Error
6.0327E-02 21.8650688236
8.8348E-02 5.29859329696
1.2213E-01 4.14978023981
1.5936E-01 3.84093320088
3.9236E-01 2.49883855027
5.1404E-01 1.85948619838
6.6221E-01 2.14599221798
8.9828E-01 2.03691116809
1.1731E+00 1.92167485338
1.3332E+00 1.8253988589
1.8360E+00 1.81325789923

Chi Squared Value
546999.362280999
Average Error
4.47781230068