Energy Bin  Efficiency  Uncertainity
6.0327E-02 6.80293E-03 0.0054
8.8348E-02 7.61360E-03 0.0050
1.2213E-01 7.65147E-03 0.0049
1.5936E-01 7.09300E-03 0.0050
3.9236E-01 3.86233E-03 0.0059
5.1404E-01 3.13013E-03 0.0063
6.6221E-01 2.62967E-03 0.0066
8.9828E-01 2.12493E-03 0.0071
1.1731E+00 1.77853E-03 0.0076
1.3332E+00 1.63847E-03 0.0078
1.8360E+00 1.30500E-03 0.0086

Energy Bin   Relative Error
6.0327E-02 21.6508441713
8.8348E-02 5.22624436363
1.2213E-01 4.09079162902
1.5936E-01 3.78507472252
3.9236E-01 2.46089915355
5.1404E-01 1.82917103685
6.6221E-01 2.11676443993
8.9828E-01 2.00457381898
1.1731E+00 1.89701359613
1.3332E+00 1.80497532013
1.8360E+00 1.78608027327

Chi Squared Value
535568.2510486674
Average Error
4.42294841139