Energy Bin  Efficiency  Uncertainity
6.0327E-02 1.43063E-02 0.0037
8.8348E-02 1.58525E-02 0.0035
1.2213E-01 1.57059E-02 0.0034
1.5936E-01 1.48657E-02 0.0035
3.9236E-01 9.42747E-03 0.0039
5.1404E-01 7.98053E-03 0.0041
6.6221E-01 6.93320E-03 0.0043
8.9828E-01 5.86800E-03 0.0045
1.1731E+00 5.01133E-03 0.0047
1.3332E+00 4.69080E-03 0.0048
1.8360E+00 3.87260E-03 0.0052

Energy Bin   Relative Error
6.0327E-02 46.6338536437
8.8348E-02 11.9638461141
1.2213E-01 9.4496866937
1.5936E-01 9.0286881859
3.9236E-01 7.44762693584
5.1404E-01 6.21320978193
6.6221E-01 7.21743839148
8.9828E-01 7.29713880917
1.1731E+00 7.16285985882
1.3332E+00 7.03040533648
1.8360E+00 7.26771989752

Chi Squared Value
2758763.0069697974
Average Error
11.5193157862