Energy Bin  Efficiency  Uncertainity
6.0327E-02 8.36207E-03 0.0048
8.8348E-02 9.09733E-03 0.0046
1.2213E-01 8.99820E-03 0.0046
1.5936E-01 8.37900E-03 0.0046
3.9236E-01 4.67820E-03 0.0054
5.1404E-01 3.81613E-03 0.0058
6.6221E-01 3.21893E-03 0.0061
8.9828E-01 2.62040E-03 0.0065
1.1731E+00 2.20187E-03 0.0069
1.3332E+00 2.03140E-03 0.0071
1.8360E+00 1.63567E-03 0.0077

Energy Bin   Relative Error
6.0327E-02 26.8421128131
8.8348E-02 6.43960802203
1.2213E-01 4.98681838081
1.5936E-01 4.65263514733
3.9236E-01 3.19197179426
5.1404E-01 2.4492128023
6.6221E-01 2.81517321893
8.9828E-01 2.70515039801
1.1731E+00 2.58658404802
1.3332E+00 2.47765101913
1.8360E+00 2.49203672075

Chi Squared Value
829285.2040837465
Average Error
5.60354130588