Energy Bin  Efficiency  Uncertainity
6.0327E-02 6.83273E-03 0.0054
8.8348E-02 7.65333E-03 0.0050
1.2213E-01 7.70260E-03 0.0049
1.5936E-01 7.16140E-03 0.0050
3.9236E-01 3.94027E-03 0.0059
5.1404E-01 3.20200E-03 0.0062
6.6221E-01 2.70107E-03 0.0066
8.9828E-01 2.18800E-03 0.0071
1.1731E+00 1.83647E-03 0.0075
1.3332E+00 1.69313E-03 0.0077
1.8360E+00 1.35193E-03 0.0084

Energy Bin   Relative Error
6.0327E-02 21.7500654122
8.8348E-02 5.25873473462
1.2213E-01 4.12481021316
1.5936E-01 3.83121868291
3.9236E-01 2.53073846816
5.1404E-01 1.89413080607
6.6221E-01 2.20138988001
8.9828E-01 2.09375250758
1.1731E+00 1.99139095708
1.3332E+00 1.89855039383
1.8360E+00 1.88627241674

Chi Squared Value
543137.4799933976
Average Error
4.49645949749