Energy Bin  Efficiency  Uncertainity
6.0327E-02 1.45714E-02 0.0037
8.8348E-02 1.61638E-02 0.0034
1.2213E-01 1.60253E-02 0.0034
1.5936E-01 1.51800E-02 0.0034
3.9236E-01 9.65393E-03 0.0039
5.1404E-01 8.18467E-03 0.0040
6.6221E-01 7.12793E-03 0.0042
8.9828E-01 6.02813E-03 0.0044
1.1731E+00 5.15587E-03 0.0047
1.3332E+00 4.82267E-03 0.0048
1.8360E+00 3.98260E-03 0.0051

Energy Bin   Relative Error
6.0327E-02 47.516523139
8.8348E-02 12.2184208055
1.2213E-01 9.66219472762
1.5936E-01 9.24072103311
3.9236E-01 7.65054984049
5.1404E-01 6.39772191895
6.6221E-01 7.44823827869
8.9828E-01 7.52355681147
1.1731E+00 7.39829830809
1.3332E+00 7.25615990963
1.8360E+00 7.50256191289

Chi Squared Value
2875331.625977198
Average Error
11.8013587896