Energy Bin  Efficiency  Uncertainity
6.0327E-02 6.51933E-03 0.0055
8.8348E-02 7.26000E-03 0.0052
1.2213E-01 7.26593E-03 0.0051
1.5936E-01 6.69307E-03 0.0052
3.9236E-01 3.56087E-03 0.0061
5.1404E-01 2.86973E-03 0.0065
6.6221E-01 2.40313E-03 0.0069
8.9828E-01 1.92753E-03 0.0074
1.1731E+00 1.61207E-03 0.0079
1.3332E+00 1.48833E-03 0.0082
1.8360E+00 1.17813E-03 0.0089

Energy Bin   Relative Error
6.0327E-02 20.7065775969
8.8348E-02 4.93707760848
1.2213E-01 3.83427833097
1.5936E-01 3.51527422431
3.9236E-01 2.1907713657
5.1404E-01 1.59380824425
6.6221E-01 1.84826237837
8.9828E-01 1.72545739074
1.1731E+00 1.62587007693
1.3332E+00 1.54794345835
1.8360E+00 1.51522203245

Chi Squared Value
483292.6594611941
Average Error
4.09459479159