Energy Bin  Efficiency  Uncertainity
6.0327E-02 6.97640E-03 0.0053
8.8348E-02 7.75567E-03 0.0050
1.2213E-01 7.78487E-03 0.0049
1.5936E-01 7.22460E-03 0.0050
3.9236E-01 3.94927E-03 0.0058
5.1404E-01 3.20440E-03 0.0062
6.6221E-01 2.69700E-03 0.0066
8.9828E-01 2.18127E-03 0.0071
1.1731E+00 1.82747E-03 0.0075
1.3332E+00 1.68440E-03 0.0077
1.8360E+00 1.34333E-03 0.0084

Energy Bin   Relative Error
6.0327E-02 22.2284249988
8.8348E-02 5.34242626663
1.2213E-01 4.17954733261
1.5936E-01 3.87385462291
3.9236E-01 2.53880305415
5.1404E-01 1.89630004839
6.6221E-01 2.19656599288
8.9828E-01 2.08423653208
1.1731E+00 1.97673102873
1.3332E+00 1.88360508842
1.8360E+00 1.86791204099

Chi Squared Value
564738.344301913
Average Error
4.55167336423