Energy Bin  Efficiency  Uncertainity
6.0327E-02 7.82653E-03 0.0050
8.8348E-02 8.49967E-03 0.0048
1.2213E-01 8.40500E-03 0.0047
1.5936E-01 7.81140E-03 0.0048
3.9236E-01 4.26067E-03 0.0056
5.1404E-01 3.45153E-03 0.0060
6.6221E-01 2.89967E-03 0.0063
8.9828E-01 2.34327E-03 0.0068
1.1731E+00 1.97033E-03 0.0073
1.3332E+00 1.82887E-03 0.0075
1.8360E+00 1.45293E-03 0.0081

Energy Bin   Relative Error
6.0327E-02 25.0589939088
8.8348E-02 5.95085405461
1.2213E-01 4.59214159396
1.5936E-01 4.26972123044
3.9236E-01 2.81783772918
5.1404E-01 2.11966873862
6.6221E-01 2.4367766083
8.9828E-01 2.31329864645
1.1731E+00 2.20943295804
1.3332E+00 2.13093020545
1.8360E+00 2.1019000854

Chi Squared Value
714184.5601817679
Average Error
5.09105052357