Energy Bin  Efficiency  Uncertainity
6.0327E-02 6.83293E-03 0.0054
8.8348E-02 7.65213E-03 0.0050
1.2213E-01 7.69920E-03 0.0049
1.5936E-01 7.15047E-03 0.0050
3.9236E-01 3.92087E-03 0.0059
5.1404E-01 3.18327E-03 0.0063
6.6221E-01 2.68273E-03 0.0066
8.9828E-01 2.17087E-03 0.0071
1.1731E+00 1.81787E-03 0.0075
1.3332E+00 1.67760E-03 0.0077
1.8360E+00 1.33853E-03 0.0085

Energy Bin   Relative Error
6.0327E-02 21.7507313266
8.8348E-02 5.25775339947
1.2213E-01 4.12254807379
1.5936E-01 3.82384509392
3.9236E-01 2.51335480504
5.1404E-01 1.8772016774
6.6221E-01 2.17965275717
8.9828E-01 2.06953130993
1.1731E+00 1.96109377182
1.3332E+00 1.87196384252
1.8360E+00 1.85766438941

Chi Squared Value
542382.7297949514
Average Error
4.48048549519