Energy Bin  Efficiency  Uncertainity
6.0327E-02 6.76060E-03 0.0054
8.8348E-02 7.55700E-03 0.0051
1.2213E-01 7.57947E-03 0.0050
1.5936E-01 7.01560E-03 0.0051
3.9236E-01 3.78300E-03 0.0059
5.1404E-01 3.05913E-03 0.0064
6.6221E-01 2.56813E-03 0.0067
8.9828E-01 2.07133E-03 0.0072
1.1731E+00 1.72340E-03 0.0077
1.3332E+00 1.59327E-03 0.0079
1.8360E+00 1.26640E-03 0.0087

Energy Bin   Relative Error
6.0327E-02 21.5099033952
8.8348E-02 5.1799580561
1.2213E-01 4.04288750115
1.5936E-01 3.7328591884
3.9236E-01 2.38981430843
5.1404E-01 1.76499761798
6.6221E-01 2.04382537015
8.9828E-01 1.92878536632
1.1731E+00 1.8072133906
1.3332E+00 1.72759527383
1.8360E+00 1.70367207515

Chi Squared Value
526353.3407118069
Average Error
4.34831923121