Energy Bin  Efficiency  Uncertainity
6.0327E-02 6.79520E-03 0.0054
8.8348E-02 7.60113E-03 0.0050
1.2213E-01 7.63473E-03 0.0050
1.5936E-01 7.07533E-03 0.0050
3.9236E-01 3.84280E-03 0.0059
5.1404E-01 3.11260E-03 0.0063
6.6221E-01 2.61333E-03 0.0067
8.9828E-01 2.11333E-03 0.0071
1.1731E+00 1.76373E-03 0.0076
1.3332E+00 1.62753E-03 0.0078
1.8360E+00 1.29493E-03 0.0086

Energy Bin   Relative Error
6.0327E-02 21.625106581
8.8348E-02 5.21604665594
1.2213E-01 4.07965391929
1.5936E-01 3.77315419942
3.9236E-01 2.44339900196
5.1404E-01 1.81332652934
6.6221E-01 2.09739777759
8.9828E-01 1.98817184042
1.1731E+00 1.87290615841
1.3332E+00 1.78624660981
1.8360E+00 1.76458155423

Chi Squared Value
533674.5491418286
Average Error
4.40545371158