Energy Bin  Efficiency  Uncertainity
6.0327E-02 7.57760E-03 0.0051
8.8348E-02 8.21427E-03 0.0048
1.2213E-01 8.13653E-03 0.0048
1.5936E-01 7.53187E-03 0.0049
3.9236E-01 4.06827E-03 0.0058
5.1404E-01 3.28847E-03 0.0062
6.6221E-01 2.75813E-03 0.0065
8.9828E-01 2.22233E-03 0.0070
1.1731E+00 1.85793E-03 0.0075
1.3332E+00 1.71527E-03 0.0077
1.8360E+00 1.36187E-03 0.0084

Energy Bin   Relative Error
6.0327E-02 24.2301635902
8.8348E-02 5.7174598467
1.2213E-01 4.41351907715
1.5936E-01 4.08114489642
3.9236E-01 2.64543480215
5.1404E-01 1.97228679944
6.6221E-01 2.26901911826
8.9828E-01 2.14229388033
1.1731E+00 2.02634674178
1.3332E+00 1.93645292093
1.8360E+00 1.90749359522

Chi Squared Value
663583.4483535067
Average Error
4.84923775169