Energy Bin  Efficiency  Uncertainity
6.0327E-02 7.04260E-03 0.0053
8.8348E-02 7.91620E-03 0.0049
1.2213E-01 7.98340E-03 0.0048
1.5936E-01 7.44347E-03 0.0049
3.9236E-01 4.12760E-03 0.0057
5.1404E-01 3.33993E-03 0.0061
6.6221E-01 2.82313E-03 0.0064
8.9828E-01 2.28140E-03 0.0069
1.1731E+00 1.91600E-03 0.0074
1.3332E+00 1.76067E-03 0.0076
1.8360E+00 1.40880E-03 0.0082

Energy Bin   Relative Error
6.0327E-02 22.4488426547
8.8348E-02 5.47370437524
1.2213E-01 4.31163631186
1.5936E-01 4.02150854996
3.9236E-01 2.69859834509
5.1404E-01 2.01879897036
6.6221E-01 2.34605908472
8.9828E-01 2.22581671425
1.1731E+00 2.12093585725
1.3332E+00 2.01417535682
1.8360E+00 2.00768573868

Chi Squared Value
582215.6344965557
Average Error
4.69888745081