Energy Bin  Efficiency  Uncertainity
6.0327E-02 1.30187E-02 0.0039
8.8348E-02 1.43201E-02 0.0037
1.2213E-01 1.41966E-02 0.0036
1.5936E-01 1.33784E-02 0.0037
3.9236E-01 8.33240E-03 0.0041
5.1404E-01 7.00493E-03 0.0044
6.6221E-01 6.05727E-03 0.0045
8.9828E-01 5.10487E-03 0.0048
1.1731E+00 4.35987E-03 0.0050
1.3332E+00 4.05127E-03 0.0052
1.8360E+00 3.32473E-03 0.0055

Energy Bin   Relative Error
6.0327E-02 42.3466969399
8.8348E-02 10.7106811379
1.2213E-01 8.44549641318
1.5936E-01 8.02532689522
3.9236E-01 6.46637291661
5.1404E-01 5.33141277556
6.6221E-01 6.1792596558
8.9828E-01 6.21810071451
1.1731E+00 6.10170908974
1.3332E+00 5.93556327866
1.8360E+00 6.09805721605

Chi Squared Value
2230945.5504294564
Average Error
10.1689706394