Energy Bin  Efficiency  Uncertainity
6.0327E-02 1.37865E-02 0.0038
8.8348E-02 1.52191E-02 0.0036
1.2213E-01 1.50900E-02 0.0035
1.5936E-01 1.42538E-02 0.0035
3.9236E-01 8.98040E-03 0.0040
5.1404E-01 7.57160E-03 0.0042
6.6221E-01 6.57153E-03 0.0044
8.9828E-01 5.55847E-03 0.0046
1.1731E+00 4.74580E-03 0.0048
1.3332E+00 4.43193E-03 0.0050
1.8360E+00 3.64627E-03 0.0053

Energy Bin   Relative Error
6.0327E-02 44.9031422002
8.8348E-02 11.445864715
1.2213E-01 9.03990679986
1.5936E-01 8.61588863385
3.9236E-01 7.04702310743
5.1404E-01 5.84359800475
6.6221E-01 6.78877616581
8.9828E-01 6.85947463473
1.1731E+00 6.73034310612
1.3332E+00 6.58723337659
1.8360E+00 6.78452177626

Chi Squared Value
2537568.6984754303
Average Error
10.9677975019