Energy Bin  Efficiency  Uncertainity
6.0327E-02 7.88960E-03 0.0050
8.8348E-02 8.45173E-03 0.0048
1.2213E-01 8.32573E-03 0.0047
1.5936E-01 7.68787E-03 0.0048
3.9236E-01 4.12473E-03 0.0057
5.1404E-01 3.33267E-03 0.0061
6.6221E-01 2.78773E-03 0.0065
8.9828E-01 2.24353E-03 0.0070
1.1731E+00 1.87487E-03 0.0074
1.3332E+00 1.72867E-03 0.0076
1.8360E+00 1.37180E-03 0.0084

Energy Bin   Relative Error
6.0327E-02 25.2689900049
8.8348E-02 5.91164971569
1.2213E-01 4.53940047984
1.5936E-01 4.18638550783
3.9236E-01 2.69602663822
5.1404E-01 2.01223701232
6.6221E-01 2.30410193375
8.9828E-01 2.17226991011
1.1731E+00 2.0539399847
1.3332E+00 1.95939302316
1.8360E+00 1.92869342442

Chi Squared Value
718088.9886309763
Average Error
5.00300796681