Energy Bin  Efficiency  Uncertainity
6.0327E-02 1.22643E-02 0.0040
8.8348E-02 1.34582E-02 0.0038
1.2213E-01 1.33077E-02 0.0037
1.5936E-01 1.25347E-02 0.0038
3.9236E-01 7.72380E-03 0.0043
5.1404E-01 6.47727E-03 0.0045
6.6221E-01 5.56487E-03 0.0047
8.9828E-01 4.67540E-03 0.0050
1.1731E+00 3.97200E-03 0.0053
1.3332E+00 3.70907E-03 0.0054
1.8360E+00 3.02847E-03 0.0058

Energy Bin   Relative Error
6.0327E-02 39.8348679422
8.8348E-02 10.0058371722
1.2213E-01 7.85408003449
1.5936E-01 7.45615058852
3.9236E-01 5.9210276911
5.1404E-01 4.85448677271
6.6221E-01 5.59565227912
8.9828E-01 5.61084573762
1.1731E+00 5.46991504436
1.3332E+00 5.349734698
1.8360E+00 5.46556362084

Chi Squared Value
1951992.1029182384
Average Error
9.40165105284