Energy Bin  Efficiency  Uncertainity
6.0327E-02 6.81240E-03 0.0054
8.8348E-02 7.62607E-03 0.0050
1.2213E-01 7.66680E-03 0.0049
1.5936E-01 7.11200E-03 0.0050
3.9236E-01 3.88073E-03 0.0059
5.1404E-01 3.14707E-03 0.0063
6.6221E-01 2.64453E-03 0.0066
8.9828E-01 2.13800E-03 0.0071
1.1731E+00 1.78913E-03 0.0076
1.3332E+00 1.65073E-03 0.0078
1.8360E+00 1.31527E-03 0.0085

Energy Bin   Relative Error
6.0327E-02 21.6823752167
8.8348E-02 5.23644207131
1.2213E-01 4.10099121625
1.5936E-01 3.79789248929
3.9236E-01 2.47738675156
5.1404E-01 1.84448227228
6.6221E-01 2.13437696149
8.9828E-01 2.02305432413
1.1731E+00 1.91427973397
1.3332E+00 1.82596380172
1.8360E+00 1.8080059778

Chi Squared Value
537685.6159220021
Average Error
4.44047734695