Energy Bin  Efficiency  Uncertainity
6.0327E-02 1.34045E-02 0.0038
8.8348E-02 1.47559E-02 0.0036
1.2213E-01 1.46381E-02 0.0036
1.5936E-01 1.38108E-02 0.0036
3.9236E-01 8.64933E-03 0.0041
5.1404E-01 7.28080E-03 0.0043
6.6221E-01 6.30707E-03 0.0045
8.9828E-01 5.32647E-03 0.0047
1.1731E+00 4.55240E-03 0.0049
1.3332E+00 4.24393E-03 0.0051
1.8360E+00 3.47593E-03 0.0054

Energy Bin   Relative Error
6.0327E-02 43.6312457565
8.8348E-02 11.0670693503
1.2213E-01 8.73924186395
1.5936E-01 8.31703228222
3.9236E-01 6.7503628317
5.1404E-01 5.58075814266
6.6221E-01 6.47533017305
8.9828E-01 6.53143506354
1.1731E+00 6.41531753473
1.3332E+00 6.2653871663
1.8360E+00 6.42085824082

Chi Squared Value
2381238.814524484
Average Error
10.5630944005