Energy Bin  Efficiency  Uncertainity
6.0327E-02 6.84293E-03 0.0054
8.8348E-02 7.66513E-03 0.0050
1.2213E-01 7.71740E-03 0.0049
1.5936E-01 7.16847E-03 0.0050
3.9236E-01 3.94480E-03 0.0058
5.1404E-01 3.20553E-03 0.0062
6.6221E-01 2.70240E-03 0.0066
8.9828E-01 2.18560E-03 0.0071
1.1731E+00 1.83120E-03 0.0075
1.3332E+00 1.69153E-03 0.0077
1.8360E+00 1.34980E-03 0.0084

Energy Bin   Relative Error
6.0327E-02 21.784027045
8.8348E-02 5.26838453018
1.2213E-01 4.13465717278
1.5936E-01 3.83598824139
3.9236E-01 2.53479764311
5.1404E-01 1.89732139999
6.6221E-01 2.20296623625
8.9828E-01 2.09035899477
1.1731E+00 1.98280675459
1.3332E+00 1.89581127714
1.8360E+00 1.88172502135

Chi Squared Value
544732.4297459441
Average Error
4.50080402878