Energy Bin  Efficiency  Uncertainity
6.0327E-02 6.83293E-03 0.0054
8.8348E-02 7.65287E-03 0.0050
1.2213E-01 7.70080E-03 0.0049
1.5936E-01 7.15520E-03 0.0050
3.9236E-01 3.93073E-03 0.0059
5.1404E-01 3.19320E-03 0.0062
6.6221E-01 2.69440E-03 0.0066
8.9828E-01 2.17620E-03 0.0071
1.1731E+00 1.82813E-03 0.0075
1.3332E+00 1.68740E-03 0.0077
1.8360E+00 1.34440E-03 0.0084

Energy Bin   Relative Error
6.0327E-02 21.7507313266
8.8348E-02 5.25835855615
1.2213E-01 4.12361260996
1.5936E-01 3.82703604322
3.9236E-01 2.52219000702
5.1404E-01 1.88617691753
6.6221E-01 2.19348439422
8.9828E-01 2.07706773628
1.1731E+00 1.97780609014
1.3332E+00 1.8887409322
1.8360E+00 1.87019641332

Chi Squared Value
542779.6898410154
Average Error
4.4886728206