Energy Bin  Efficiency  Uncertainity
6.0327E-02 6.63093E-03 0.0054
8.8348E-02 7.38440E-03 0.0051
1.2213E-01 7.40293E-03 0.0050
1.5936E-01 6.82967E-03 0.0051
3.9236E-01 3.65373E-03 0.0060
5.1404E-01 2.94793E-03 0.0065
6.6221E-01 2.47453E-03 0.0068
8.9828E-01 1.98147E-03 0.0073
1.1731E+00 1.65913E-03 0.0078
1.3332E+00 1.53373E-03 0.0081
1.8360E+00 1.21507E-03 0.0088

Energy Bin   Relative Error
6.0327E-02 21.0781578145
8.8348E-02 5.03880935152
1.2213E-01 3.92542924095
1.5936E-01 3.60742722123
3.9236E-01 2.27397997175
5.1404E-01 1.66448939011
6.6221E-01 1.93288781845
8.9828E-01 1.80172659104
1.1731E+00 1.70252521338
1.3332E+00 1.62566589425
1.8360E+00 1.59408625107

Chi Squared Value
502514.8363216303
Average Error
4.20410770529