Energy Bin  Efficiency  Uncertainity
6.0327E-02 7.72913E-03 0.0050
8.8348E-02 8.32853E-03 0.0048
1.2213E-01 8.23240E-03 0.0048
1.5936E-01 7.60920E-03 0.0049
3.9236E-01 4.09940E-03 0.0057
5.1404E-01 3.31000E-03 0.0061
6.6221E-01 2.77400E-03 0.0065
8.9828E-01 2.23400E-03 0.0070
1.1731E+00 1.86773E-03 0.0074
1.3332E+00 1.72193E-03 0.0076
1.8360E+00 1.36680E-03 0.0084

Energy Bin   Relative Error
6.0327E-02 24.7346936114
8.8348E-02 5.81089930779
1.2213E-01 4.47730475409
1.5936E-01 4.13331320719
3.9236E-01 2.67332930901
5.1404E-01 1.99174671083
6.6221E-01 2.28782872238
8.9828E-01 2.15879483635
1.1731E+00 2.04230977487
1.3332E+00 1.94785449413
1.8360E+00 1.91801878736

Chi Squared Value
689848.224577592
Average Error
4.92509941049