Energy Bin  Efficiency  Uncertainity
6.0327E-02 6.93867E-03 0.0053
8.8348E-02 7.77913E-03 0.0050
1.2213E-01 7.83093E-03 0.0049
1.5936E-01 7.27567E-03 0.0050
3.9236E-01 3.98687E-03 0.0058
5.1404E-01 3.22920E-03 0.0062
6.6221E-01 2.71880E-03 0.0065
8.9828E-01 2.19833E-03 0.0070
1.1731E+00 1.83753E-03 0.0075
1.3332E+00 1.68847E-03 0.0077
1.8360E+00 1.34880E-03 0.0084

Energy Bin   Relative Error
6.0327E-02 22.1028002532
8.8348E-02 5.36161136866
1.2213E-01 4.21019266774
1.5936E-01 3.90830743076
3.9236E-01 2.57249510226
5.1404E-01 1.91871555245
6.6221E-01 2.2224040124
8.9828E-01 2.10835875228
1.1731E+00 1.99311757086
1.3332E+00 1.89057271649
1.8360E+00 1.87959009394

Chi Squared Value
560747.8386069831
Average Error
4.56074232009