Energy Bin  Efficiency  Uncertainity
6.0327E-02 7.27233E-03 0.0052
8.8348E-02 7.98380E-03 0.0049
1.2213E-01 7.95807E-03 0.0049
1.5936E-01 7.37253E-03 0.0049
3.9236E-01 4.00827E-03 0.0058
5.1404E-01 3.24780E-03 0.0062
6.6221E-01 2.72373E-03 0.0065
8.9828E-01 2.20007E-03 0.0070
1.1731E+00 1.84333E-03 0.0075
1.3332E+00 1.70187E-03 0.0077
1.8360E+00 1.35153E-03 0.0084

Energy Bin   Relative Error
6.0327E-02 23.213745194
8.8348E-02 5.5289862549
1.2213E-01 4.29478337354
1.5936E-01 3.97365105654
3.9236E-01 2.5916708956
5.1404E-01 1.93552718049
6.6221E-01 2.22824719755
8.9828E-01 2.11081904906
1.1731E+00 2.00256508024
1.3332E+00 1.91351281871
1.8360E+00 1.88541844577

Chi Squared Value
612367.7114027578
Average Error
4.69808423149