Energy Bin  Efficiency  Uncertainity
6.0327E-02 1.01881E-02 0.0044
8.8348E-02 1.11073E-02 0.0042
1.2213E-01 1.09907E-02 0.0041
1.5936E-01 1.02969E-02 0.0042
3.9236E-01 6.08367E-03 0.0048
5.1404E-01 5.04907E-03 0.0051
6.6221E-01 4.28833E-03 0.0053
8.9828E-01 3.53253E-03 0.0057
1.1731E+00 2.99620E-03 0.0060
1.3332E+00 2.79167E-03 0.0062
1.8360E+00 2.25140E-03 0.0066

Energy Bin   Relative Error
6.0327E-02 32.9220108838
8.8348E-02 8.08331985133
1.2213E-01 6.31249858616
1.5936E-01 5.94648751027
3.9236E-01 4.45136442341
5.1404E-01 3.5636068173
6.6221E-01 4.0826584517
8.9828E-01 3.99486907934
1.1731E+00 3.88045303522
1.3332E+00 3.77919366967
1.8360E+00 3.80657557643

Chi Squared Value
1289836.7689025463
Average Error
7.3475488986