Energy Bin  Efficiency  Uncertainity
6.0327E-02 2.04876E-02 0.0031
8.8348E-02 2.07757E-02 0.0030
1.2213E-01 1.97481E-02 0.0031
1.5936E-01 1.79851E-02 0.0032
3.9236E-01 9.86693E-03 0.0038
5.1404E-01 8.16427E-03 0.0040
6.6221E-01 6.83973E-03 0.0042
8.9828E-01 5.57067E-03 0.0046
1.1731E+00 4.72787E-03 0.0048
1.3332E+00 4.29660E-03 0.0050
1.8360E+00 3.53160E-03 0.0054

Energy Bin   Relative Error
6.0327E-02 6.0295672707
8.8348E-02 0.758003866209
1.2213E-01 0.31126239469
1.5936E-01 0.185183834681
3.9236E-01 0.0561326075336
5.1404E-01 0.0893103614152
6.6221E-01 0.109163910054
8.9828E-01 0.106011543393
1.1731E+00 0.128948413423
1.3332E+00 0.092121450026
1.8360E+00 0.138351570806

Chi Squared Value
1.3817142003045648
Average Error
0.727641565721