Energy Bin  Efficiency  Uncertainity
6.0327E-02 2.28268E-02 0.0029
8.8348E-02 2.36863E-02 0.0028
1.2213E-01 2.28309E-02 0.0028
1.5936E-01 2.10233E-02 0.0029
3.9236E-01 1.20246E-02 0.0035
5.1404E-01 1.00136E-02 0.0037
6.6221E-01 8.50573E-03 0.0039
8.9828E-01 7.00827E-03 0.0041
1.1731E+00 5.97573E-03 0.0043
1.3332E+00 5.46040E-03 0.0045
1.8360E+00 4.49667E-03 0.0048

Energy Bin   Relative Error
6.0327E-02 6.83217781364
8.8348E-02 1.00429381326
1.2213E-01 0.515958528007
1.5936E-01 0.385395427974
3.9236E-01 0.150269419916
5.1404E-01 0.116974544562
6.6221E-01 0.107823153156
8.9828E-01 0.391435414271
1.1731E+00 0.426919712798
1.3332E+00 0.387939292865
1.8360E+00 0.449425574214

Chi Squared Value
1.8891460456305218
Average Error
0.978964790424