Energy Bin  Efficiency  Uncertainity
6.0327E-02 2.02538E-02 0.0031
8.8348E-02 2.09011E-02 0.0030
1.2213E-01 1.99743E-02 0.0031
1.5936E-01 1.82866E-02 0.0031
3.9236E-01 1.03084E-02 0.0037
5.1404E-01 8.60093E-03 0.0040
6.6221E-01 7.26507E-03 0.0042
8.9828E-01 5.96760E-03 0.0045
1.1731E+00 5.09233E-03 0.0047
1.3332E+00 4.64487E-03 0.0049
1.8360E+00 3.83507E-03 0.0052

Energy Bin   Relative Error
6.0327E-02 5.94934739
8.8348E-02 0.768614997715
1.2213E-01 0.326281943592
1.5936E-01 0.205052110429
3.9236E-01 0.0139017274369
5.1404E-01 0.0406027932451
6.6221E-01 0.0537657843246
8.9828E-01 0.184818789544
1.1731E+00 0.215976300983
1.3332E+00 0.180645663916
1.8360E+00 0.23616999622

Chi Squared Value
1.3570601184722155
Average Error
0.743197954309