Energy Bin  Efficiency  Uncertainity
6.0327E-02 1.74066E-02 0.0033
8.8348E-02 1.86371E-02 0.0032
1.2213E-01 1.80141E-02 0.0032
1.5936E-01 1.66055E-02 0.0033
3.9236E-01 9.35253E-03 0.0039
5.1404E-01 7.80627E-03 0.0041
6.6221E-01 6.55633E-03 0.0043
8.9828E-01 5.37287E-03 0.0046
1.1731E+00 4.58067E-03 0.0049
1.3332E+00 4.16793E-03 0.0051
1.8360E+00 3.44380E-03 0.0054

Energy Bin   Relative Error
6.0327E-02 4.97243530985
8.8348E-02 0.577039226352
1.2213E-01 0.196125799656
1.5936E-01 0.094270822336
3.9236E-01 0.105339948285
5.1404E-01 0.129243740715
6.6221E-01 0.14607515478
8.9828E-01 0.0667399506971
1.1731E+00 0.0937991376488
1.3332E+00 0.059415760184
1.8360E+00 0.110050724754

Chi Squared Value
0.9270069845512457
Average Error
0.595503234115