Energy Bin  Efficiency  Uncertainity
6.0327E-02 1.97539E-02 0.0031
8.8348E-02 2.03867E-02 0.0031
1.2213E-01 1.94541E-02 0.0031
1.5936E-01 1.77715E-02 0.0032
3.9236E-01 9.79233E-03 0.0038
5.1404E-01 8.11273E-03 0.0040
6.6221E-01 6.80100E-03 0.0043
8.9828E-01 5.54553E-03 0.0046
1.1731E+00 4.70540E-03 0.0048
1.3332E+00 4.27953E-03 0.0050
1.8360E+00 3.51633E-03 0.0054

Energy Bin   Relative Error
6.0327E-02 5.77782507022
8.8348E-02 0.72508735779
1.2213E-01 0.291740965082
1.5936E-01 0.171108001514
3.9236E-01 0.0632688198588
5.1404E-01 0.0950594294853
6.6221E-01 0.114208273174
8.9828E-01 0.101020199407
1.1731E+00 0.123582895579
1.3332E+00 0.0877825510938
1.8360E+00 0.133429544391

Chi Squared Value
1.2679010113131939
Average Error
0.698555737054