Energy Bin  Efficiency  Uncertainity
6.0327E-02 2.15175E-02 0.0030
8.8348E-02 2.22662E-02 0.0029
1.2213E-01 2.13609E-02 0.0029
1.5936E-01 1.96014E-02 0.0030
3.9236E-01 1.11214E-02 0.0036
5.1404E-01 9.27667E-03 0.0038
6.6221E-01 7.85120E-03 0.0040
8.9828E-01 6.45840E-03 0.0043
1.1731E+00 5.51100E-03 0.0045
1.3332E+00 5.03307E-03 0.0047
1.8360E+00 4.14380E-03 0.0050

Energy Bin   Relative Error
6.0327E-02 6.38293961944
8.8348E-02 0.884127402965
1.2213E-01 0.418351379967
1.5936E-01 0.291694926195
3.9236E-01 0.0638695945523
5.1404E-01 0.034773133369
6.6221E-01 0.022574328136
8.9828E-01 0.282263166163
1.1731E+00 0.315948768975
1.3332E+00 0.279319393586
1.8360E+00 0.335683893732

Chi Squared Value
1.6012787831312294
Average Error
0.846504146099