Energy Bin  Efficiency  Uncertainity
6.0327E-02 1.93191E-02 0.0032
8.8348E-02 1.99921E-02 0.0031
1.2213E-01 1.91051E-02 0.0031
1.5936E-01 1.74833E-02 0.0032
3.9236E-01 9.67980E-03 0.0038
5.1404E-01 8.03347E-03 0.0041
6.6221E-01 6.74193E-03 0.0043
8.9828E-01 5.50413E-03 0.0046
1.1731E+00 4.67467E-03 0.0049
1.3332E+00 4.25160E-03 0.0050
1.8360E+00 3.49980E-03 0.0054

Energy Bin   Relative Error
6.0327E-02 5.62863942382
8.8348E-02 0.691696987039
1.2213E-01 0.26856756735
1.5936E-01 0.152116170434
3.9236E-01 0.0740334039467
5.1404E-01 0.103900545807
6.6221E-01 0.121901806082
8.9828E-01 0.0928005637267
1.1731E+00 0.11624500669
1.3332E+00 0.0806832278849
1.8360E+00 0.128101378272

Chi Squared Value
1.1984624114839155
Average Error
0.678062371005