Energy Bin  Efficiency  Uncertainity
6.0327E-02 1.74052E-02 0.0033
8.8348E-02 1.86375E-02 0.0032
1.2213E-01 1.80119E-02 0.0032
1.5936E-01 1.66039E-02 0.0033
3.9236E-01 9.35360E-03 0.0039
5.1404E-01 7.80467E-03 0.0041
6.6221E-01 6.55747E-03 0.0043
8.9828E-01 5.37427E-03 0.0046
1.1731E+00 4.58013E-03 0.0049
1.3332E+00 4.17133E-03 0.0051
1.8360E+00 3.44327E-03 0.0054

Energy Bin   Relative Error
6.0327E-02 4.97195495129
8.8348E-02 0.577073073661
1.2213E-01 0.195979720931
1.5936E-01 0.0941653853835
3.9236E-01 0.105237592425
5.1404E-01 0.129422213918
6.6221E-01 0.145926676238
8.9828E-01 0.0670179093916
1.1731E+00 0.0936701932948
1.3332E+00 0.0602799814125
1.8360E+00 0.109879888212

Chi Squared Value
0.926834274116968
Average Error
0.59550978056