Energy Bin  Efficiency  Uncertainity
6.0327E-02 1.74065E-02 0.0033
8.8348E-02 1.86374E-02 0.0032
1.2213E-01 1.80137E-02 0.0032
1.5936E-01 1.66050E-02 0.0033
3.9236E-01 9.35233E-03 0.0039
5.1404E-01 7.80660E-03 0.0041
6.6221E-01 6.55720E-03 0.0043
8.9828E-01 5.37287E-03 0.0046
1.1731E+00 4.58120E-03 0.0049
1.3332E+00 4.16960E-03 0.0051
1.8360E+00 3.44560E-03 0.0054

Energy Bin   Relative Error
6.0327E-02 4.97240099853
8.8348E-02 0.577064611834
1.2213E-01 0.196099239888
1.5936E-01 0.0942378732883
3.9236E-01 0.105359080222
5.1404E-01 0.129206930616
6.6221E-01 0.145961842208
8.9828E-01 0.0667399506971
1.1731E+00 0.0939256941445
1.3332E+00 0.0598402453168
1.8360E+00 0.110630924331

Chi Squared Value
0.9270009756797911
Average Error
0.595587944643