Energy Bin  Efficiency  Uncertainity
6.0327E-02 2.02533E-02 0.0031
8.8348E-02 2.09009E-02 0.0030
1.2213E-01 1.99757E-02 0.0031
1.5936E-01 1.82883E-02 0.0031
3.9236E-01 1.03352E-02 0.0037
5.1404E-01 8.63573E-03 0.0040
6.6221E-01 7.30273E-03 0.0042
8.9828E-01 6.00173E-03 0.0045
1.1731E+00 5.13413E-03 0.0047
1.3332E+00 4.69060E-03 0.0049
1.8360E+00 3.88067E-03 0.0052

Energy Bin   Relative Error
6.0327E-02 5.94917583337
8.8348E-02 0.76859807406
1.2213E-01 0.326374902781
1.5936E-01 0.205164137191
3.9236E-01 0.0113380479421
5.1404E-01 0.0367210010674
6.6221E-01 0.0488607826436
8.9828E-01 0.191595025433
1.1731E+00 0.225957549131
1.3332E+00 0.192269439439
1.8360E+00 0.250868385513

Chi Squared Value
1.3577645708974426
Average Error
0.746083925324