Energy Bin  Efficiency  Uncertainity
6.0327E-02 2.02532E-02 0.0031
8.8348E-02 2.09011E-02 0.0030
1.2213E-01 1.99753E-02 0.0031
1.5936E-01 1.82894E-02 0.0031
3.9236E-01 1.03551E-02 0.0037
5.1404E-01 8.66267E-03 0.0040
6.6221E-01 7.32487E-03 0.0042
8.9828E-01 6.03053E-03 0.0045
1.1731E+00 5.16220E-03 0.0047
1.3332E+00 4.71900E-03 0.0049
1.8360E+00 3.91220E-03 0.0052

Energy Bin   Relative Error
6.0327E-02 5.94914152204
8.8348E-02 0.768614997715
1.2213E-01 0.326348343013
1.5936E-01 0.205236625096
3.9236E-01 0.00943442025744
5.1404E-01 0.0337159585022
6.6221E-01 0.0459771730521
8.9828E-01 0.197313032863
1.1731E+00 0.232660267684
1.3332E+00 0.199488228523
1.8360E+00 0.26103154811

Chi Squared Value
1.3583194194951964
Average Error
0.748087465169