Energy Bin  Efficiency  Uncertainity
6.0327E-02 1.87117E-02 0.0032
8.8348E-02 1.93659E-02 0.0031
1.2213E-01 1.85186E-02 0.0032
1.5936E-01 1.69837E-02 0.0032
3.9236E-01 9.56007E-03 0.0039
5.1404E-01 7.97540E-03 0.0041
6.6221E-01 6.74180E-03 0.0043
8.9828E-01 5.53653E-03 0.0046
1.1731E+00 4.71280E-03 0.0049
1.3332E+00 4.28273E-03 0.0050
1.8360E+00 3.53307E-03 0.0054

Energy Bin   Relative Error
6.0327E-02 5.42023242835
8.8348E-02 0.63870902413
1.2213E-01 0.229624307265
1.5936E-01 0.119193481997
3.9236E-01 0.0854867377496
5.1404E-01 0.110378007639
6.6221E-01 0.121918737846
8.9828E-01 0.0992333220854
1.1731E+00 0.125349910802
1.3332E+00 0.0885959357794
1.8360E+00 0.138825400461

Chi Squared Value
30947.29724370647
Average Error
0.652504299464