Energy Bin  Efficiency  Uncertainity
6.0327E-02 1.93487E-02 0.0032
8.8348E-02 2.00263E-02 0.0031
1.2213E-01 1.91779E-02 0.0031
1.5936E-01 1.76109E-02 0.0032
3.9236E-01 9.98987E-03 0.0038
5.1404E-01 8.34227E-03 0.0040
6.6221E-01 7.08227E-03 0.0042
8.9828E-01 5.82260E-03 0.0045
1.1731E+00 4.98827E-03 0.0047
1.3332E+00 4.54487E-03 0.0049
1.8360E+00 3.76353E-03 0.0053

Energy Bin   Relative Error
6.0327E-02 5.63879557638
8.8348E-02 0.694590931996
1.2213E-01 0.273401445158
1.5936E-01 0.160524767401
3.9236E-01 0.0443722061494
5.1404E-01 0.0694552175177
6.6221E-01 0.0775744488833
8.9828E-01 0.15603021047
1.1731E+00 0.191128246383
1.3332E+00 0.155227392492
1.8360E+00 0.21311028635

Chi Squared Value
33614.347376425576
Average Error
0.697655520834