Energy Bin  Efficiency  Uncertainity
6.0327E-02 1.77893E-02 0.0033
8.8348E-02 1.84655E-02 0.0032
1.2213E-01 1.76397E-02 0.0032
1.5936E-01 1.61433E-02 0.0033
3.9236E-01 8.99973E-03 0.0040
5.1404E-01 7.49407E-03 0.0042
6.6221E-01 6.30933E-03 0.0044
8.9828E-01 5.18180E-03 0.0047
1.1731E+00 4.39780E-03 0.0050
1.3332E+00 4.00373E-03 0.0052
1.8360E+00 3.31013E-03 0.0056

Energy Bin   Relative Error
6.0327E-02 5.1037447553
8.8348E-02 0.562518730607
1.2213E-01 0.171265856645
1.5936E-01 0.0638127226652
3.9236E-01 0.139088684322
5.1404E-01 0.164068324562
6.6221E-01 0.178245505689
8.9828E-01 0.0288045451541
1.1731E+00 0.0501323709309
1.3332E+00 0.017678958505
1.8360E+00 0.066964459472

Chi Squared Value
27375.781121391094
Average Error
0.595120446714