Energy Bin  Efficiency  Uncertainity
6.0327E-02 1.71927E-02 0.0034
8.8348E-02 1.80530E-02 0.0033
1.2213E-01 1.72981E-02 0.0033
1.5936E-01 1.58709E-02 0.0034
3.9236E-01 8.89140E-03 0.0040
5.1404E-01 7.41340E-03 0.0042
6.6221E-01 6.24860E-03 0.0045
8.9828E-01 5.12880E-03 0.0048
1.1731E+00 4.36220E-03 0.0050
1.3332E+00 3.96900E-03 0.0052
1.8360E+00 3.28600E-03 0.0056

Energy Bin   Relative Error
6.0327E-02 4.89904338307
8.8348E-02 0.52761369276
1.2213E-01 0.148583814624
1.5936E-01 0.0458620814918
3.9236E-01 0.149451497743
5.1404E-01 0.173066720395
6.6221E-01 0.186155244193
8.9828E-01 0.0182818231476
1.1731E+00 0.0416315949963
1.3332E+00 0.00885119283923
1.8360E+00 0.0591865618042

Chi Squared Value
25217.42528380244
Average Error
0.568884327915