Energy Bin  Efficiency  Uncertainity
6.0327E-02 1.86503E-02 0.0032
8.8348E-02 1.92968E-02 0.0031
1.2213E-01 1.84309E-02 0.0032
1.5936E-01 1.68831E-02 0.0033
3.9236E-01 9.46320E-03 0.0039
5.1404E-01 7.88953E-03 0.0041
6.6221E-01 6.65527E-03 0.0043
8.9828E-01 5.45927E-03 0.0046
1.1731E+00 4.64320E-03 0.0049
1.3332E+00 4.22127E-03 0.0051
1.8360E+00 3.48567E-03 0.0054

Energy Bin   Relative Error
6.0327E-02 5.39916527406
8.8348E-02 0.632861901426
1.2213E-01 0.223801078093
1.5936E-01 0.112564133605
3.9236E-01 0.0947532912073
5.1404E-01 0.119956441384
6.6221E-01 0.13318878021
8.9828E-01 0.0838939729869
1.1731E+00 0.108730416278
1.3332E+00 0.0729738661619
1.8360E+00 0.12354681159

Chi Squared Value
30693.149121858656
Average Error
0.645948724273