Energy Bin  Efficiency  Uncertainity
6.0327E-02 1.77887E-02 0.0033
8.8348E-02 1.84645E-02 0.0032
1.2213E-01 1.76360E-02 0.0032
1.5936E-01 1.61383E-02 0.0033
3.9236E-01 8.99113E-03 0.0040
5.1404E-01 7.48120E-03 0.0042
6.6221E-01 6.30087E-03 0.0044
8.9828E-01 5.16813E-03 0.0047
1.1731E+00 4.39100E-03 0.0050
1.3332E+00 3.99520E-03 0.0052
1.8360E+00 3.30320E-03 0.0056

Energy Bin   Relative Error
6.0327E-02 5.10353888734
8.8348E-02 0.562434112334
1.2213E-01 0.171020178789
1.5936E-01 0.0634832321885
3.9236E-01 0.139911357593
5.1404E-01 0.165503918393
6.6221E-01 0.179347372768
8.9828E-01 0.0260904770441
1.1731E+00 0.048508627213
1.3332E+00 0.0155107799525
1.8360E+00 0.0647306910991

Chi Squared Value
27373.825297604828
Average Error
0.594552694065