Energy Bin  Efficiency  Uncertainity
6.0327E-02 1.77887E-02 0.0033
8.8348E-02 1.84645E-02 0.0032
1.2213E-01 1.76365E-02 0.0032
1.5936E-01 1.61385E-02 0.0033
3.9236E-01 8.99160E-03 0.0040
5.1404E-01 7.48120E-03 0.0042
6.6221E-01 6.30107E-03 0.0044
8.9828E-01 5.16833E-03 0.0047
1.1731E+00 4.39113E-03 0.0050
1.3332E+00 3.99520E-03 0.0052
1.8360E+00 3.30313E-03 0.0056

Energy Bin   Relative Error
6.0327E-02 5.10353888734
8.8348E-02 0.562434112334
1.2213E-01 0.1710533785
1.5936E-01 0.0634964118075
3.9236E-01 0.139866397542
5.1404E-01 0.165503918393
6.6221E-01 0.179321323901
8.9828E-01 0.0261301854291
1.1731E+00 0.0485396693723
1.3332E+00 0.0155107799525
1.8360E+00 0.0647081277822

Chi Squared Value
27373.817457234192
Average Error
0.594554835669