Energy Bin  Efficiency  Uncertainity
6.0327E-02 1.86496E-02 0.0032
8.8348E-02 1.92968E-02 0.0031
1.2213E-01 1.84341E-02 0.0032
1.5936E-01 1.68897E-02 0.0033
3.9236E-01 9.58220E-03 0.0039
5.1404E-01 8.03007E-03 0.0041
6.6221E-01 6.80013E-03 0.0043
8.9828E-01 5.60693E-03 0.0046
1.1731E+00 4.79307E-03 0.0049
1.3332E+00 4.37627E-03 0.0050
1.8360E+00 3.63780E-03 0.0054

Energy Bin   Relative Error
6.0327E-02 5.39892509477
8.8348E-02 0.632861901426
1.2213E-01 0.224013556238
1.5936E-01 0.112999061035
3.9236E-01 0.0833697889727
5.1404E-01 0.104279801365
6.6221E-01 0.114321585746
8.9828E-01 0.113210673581
1.1731E+00 0.144517250247
1.3332E+00 0.11237218687
1.8360E+00 0.172583345871

Chi Squared Value
30718.17689255214
Average Error
0.655768567829