Energy Bin  Efficiency  Uncertainity
6.0327E-02 1.86497E-02 0.0032
8.8348E-02 1.92966E-02 0.0031
1.2213E-01 1.84316E-02 0.0032
1.5936E-01 1.68842E-02 0.0033
3.9236E-01 9.48880E-03 0.0039
5.1404E-01 7.92453E-03 0.0041
6.6221E-01 6.69087E-03 0.0043
8.9828E-01 5.49187E-03 0.0046
1.1731E+00 4.68187E-03 0.0049
1.3332E+00 4.26033E-03 0.0050
1.8360E+00 3.52427E-03 0.0054

Energy Bin   Relative Error
6.0327E-02 5.3989594061
8.8348E-02 0.632844977771
1.2213E-01 0.223847557687
1.5936E-01 0.11263662151
3.9236E-01 0.0923044033316
5.1404E-01 0.116052340056
6.6221E-01 0.128552081861
8.9828E-01 0.0903664397305
1.1731E+00 0.117964264744
1.3332E+00 0.0829022429803
1.8360E+00 0.135988869193

Chi Squared Value
30696.48839444901
Average Error
0.648401745906