Energy Bin  Efficiency  Uncertainity
6.0327E-02 1.98068E-02 0.0031
8.8348E-02 2.05378E-02 0.0030
1.2213E-01 1.96971E-02 0.0031
1.5936E-01 1.81047E-02 0.0031
3.9236E-01 1.02857E-02 0.0037
5.1404E-01 8.60080E-03 0.0040
6.6221E-01 7.29987E-03 0.0042
8.9828E-01 6.01133E-03 0.0044
1.1731E+00 5.13993E-03 0.0047
1.3332E+00 4.69633E-03 0.0048
1.8360E+00 3.87660E-03 0.0052

Energy Bin   Relative Error
6.0327E-02 5.79597576179
8.8348E-02 0.737873178927
1.2213E-01 0.307876024248
1.5936E-01 0.193065246885
3.9236E-01 0.0160732022329
5.1404E-01 0.0406172941929
6.6221E-01 0.0492332814436
8.9828E-01 0.193501027909
1.1731E+00 0.227342507008
1.3332E+00 0.193725906391
1.8360E+00 0.249556489802

Chi Squared Value
35619.441544873356
Average Error
0.727712720076