Energy Bin  Efficiency  Uncertainity
6.0327E-02 1.87514E-02 0.0032
8.8348E-02 1.94122E-02 0.0031
1.2213E-01 1.85743E-02 0.0032
1.5936E-01 1.70544E-02 0.0032
3.9236E-01 9.62580E-03 0.0039
5.1404E-01 8.03940E-03 0.0041
6.6221E-01 6.80000E-03 0.0043
8.9828E-01 5.58627E-03 0.0046
1.1731E+00 4.75627E-03 0.0048
1.3332E+00 4.32573E-03 0.0050
1.8360E+00 3.56947E-03 0.0054

Energy Bin   Relative Error
6.0327E-02 5.43385402486
8.8348E-02 0.642626850196
1.2213E-01 0.233322754983
1.5936E-01 0.123852477339
3.9236E-01 0.0791990268094
5.1404E-01 0.103239079497
6.6221E-01 0.11433851751
8.9828E-01 0.109108797417
1.1731E+00 0.135729931304
1.3332E+00 0.0995257924919
1.8360E+00 0.150558325247

Chi Squared Value
31114.219115221767
Average Error
0.65685050706