Energy Bin  Efficiency  Uncertainity
6.0327E-02 1.75897E-02 0.0033
8.8348E-02 1.83247E-02 0.0032
1.2213E-01 1.75263E-02 0.0033
1.5936E-01 1.60483E-02 0.0033
3.9236E-01 8.95833E-03 0.0040
5.1404E-01 7.45967E-03 0.0042
6.6221E-01 6.28240E-03 0.0044
8.9828E-01 5.15667E-03 0.0047
1.1731E+00 4.38087E-03 0.0050
1.3332E+00 3.98653E-03 0.0052
1.8360E+00 3.29740E-03 0.0056

Energy Bin   Relative Error
6.0327E-02 5.03525934816
8.8348E-02 0.550604477689
1.2213E-01 0.163736162368
1.5936E-01 0.0575524036069
3.9236E-01 0.143048995184
5.1404E-01 0.167905498439
6.6221E-01 0.181752985648
8.9828E-01 0.0238151865876
1.1731E+00 0.0460897266451
1.3332E+00 0.01330701582
1.8360E+00 0.0628611591276

Chi Squared Value
26643.484774463537
Average Error
0.585993905389