Energy Bin  Efficiency  Uncertainity
6.0327E-02 2.17381E-02 0.0030
8.8348E-02 2.26452E-02 0.0029
1.2213E-01 2.18533E-02 0.0029
1.5936E-01 2.02072E-02 0.0030
3.9236E-01 1.16116E-02 0.0035
5.1404E-01 9.71447E-03 0.0037
6.6221E-01 8.27287E-03 0.0039
8.9828E-01 6.82947E-03 0.0042
1.1731E+00 5.84680E-03 0.0044
1.3332E+00 5.34060E-03 0.0045
1.8360E+00 4.40993E-03 0.0049

Energy Bin   Relative Error
6.0327E-02 6.45863040508
8.8348E-02 0.916197728648
1.2213E-01 0.451046454589
1.5936E-01 0.331615992358
3.9236E-01 0.110761970984
5.1404E-01 0.0836078636967
6.6221E-01 0.0774944571538
8.9828E-01 0.355936118143
1.1731E+00 0.396133054336
1.3332E+00 0.357488203698
1.8360E+00 0.421466401247

Chi Squared Value
44934.709766016
Average Error
0.905488968176