Energy Bin  Efficiency  Uncertainity
6.0327E-02 2.22260E-02 0.0030
8.8348E-02 2.31987E-02 0.0029
1.2213E-01 2.24306E-02 0.0029
1.5936E-01 2.07752E-02 0.0029
3.9236E-01 1.19763E-02 0.0035
5.1404E-01 1.00256E-02 0.0037
6.6221E-01 8.52787E-03 0.0038
8.9828E-01 7.05940E-03 0.0041
1.1731E+00 6.03207E-03 0.0043
1.3332E+00 5.51227E-03 0.0045
1.8360E+00 4.54433E-03 0.0048

Energy Bin   Relative Error
6.0327E-02 6.62603536571
8.8348E-02 0.963033943069
1.2213E-01 0.489378840006
1.5936E-01 0.369046110517
3.9236E-01 0.145649057244
5.1404E-01 0.118313093589
6.6221E-01 0.110706762747
8.9828E-01 0.401586862878
1.1731E+00 0.440372907072
1.3332E+00 0.401123750252
1.8360E+00 0.464787969691

Chi Squared Value
47523.015983850535
Average Error
0.957275878435