Energy Bin  Efficiency  Uncertainity
6.0327E-02 1.86489E-02 0.0032
8.8348E-02 1.92977E-02 0.0031
1.2213E-01 1.84351E-02 0.0032
1.5936E-01 1.68949E-02 0.0033
3.9236E-01 9.63073E-03 0.0039
5.1404E-01 8.08980E-03 0.0041
6.6221E-01 6.85787E-03 0.0043
8.9828E-01 5.68080E-03 0.0046
1.1731E+00 4.86767E-03 0.0048
1.3332E+00 4.44260E-03 0.0050
1.8360E+00 3.70873E-03 0.0053

Energy Bin   Relative Error
6.0327E-02 5.39868491549
8.8348E-02 0.632938057872
1.2213E-01 0.224079955659
1.5936E-01 0.11334173113
3.9236E-01 0.078727424574
5.1404E-01 0.097617173584
6.6221E-01 0.106801277805
8.9828E-01 0.127876965555
1.1731E+00 0.162330673975
1.3332E+00 0.129232126306
1.8360E+00 0.19544643255

Chi Squared Value
30734.145326582355
Average Error
0.6606433395