Energy Bin  Efficiency  Uncertainity
6.0327E-02 1.60755E-02 0.0035
8.8348E-02 1.72506E-02 0.0033
1.2213E-01 1.66571E-02 0.0033
1.5936E-01 1.53547E-02 0.0034
3.9236E-01 8.69647E-03 0.0040
5.1404E-01 7.27247E-03 0.0043
6.6221E-01 6.13413E-03 0.0045
8.9828E-01 5.05127E-03 0.0048
1.1731E+00 4.30547E-03 0.0051
1.3332E+00 3.91933E-03 0.0052
1.8360E+00 3.25360E-03 0.0056

Energy Bin   Relative Error
6.0327E-02 4.51571724654
8.8348E-02 0.459715990047
1.2213E-01 0.106021786126
1.5936E-01 0.0118454846721
3.9236E-01 0.168098439681
5.1404E-01 0.188786863257
6.6221E-01 0.201064313296
8.9828E-01 0.00288886772947
1.1731E+00 0.0280852742443
1.3332E+00 0.00377406257733
1.8360E+00 0.0487429694115

Chi Squared Value
21420.425308597154
Average Error
0.521340117962