Energy Bin  Efficiency  Uncertainity
6.0327E-02 2.10103E-02 0.0030
8.8348E-02 2.18318E-02 0.0030
1.2213E-01 2.10326E-02 0.0030
1.5936E-01 1.93911E-02 0.0030
3.9236E-01 1.10942E-02 0.0036
5.1404E-01 9.26753E-03 0.0038
6.6221E-01 7.87947E-03 0.0040
8.9828E-01 6.50247E-03 0.0043
1.1731E+00 5.56000E-03 0.0045
1.3332E+00 5.09140E-03 0.0046
1.8360E+00 4.19807E-03 0.0050

Energy Bin   Relative Error
6.0327E-02 6.20891257285
8.8348E-02 0.847369224926
1.2213E-01 0.396552450238
1.5936E-01 0.277836556743
3.9236E-01 0.0612676511844
5.1404E-01 0.0337536051936
6.6221E-01 0.0262563355051
8.9828E-01 0.291012908782
1.1731E+00 0.327649275178
1.3332E+00 0.294145871308
1.8360E+00 0.35317691099

Chi Squared Value
41248.07804769604
Average Error
0.828903032991