Energy Bin  Efficiency  Uncertainity
6.0327E-02 1.84967E-02 0.0032
8.8348E-02 1.91068E-02 0.0032
1.2213E-01 1.81994E-02 0.0032
1.5936E-01 1.66015E-02 0.0033
3.9236E-01 9.17153E-03 0.0039
5.1404E-01 7.61413E-03 0.0042
6.6221E-01 6.40473E-03 0.0044
8.9828E-01 5.24060E-03 0.0047
1.1731E+00 4.44347E-03 0.0050
1.3332E+00 4.04060E-03 0.0051
1.8360E+00 3.33147E-03 0.0055

Energy Bin   Relative Error
6.0327E-02 5.34646307698
8.8348E-02 0.616784429448
1.2213E-01 0.208429612262
1.5936E-01 0.0940072299546
3.9236E-01 0.122654350844
5.1404E-01 0.150676141549
6.6221E-01 0.165820196067
8.9828E-01 0.0404788103236
1.1731E+00 0.0610377202829
1.3332E+00 0.0270506751792
1.8360E+00 0.0738430477948

Chi Squared Value
30072.75347871605
Average Error
0.627931390062