Energy Bin  Efficiency  Uncertainity
6.0327E-02 2.27283E-02 0.0029
8.8348E-02 2.37703E-02 0.0028
1.2213E-01 2.30215E-02 0.0028
1.5936E-01 2.13499E-02 0.0029
3.9236E-01 1.23405E-02 0.0034
5.1404E-01 1.03259E-02 0.0036
6.6221E-01 8.80547E-03 0.0038
8.9828E-01 7.29047E-03 0.0040
1.1731E+00 6.23033E-03 0.0043
1.3332E+00 5.69920E-03 0.0044
1.8360E+00 4.69367E-03 0.0047

Energy Bin   Relative Error
6.0327E-02 6.79838115732
8.8348E-02 1.01140174824
1.2213E-01 0.528614257541
1.5936E-01 0.406917745915
3.9236E-01 0.180488313663
5.1404E-01 0.151810282985
6.6221E-01 0.146862590326
8.9828E-01 0.447463945407
1.1731E+00 0.487714587881
1.3332E+00 0.448638125026
1.8360E+00 0.512925194627

Chi Squared Value
50289.493101071304
Average Error
1.01101981354