Energy Bin  Efficiency  Uncertainity
6.0327E-02 1.84121E-02 0.0032
8.8348E-02 1.88823E-02 0.0032
1.2213E-01 1.79860E-02 0.0032
1.5936E-01 1.63976E-02 0.0033
3.9236E-01 9.09100E-03 0.0039
5.1404E-01 7.55387E-03 0.0042
6.6221E-01 6.35573E-03 0.0044
8.9828E-01 5.20587E-03 0.0047
1.1731E+00 4.42300E-03 0.0050
1.3332E+00 4.01847E-03 0.0052
1.8360E+00 3.32167E-03 0.0055

Energy Bin   Relative Error
6.0327E-02 5.317435695
8.8348E-02 0.597787627031
1.2213E-01 0.194259975942
1.5936E-01 0.0805706083127
3.9236E-01 0.130357825087
5.1404E-01 0.157397888578
6.6221E-01 0.172202168514
8.9828E-01 0.0335834492804
1.1731E+00 0.0561497741205
1.3332E+00 0.0214256117129
1.8360E+00 0.0706841834291

Chi Squared Value
29725.49689266894
Average Error
0.621077709728