Energy Bin  Efficiency  Uncertainity
6.0327E-02 1.84631E-02 0.0032
8.8348E-02 1.90748E-02 0.0032
1.2213E-01 1.81757E-02 0.0032
1.5936E-01 1.65787E-02 0.0033
3.9236E-01 9.16513E-03 0.0039
5.1404E-01 7.60780E-03 0.0042
6.6221E-01 6.40000E-03 0.0044
8.9828E-01 5.23840E-03 0.0047
1.1731E+00 4.44020E-03 0.0050
1.3332E+00 4.03867E-03 0.0051
1.8360E+00 3.32960E-03 0.0055

Energy Bin   Relative Error
6.0327E-02 5.33493447137
8.8348E-02 0.614076644694
1.2213E-01 0.206855945998
1.5936E-01 0.0925047533806
3.9236E-01 0.123266572813
5.1404E-01 0.15138222616
6.6221E-01 0.166436251774
8.9828E-01 0.0400420180893
1.1731E+00 0.0602568905833
1.3332E+00 0.0265601025407
1.8360E+00 0.0732402849006

Chi Squared Value
29941.430106697688
Average Error
0.626323287482