Energy Bin  Efficiency  Uncertainity
6.0327E-02 1.60763E-02 0.0035
8.8348E-02 1.72517E-02 0.0033
1.2213E-01 1.66588E-02 0.0033
1.5936E-01 1.53567E-02 0.0034
3.9236E-01 8.69473E-03 0.0040
5.1404E-01 7.27253E-03 0.0043
6.6221E-01 6.13327E-03 0.0045
8.9828E-01 5.05127E-03 0.0048
1.1731E+00 4.30433E-03 0.0051
1.3332E+00 3.91893E-03 0.0052
1.8360E+00 3.25220E-03 0.0056

Energy Bin   Relative Error
6.0327E-02 4.51599173715
8.8348E-02 0.459809070148
1.2213E-01 0.10613466514
1.5936E-01 0.0119772808628
3.9236E-01 0.168264887528
5.1404E-01 0.188780170512
6.6221E-01 0.201176323425
8.9828E-01 0.00288886772947
1.1731E+00 0.0278130583858
1.3332E+00 0.00387573566303
1.8360E+00 0.0482917030735

Chi Squared Value
21423.14513371527
Average Error
0.52136395451