Energy Bin  Efficiency  Uncertainity
6.0327E-02 2.19820E-02 0.0030
8.8348E-02 2.29197E-02 0.0029
1.2213E-01 2.21431E-02 0.0029
1.5936E-01 2.04910E-02 0.0030
3.9236E-01 1.17940E-02 0.0035
5.1404E-01 9.86060E-03 0.0037
6.6221E-01 8.40087E-03 0.0039
8.9828E-01 6.93853E-03 0.0041
1.1731E+00 5.93813E-03 0.0044
1.3332E+00 5.42647E-03 0.0045
1.8360E+00 4.47833E-03 0.0048

Energy Bin   Relative Error
6.0327E-02 6.54231572974
8.8348E-02 0.939425444743
1.2213E-01 0.470289006631
1.5936E-01 0.350317871819
3.9236E-01 0.128210297098
5.1404E-01 0.0999080444705
6.6221E-01 0.0941657321183
8.9828E-01 0.377589100445
1.1731E+00 0.417941365182
1.3332E+00 0.37931487337
1.8360E+00 0.443513985187

Chi Squared Value
46215.82203169912
Average Error
0.931181040982