Energy Bin  Efficiency  Uncertainity
6.0327E-02 1.79453E-02 0.0033
8.8348E-02 1.86059E-02 0.0032
1.2213E-01 1.77605E-02 0.0032
1.5936E-01 1.62431E-02 0.0033
3.9236E-01 9.03433E-03 0.0040
5.1404E-01 7.51120E-03 0.0042
6.6221E-01 6.32287E-03 0.0044
8.9828E-01 5.18480E-03 0.0047
1.1731E+00 4.40400E-03 0.0050
1.3332E+00 4.00693E-03 0.0052
1.8360E+00 3.30893E-03 0.0056

Energy Bin   Relative Error
6.0327E-02 5.1572704242
8.8348E-02 0.574399136217
1.2213E-01 0.179286906634
1.5936E-01 0.0703893525811
3.9236E-01 0.135778859303
5.1404E-01 0.162157545826
6.6221E-01 0.176481997384
8.9828E-01 0.0294001709281
1.1731E+00 0.0516128431442
1.3332E+00 0.0184923431906
1.8360E+00 0.0665776597537

Chi Squared Value
27959.056037287955
Average Error
0.601986112651