Energy Bin  Efficiency  Uncertainity
6.0327E-02 1.86493E-02 0.0032
8.8348E-02 1.92967E-02 0.0031
1.2213E-01 1.84350E-02 0.0032
1.5936E-01 1.68937E-02 0.0033
3.9236E-01 9.61660E-03 0.0039
5.1404E-01 8.07160E-03 0.0041
6.6221E-01 6.83840E-03 0.0043
8.9828E-01 5.65867E-03 0.0046
1.1731E+00 4.84387E-03 0.0048
1.3332E+00 4.42260E-03 0.0050
1.8360E+00 3.68820E-03 0.0054

Energy Bin   Relative Error
6.0327E-02 5.39882216079
8.8348E-02 0.632853439599
1.2213E-01 0.224073315717
1.5936E-01 0.113262653416
3.9236E-01 0.0800790958897
5.1404E-01 0.0996473062747
6.6221E-01 0.109337135021
8.9828E-01 0.123483232762
1.1731E+00 0.156647570963
1.3332E+00 0.124148472021
1.8360E+00 0.188828934037

Chi Squared Value
30729.735079853705
Average Error
0.659198483318