Energy Bin  Efficiency  Uncertainity
6.0327E-02 1.86315E-02 0.0032
8.8348E-02 1.92705E-02 0.0031
1.2213E-01 1.84033E-02 0.0032
1.5936E-01 1.68519E-02 0.0033
3.9236E-01 9.42887E-03 0.0039
5.1404E-01 7.85833E-03 0.0041
6.6221E-01 6.62587E-03 0.0043
8.9828E-01 5.43433E-03 0.0046
1.1731E+00 4.62033E-03 0.0049
1.3332E+00 4.20227E-03 0.0051
1.8360E+00 3.46853E-03 0.0054

Energy Bin   Relative Error
6.0327E-02 5.39271474473
8.8348E-02 0.630636440831
1.2213E-01 0.221968454089
1.5936E-01 0.11050811303
3.9236E-01 0.0980372881124
5.1404E-01 0.123436668853
6.6221E-01 0.137017963679
8.9828E-01 0.0789423373861
1.1731E+00 0.103269384097
1.3332E+00 0.0681443945912
1.8360E+00 0.118022022281

Chi Squared Value
30615.501838389137
Average Error
0.643881619243