Energy Bin  Efficiency  Uncertainity
6.0327E-02 1.88344E-02 0.0032
8.8348E-02 1.95019E-02 0.0031
1.2213E-01 1.86805E-02 0.0032
1.5936E-01 1.71865E-02 0.0032
3.9236E-01 9.75747E-03 0.0038
5.1404E-01 8.15833E-03 0.0040
6.6221E-01 6.90980E-03 0.0043
8.9828E-01 5.68400E-03 0.0045
1.1731E+00 4.84947E-03 0.0048
1.3332E+00 4.40647E-03 0.0050
1.8360E+00 3.63793E-03 0.0053

Energy Bin   Relative Error
6.0327E-02 5.46233242563
8.8348E-02 0.650217109335
1.2213E-01 0.240374373434
1.5936E-01 0.132557615734
3.9236E-01 0.0666035163957
5.1404E-01 0.0899729431835
6.6221E-01 0.100037689455
8.9828E-01 0.128512299714
1.1731E+00 0.157984771672
1.3332E+00 0.12004850484
1.8360E+00 0.172625249174

Chi Squared Value
31466.53943139535
Average Error
0.665569681688