Energy Bin  Efficiency  Uncertainity
6.0327E-02 1.83310E-02 0.0033
8.8348E-02 1.89611E-02 0.0032
1.2213E-01 1.80783E-02 0.0032
1.5936E-01 1.64965E-02 0.0033
3.9236E-01 9.13173E-03 0.0039
5.1404E-01 7.58407E-03 0.0042
6.6221E-01 6.38040E-03 0.0044
8.9828E-01 5.22413E-03 0.0047
1.1731E+00 4.43160E-03 0.0050
1.3332E+00 4.03060E-03 0.0052
1.8360E+00 3.32560E-03 0.0055

Energy Bin   Relative Error
6.0327E-02 5.28960920943
8.8348E-02 0.604455546989
1.2213E-01 0.200388642448
1.5936E-01 0.0870879299429
3.9236E-01 0.126461606213
5.1404E-01 0.154029206861
6.6221E-01 0.168989040753
8.9828E-01 0.0372088248246
1.1731E+00 0.0582033323519
1.3332E+00 0.0245088480367
1.8360E+00 0.0719509525064

Chi Squared Value
29429.74015937156
Average Error
0.62026301276