Energy Bin  Efficiency  Uncertainity
6.0327E-02 1.81019E-02 0.0033
8.8348E-02 1.87509E-02 0.0032
1.2213E-01 1.78871E-02 0.0032
1.5936E-01 1.63475E-02 0.0033
3.9236E-01 9.07360E-03 0.0040
5.1404E-01 7.53853E-03 0.0042
6.6221E-01 6.34633E-03 0.0044
8.9828E-01 5.19893E-03 0.0047
1.1731E+00 4.41460E-03 0.0050
1.3332E+00 4.01707E-03 0.0052
1.8360E+00 3.31513E-03 0.0055

Energy Bin   Relative Error
6.0327E-02 5.21100196106
8.8348E-02 0.586668785884
1.2213E-01 0.187693073261
1.5936E-01 0.0772691137357
3.9236E-01 0.132022303565
5.1404E-01 0.159109000418
6.6221E-01 0.173426465269
8.9828E-01 0.0322055683234
1.1731E+00 0.0541439730573
1.3332E+00 0.021069755913
1.8360E+00 0.0685761249647

Chi Squared Value
28551.379578005573
Average Error
0.60938055686