Energy Bin  Efficiency  Uncertainity
6.0327E-02 1.60743E-02 0.0035
8.8348E-02 1.72493E-02 0.0033
1.2213E-01 1.66561E-02 0.0033
1.5936E-01 1.53544E-02 0.0034
3.9236E-01 8.69787E-03 0.0040
5.1404E-01 7.27080E-03 0.0043
6.6221E-01 6.13507E-03 0.0045
8.9828E-01 5.04867E-03 0.0048
1.1731E+00 4.30360E-03 0.0051
1.3332E+00 3.92047E-03 0.0052
1.8360E+00 3.25280E-03 0.0056

Energy Bin   Relative Error
6.0327E-02 4.51530551062
8.8348E-02 0.459605986292
1.2213E-01 0.105955386705
1.5936E-01 0.0118257152435
3.9236E-01 0.167964516125
5.1404E-01 0.188973144663
6.6221E-01 0.200941883621
8.9828E-01 0.00237265872538
1.1731E+00 0.0276387447219
1.3332E+00 0.00348429428309
1.8360E+00 0.0484851029326

Chi Squared Value
21416.38066604411
Average Error
0.521141176721