Energy Bin  Efficiency  Uncertainity
6.0327E-02 2.32541E-02 0.0029
8.8348E-02 2.43436E-02 0.0028
1.2213E-01 2.36127E-02 0.0028
1.5936E-01 2.19545E-02 0.0029
3.9236E-01 1.27337E-02 0.0033
5.1404E-01 1.06648E-02 0.0035
6.6221E-01 9.08960E-03 0.0037
8.9828E-01 7.54293E-03 0.0040
1.1731E+00 6.44347E-03 0.0042
1.3332E+00 5.90127E-03 0.0043
1.8360E+00 4.85373E-03 0.0046

Energy Bin   Relative Error
6.0327E-02 6.97879011058
8.8348E-02 1.05991340448
1.2213E-01 0.567869594903
1.5936E-01 0.446759734364
3.9236E-01 0.218101700879
5.1404E-01 0.189613138416
6.6221E-01 0.183868913418
8.9828E-01 0.497587839704
1.1731E+00 0.538609402001
1.3332E+00 0.500000826094
1.8360E+00 0.564517830379

Chi Squared Value
53292.125923368934
Average Error
1.06778477229