Energy Bin  Efficiency  Uncertainity
6.0327E-02 7.55240E-03 0.0051
8.8348E-02 8.20540E-03 0.0049
1.2213E-01 8.20573E-03 0.0048
1.5936E-01 7.60893E-03 0.0049
3.9236E-01 4.11393E-03 0.0057
5.1404E-01 3.32293E-03 0.0061
6.6221E-01 2.77427E-03 0.0065
8.9828E-01 2.24347E-03 0.0069
1.1731E+00 1.87700E-03 0.0074
1.3332E+00 1.73440E-03 0.0077
1.8360E+00 1.37887E-03 0.0083

Energy Bin   Relative Error
6.0327E-02 24.1462583798
8.8348E-02 5.71020614444
1.2213E-01 4.45956026672
1.5936E-01 4.13313105998
3.9236E-01 2.68634913504
5.1404E-01 2.00343350387
6.6221E-01 2.28814873454
8.9828E-01 2.17218507229
1.1731E+00 2.05740950107
1.3332E+00 1.96920248478
1.8360E+00 1.94378736123

Chi Squared Value
661397.7592490795
Average Error
4.86997014943