Energy Bin  Efficiency  Uncertainity
6.0327E-02 8.34027E-03 0.0049
8.8348E-02 8.79393E-03 0.0047
1.2213E-01 8.66087E-03 0.0047
1.5936E-01 8.00007E-03 0.0047
3.9236E-01 4.26500E-03 0.0056
5.1404E-01 3.42893E-03 0.0060
6.6221E-01 2.84980E-03 0.0064
8.9828E-01 2.29493E-03 0.0068
1.1731E+00 1.91573E-03 0.0073
1.3332E+00 1.76680E-03 0.0076
1.8360E+00 1.39807E-03 0.0083

Energy Bin   Relative Error
6.0327E-02 26.769528147
8.8348E-02 6.19149378699
1.2213E-01 4.76238088838
1.5936E-01 4.3970016545
3.9236E-01 2.8217176911
5.1404E-01 2.0992417067
6.6221E-01 2.37766917557
8.9828E-01 2.24494764269
1.1731E+00 2.1204960594
1.3332E+00 2.02466959762
1.8360E+00 1.98477796755

Chi Squared Value
802613.390654444
Average Error
5.25399311977