Energy Bin  Efficiency  Uncertainity
6.0327E-02 7.77660E-03 0.0050
8.8348E-02 8.45887E-03 0.0048
1.2213E-01 8.44133E-03 0.0047
1.5936E-01 7.82860E-03 0.0048
3.9236E-01 4.24073E-03 0.0057
5.1404E-01 3.42420E-03 0.0060
6.6221E-01 2.86907E-03 0.0064
8.9828E-01 2.30920E-03 0.0068
1.1731E+00 1.93460E-03 0.0073
1.3332E+00 1.78160E-03 0.0076
1.8360E+00 1.42473E-03 0.0082

Energy Bin   Relative Error
6.0327E-02 24.8927483868
8.8348E-02 5.91748865979
1.2213E-01 4.61631321848
1.5936E-01 4.28132468247
3.9236E-01 2.7999701909
5.1404E-01 2.09496649161
6.6221E-01 2.40050856255
8.9828E-01 2.26512490425
1.1731E+00 2.1512330425
1.3332E+00 2.05000642694
1.8360E+00 2.04169513237

Chi Squared Value
704636.7709907684
Average Error
5.04648906351