Energy Bin  Efficiency  Uncertainity
6.0327E-02 8.35680E-03 0.0048
8.8348E-02 8.80540E-03 0.0047
1.2213E-01 8.66760E-03 0.0046
1.5936E-01 8.00773E-03 0.0047
3.9236E-01 4.26727E-03 0.0056
5.1404E-01 3.43113E-03 0.0060
6.6221E-01 2.85120E-03 0.0064
8.9828E-01 2.29580E-03 0.0068
1.1731E+00 1.91687E-03 0.0073
1.3332E+00 1.76747E-03 0.0076
1.8360E+00 1.39873E-03 0.0083

Energy Bin   Relative Error
6.0327E-02 26.8245659695
8.8348E-02 6.20087371539
1.2213E-01 4.76685859367
1.5936E-01 4.40216923837
3.9236E-01 2.8237517589
5.1404E-01 2.10123017883
6.6221E-01 2.37932849792
8.9828E-01 2.24617779108
1.1731E+00 2.12235298366
1.3332E+00 2.02581660273
1.8360E+00 1.98618701964

Chi Squared Value
805694.7501354102
Average Error
5.26175566815