Energy Bin  Efficiency  Uncertainity
6.0327E-02 7.70580E-03 0.0050
8.8348E-02 8.31700E-03 0.0048
1.2213E-01 8.29393E-03 0.0048
1.5936E-01 7.68073E-03 0.0048
3.9236E-01 4.13927E-03 0.0057
5.1404E-01 3.33927E-03 0.0061
6.6221E-01 2.78540E-03 0.0065
8.9828E-01 2.25193E-03 0.0069
1.1731E+00 1.87927E-03 0.0074
1.3332E+00 1.73807E-03 0.0077
1.8360E+00 1.37947E-03 0.0083

Energy Bin   Relative Error
6.0327E-02 24.6570147003
8.8348E-02 5.80147031264
1.2213E-01 4.51824282336
1.5936E-01 4.181568726
3.9236E-01 2.70905542491
5.1404E-01 2.01820242872
6.6221E-01 2.30134034726
8.9828E-01 2.18414720493
1.1731E+00 2.06110706078
1.3332E+00 1.97548533367
1.8360E+00 1.94506831768

Chi Squared Value
687585.6180842759
Average Error
4.94115478912