Energy Bin  Efficiency  Uncertainity
6.0327E-02 7.55247E-03 0.0051
8.8348E-02 8.20447E-03 0.0049
1.2213E-01 8.20207E-03 0.0048
1.5936E-01 7.60240E-03 0.0049
3.9236E-01 4.10680E-03 0.0057
5.1404E-01 3.31713E-03 0.0061
6.6221E-01 2.76913E-03 0.0065
8.9828E-01 2.23867E-03 0.0069
1.1731E+00 1.87287E-03 0.0074
1.3332E+00 1.73007E-03 0.0077
1.8360E+00 1.37433E-03 0.0083

Energy Bin   Relative Error
6.0327E-02 24.1464914498
8.8348E-02 5.7094456097
1.2213E-01 4.45712514022
1.5936E-01 4.12872579592
3.9236E-01 2.67996019081
5.1404E-01 1.99819116825
6.6221E-01 2.28205665104
8.9828E-01 2.16539804668
1.1731E+00 2.05068222284
1.3332E+00 1.96178975025
1.8360E+00 1.93409479078

Chi Squared Value
661129.4658399638
Average Error
4.86490552875