Energy Bin  Efficiency  Uncertainity
6.0327E-02 9.74660E-03 0.0045
8.8348E-02 1.03213E-02 0.0043
1.2213E-01 1.01991E-02 0.0043
1.5936E-01 9.51020E-03 0.0043
3.9236E-01 5.37240E-03 0.0051
5.1404E-01 4.38280E-03 0.0054
6.6221E-01 3.67513E-03 0.0057
8.9828E-01 3.00693E-03 0.0061
1.1731E+00 2.54073E-03 0.0064
1.3332E+00 2.32180E-03 0.0067
1.8360E+00 1.87947E-03 0.0072

Energy Bin   Relative Error
6.0327E-02 31.4520049156
8.8348E-02 7.44054533339
1.2213E-01 5.78581931361
1.5936E-01 5.41576450389
3.9236E-01 3.81402019313
5.1404E-01 2.96139803149
6.6221E-01 3.35587526044
8.9828E-01 3.25168977496
1.1731E+00 3.13854663914
1.3332E+00 2.97480069716
1.8360E+00 3.01253202391

Chi Squared Value
1139735.3481560927
Average Error
6.60027242606