Energy Bin  Efficiency  Uncertainity
6.0327E-02 7.55247E-03 0.0051
8.8348E-02 8.20493E-03 0.0049
1.2213E-01 8.20347E-03 0.0048
1.5936E-01 7.60533E-03 0.0049
3.9236E-01 4.11153E-03 0.0057
5.1404E-01 3.32173E-03 0.0061
6.6221E-01 2.77467E-03 0.0065
8.9828E-01 2.24153E-03 0.0069
1.1731E+00 1.87640E-03 0.0074
1.3332E+00 1.73433E-03 0.0077
1.8360E+00 1.37967E-03 0.0083

Energy Bin   Relative Error
6.0327E-02 24.1464914498
8.8348E-02 5.70982178818
1.2213E-01 4.45805660937
1.5936E-01 4.13070243048
3.9236E-01 2.68419857878
5.1404E-01 2.00234888271
6.6221E-01 2.28862282665
8.9828E-01 2.16944198277
1.1731E+00 2.05643217252
1.3332E+00 1.96908264842
1.8360E+00 1.94549530316

Chi Squared Value
661347.7568990038
Average Error
4.86915406117