Energy Bin  Efficiency  Uncertainity
6.0327E-02 7.55247E-03 0.0051
8.8348E-02 8.20487E-03 0.0049
1.2213E-01 8.20200E-03 0.0048
1.5936E-01 7.60287E-03 0.0049
3.9236E-01 4.10747E-03 0.0057
5.1404E-01 3.31780E-03 0.0061
6.6221E-01 2.76947E-03 0.0065
8.9828E-01 2.23827E-03 0.0069
1.1731E+00 1.87313E-03 0.0074
1.3332E+00 1.73300E-03 0.0077
1.8360E+00 1.37473E-03 0.0083

Energy Bin   Relative Error
6.0327E-02 24.1464914498
8.8348E-02 5.70977272142
1.2213E-01 4.45707856676
1.5936E-01 4.129042867
3.9236E-01 2.68056055444
5.1404E-01 1.9987967484
6.6221E-01 2.28245962933
8.9828E-01 2.16483246121
1.1731E+00 2.05110573188
1.3332E+00 1.96680575768
1.8360E+00 1.93494876174

Chi Squared Value
661166.3077861174
Average Error
4.86562684088