Energy Bin  Efficiency  Uncertainity
6.0327E-02 7.54200E-03 0.0051
8.8348E-02 8.16507E-03 0.0049
1.2213E-01 8.10927E-03 0.0048
1.5936E-01 7.48127E-03 0.0049
3.9236E-01 3.96993E-03 0.0058
5.1404E-01 3.19373E-03 0.0062
6.6221E-01 2.65213E-03 0.0066
8.9828E-01 2.13727E-03 0.0071
1.1731E+00 1.77807E-03 0.0076
1.3332E+00 1.63920E-03 0.0078
1.8360E+00 1.30873E-03 0.0085

Energy Bin   Relative Error
6.0327E-02 24.1116308326
8.8348E-02 5.67722510588
1.2213E-01 4.39538204207
1.5936E-01 4.04700915964
3.9236E-01 2.55731575931
5.1404E-01 1.88665595854
6.6221E-01 2.14338471142
8.9828E-01 2.02202213065
1.1731E+00 1.89626431091
1.3332E+00 1.80622504212
1.8360E+00 1.79404355252

Chi Squared Value
653823.7769170481
Average Error
4.75792350961