Energy Bin  Efficiency  Uncertainity
6.0327E-02 1.13208E-02 0.0042
8.8348E-02 1.20318E-02 0.0040
1.2213E-01 1.19038E-02 0.0040
1.5936E-01 1.12002E-02 0.0040
3.9236E-01 6.60840E-03 0.0046
5.1404E-01 5.47920E-03 0.0049
6.6221E-01 4.65287E-03 0.0051
8.9828E-01 3.81027E-03 0.0055
1.1731E+00 3.26273E-03 0.0057
1.3332E+00 2.99040E-03 0.0059
1.8360E+00 2.46393E-03 0.0064

Energy Bin   Relative Error
6.0327E-02 36.6934169093
8.8348E-02 8.83935680024
1.2213E-01 6.9200160745
1.5936E-01 6.55587112747
3.9236E-01 4.9215566682
5.1404E-01 3.95238023504
6.6221E-01 4.51472228821
8.9828E-01 4.38758334874
1.1731E+00 4.31459866885
1.3332E+00 4.11940908123
1.8360E+00 4.2603116994

Chi Squared Value
1594486.3719419595
Average Error
8.1344748092