Energy Bin  Efficiency  Uncertainity
6.0327E-02 7.54200E-03 0.0051
8.8348E-02 8.16507E-03 0.0049
1.2213E-01 8.10920E-03 0.0048
1.5936E-01 7.48100E-03 0.0049
3.9236E-01 3.96993E-03 0.0058
5.1404E-01 3.19380E-03 0.0062
6.6221E-01 2.65287E-03 0.0066
8.9828E-01 2.13687E-03 0.0071
1.1731E+00 1.77787E-03 0.0076
1.3332E+00 1.63953E-03 0.0078
1.8360E+00 1.30887E-03 0.0085

Energy Bin   Relative Error
6.0327E-02 24.1116308326
8.8348E-02 5.67722510588
1.2213E-01 4.39533546862
1.5936E-01 4.04682701243
3.9236E-01 2.55731575931
5.1404E-01 1.88671922811
6.6221E-01 2.14426178181
8.9828E-01 2.02145654518
1.1731E+00 1.89593853472
1.3332E+00 1.80678998493
1.8360E+00 1.79434244236

Chi Squared Value
653825.7130117612
Average Error
4.75798569963