Energy Bin  Efficiency  Uncertainity
6.0327E-02 1.03561E-02 0.0043
8.8348E-02 1.09841E-02 0.0042
1.2213E-01 1.08471E-02 0.0042
1.5936E-01 1.01672E-02 0.0042
3.9236E-01 5.85193E-03 0.0049
5.1404E-01 4.80107E-03 0.0052
6.6221E-01 4.04493E-03 0.0055
8.9828E-01 3.31800E-03 0.0058
1.1731E+00 2.81493E-03 0.0061
1.3332E+00 2.57220E-03 0.0064
1.8360E+00 2.09253E-03 0.0069

Energy Bin   Relative Error
6.0327E-02 33.4813789533
8.8348E-02 7.98256944343
1.2213E-01 6.21695646446
1.5936E-01 5.85898938655
3.9236E-01 4.24371029498
5.1404E-01 3.33945177673
6.6221E-01 3.79417340808
8.9828E-01 3.69153145345
1.1731E+00 3.58518578948
1.3332E+00 3.40347245811
1.8360E+00 3.46739965841

Chi Squared Value
1305709.675544961
Average Error
7.18771082609