Energy Bin  Efficiency  Uncertainity
6.0327E-02 7.54707E-03 0.0051
8.8348E-02 8.18147E-03 0.0049
1.2213E-01 8.14113E-03 0.0048
1.5936E-01 7.51880E-03 0.0049
3.9236E-01 4.00847E-03 0.0058
5.1404E-01 3.22800E-03 0.0062
6.6221E-01 2.68347E-03 0.0066
8.9828E-01 2.16547E-03 0.0070
1.1731E+00 1.80687E-03 0.0075
1.3332E+00 1.66580E-03 0.0078
1.8360E+00 1.32733E-03 0.0085

Energy Bin   Relative Error
6.0327E-02 24.1285117619
8.8348E-02 5.69063668615
1.2213E-01 4.41657961866
1.5936E-01 4.07232762212
3.9236E-01 2.59185010862
5.1404E-01 1.91763093129
6.6221E-01 2.18052982755
8.9828E-01 2.06189590612
1.1731E+00 1.94317608162
1.3332E+00 1.85176285698
1.8360E+00 1.83375320239

Chi Squared Value
656286.3814740333
Average Error
4.78987769121