Energy Bin  Efficiency  Uncertainity
6.0327E-02 1.23433E-02 0.0040
8.8348E-02 1.31501E-02 0.0038
1.2213E-01 1.30355E-02 0.0038
1.5936E-01 1.22982E-02 0.0038
3.9236E-01 7.42540E-03 0.0044
5.1404E-01 6.19680E-03 0.0046
6.6221E-01 5.30387E-03 0.0048
8.9828E-01 4.37953E-03 0.0051
1.1731E+00 3.75153E-03 0.0054
1.3332E+00 3.45307E-03 0.0056
1.8360E+00 2.85587E-03 0.0060

Energy Bin   Relative Error
6.0327E-02 40.0979041178
8.8348E-02 9.75387937456
1.2213E-01 7.67297581773
1.5936E-01 7.29660312315
3.9236E-01 5.65364186249
5.1404E-01 4.60098369114
6.6221E-01 5.28630718304
8.9828E-01 5.1924963069
1.1731E+00 5.11079566625
1.3332E+00 4.91147602866
1.8360E+00 5.09707514944

Chi Squared Value
1935552.3266013805
Average Error
9.15219439283