Energy Bin  Efficiency  Uncertainity
6.0327E-02 1.49391E-02 0.0036
8.8348E-02 1.61009E-02 0.0035
1.2213E-01 1.60063E-02 0.0034
1.5936E-01 1.52479E-02 0.0034
3.9236E-01 9.63807E-03 0.0039
5.1404E-01 8.14333E-03 0.0041
6.6221E-01 7.03673E-03 0.0042
8.9828E-01 5.92533E-03 0.0045
1.1731E+00 5.07993E-03 0.0047
1.3332E+00 4.73533E-03 0.0048
1.8360E+00 3.90973E-03 0.0051

Energy Bin   Relative Error
6.0327E-02 48.7408067053
8.8348E-02 12.1669824885
1.2213E-01 9.64955336054
1.5936E-01 9.28652768385
3.9236E-01 7.63633824785
5.1404E-01 6.36035671985
6.6221E-01 7.3401452796
8.9828E-01 7.37820134631
1.1731E+00 7.27460109045
1.3332E+00 7.10663837768
1.8360E+00 7.34698975235

Chi Squared Value
2976330.71064929
Average Error
11.8442855502