Energy Bin  Efficiency  Uncertainity
6.0327E-02 1.06717E-02 0.0043
8.8348E-02 1.13320E-02 0.0041
1.2213E-01 1.11901E-02 0.0041
1.5936E-01 1.05070E-02 0.0041
3.9236E-01 6.10113E-03 0.0048
5.1404E-01 5.01900E-03 0.0051
6.6221E-01 4.22927E-03 0.0053
8.9828E-01 3.48533E-03 0.0057
1.1731E+00 2.96273E-03 0.0060
1.3332E+00 2.70620E-03 0.0062
1.8360E+00 2.20453E-03 0.0067

Energy Bin   Relative Error
6.0327E-02 34.5321918266
8.8348E-02 8.26707485665
1.2213E-01 6.44516640696
1.5936E-01 6.08822502602
3.9236E-01 4.46700972022
5.1404E-01 3.53642801863
6.6221E-01 4.01265875295
8.9828E-01 3.92812999416
1.1731E+00 3.82593439058
1.3332E+00 3.63287348034
1.8360E+00 3.70651152861

Chi Squared Value
1396637.7259866954
Average Error
7.49474581834