Energy Bin  Efficiency  Uncertainity
8.8348E-02 3.32307E-03 0.0076
1.2213E-01 3.13987E-03 0.0077
1.5936E-01 2.80720E-03 0.0080
3.9236E-01 1.60927E-03 0.0095
5.1404E-01 1.35113E-03 0.0099
6.6221E-01 1.13347E-03 0.0106
8.9828E-01 9.38267E-04 0.0112
1.1731E+00 8.13867E-04 0.0117
1.3332E+00 7.49533E-04 0.0121
1.8360E+00 6.14267E-04 0.0130

Energy Bin   Relative Error
8.8348E-02 0.542155043183
1.2213E-01 0.423706733894
1.5936E-01 0.258016557999
3.9236E-01 0.113612686273
5.1404E-01 0.0491490558114
6.6221E-01 0.0816367070869
8.9828E-01 0.0720728604041
1.1731E+00 0.0925008834394
1.3332E+00 0.0698819601268
1.8360E+00 0.0944024002248

Chi Squared Value
0.014711391168745258
Average Error
0.179713488844