Energy Bin  Efficiency  Uncertainity
8.8348E-02 3.18547E-03 0.0078
1.2213E-01 3.01367E-03 0.0079
1.5936E-01 2.67860E-03 0.0082
3.9236E-01 1.51460E-03 0.0097
5.1404E-01 1.26273E-03 0.0102
6.6221E-01 1.05453E-03 0.0109
8.9828E-01 8.69600E-04 0.0116
1.1731E+00 7.46800E-04 0.0121
1.3332E+00 6.83400E-04 0.0126
1.8360E+00 5.59333E-04 0.0135

Energy Bin   Relative Error
8.8348E-02 0.478298267989
1.2213E-01 0.366484049573
1.5936E-01 0.200385847911
3.9236E-01 0.0481011729723
5.1404E-01 0.0194933224451
6.6221E-01 0.00630661307697
8.9828E-01 0.00638671145061
1.1731E+00 0.00247295903694
1.3332E+00 0.0245161566593
1.8360E+00 0.00347018849301

Chi Squared Value
0.010597361643714328
Average Error
0.115591528961