Energy Bin  Efficiency  Uncertainity
8.8348E-02 3.35307E-03 0.0076
1.2213E-01 3.17227E-03 0.0077
1.5936E-01 2.83120E-03 0.0080
3.9236E-01 1.63847E-03 0.0094
5.1404E-01 1.38173E-03 0.0099
6.6221E-01 1.16273E-03 0.0105
8.9828E-01 9.67133E-04 0.0111
1.1731E+00 8.41667E-04 0.0117
1.3332E+00 7.75867E-04 0.0119
1.8360E+00 6.35400E-04 0.0128

Energy Bin   Relative Error
8.8348E-02 0.556077305216
1.2213E-01 0.43839781925
1.5936E-01 0.268771900473
3.9236E-01 0.133819047194
5.1404E-01 0.072909879054
6.6221E-01 0.109558654778
8.9828E-01 0.105055428467
1.1731E+00 0.129818436012
1.3332E+00 0.107471060991
1.8360E+00 0.132053789481

Chi Squared Value
0.016041303680808205
Average Error
0.205393332092