Energy Bin  Efficiency  Uncertainity
8.8348E-02 3.30553E-03 0.0076
1.2213E-01 3.12507E-03 0.0077
1.5936E-01 2.79067E-03 0.0080
3.9236E-01 1.58687E-03 0.0095
5.1404E-01 1.32913E-03 0.0100
6.6221E-01 1.10953E-03 0.0107
8.9828E-01 9.14600E-04 0.0113
1.1731E+00 7.88800E-04 0.0118
1.3332E+00 7.24467E-04 0.0122
1.8360E+00 5.90533E-04 0.0131

Energy Bin   Relative Error
8.8348E-02 0.534015160647
1.2213E-01 0.4169959912
1.5936E-01 0.25060881587
3.9236E-01 0.0981119162516
5.1404E-01 0.0320661109964
6.6221E-01 0.0587914771579
8.9828E-01 0.0450307195346
1.1731E+00 0.0588519952977
1.3332E+00 0.0341028000197
1.8360E+00 0.0521169664201

Chi Squared Value
0.013964191436937935
Average Error
0.15806919534