Energy Bin  Efficiency  Uncertainity
8.8348E-02 3.44540E-03 0.0075
1.2213E-01 3.25700E-03 0.0076
1.5936E-01 2.90767E-03 0.0078
3.9236E-01 1.68120E-03 0.0093
5.1404E-01 1.41587E-03 0.0098
6.6221E-01 1.19127E-03 0.0104
8.9828E-01 9.91800E-04 0.0110
1.1731E+00 8.60800E-04 0.0115
1.3332E+00 7.97000E-04 0.0118
1.8360E+00 6.51933E-04 0.0127

Energy Bin   Relative Error
8.8348E-02 0.598925387001
1.2213E-01 0.476816821172
1.5936E-01 0.303041110429
3.9236E-01 0.163388150007
5.1404E-01 0.0994195034169
6.6221E-01 0.136793527885
8.9828E-01 0.133240178914
1.1731E+00 0.155501771745
1.3332E+00 0.137636264475
1.8360E+00 0.161509636666

Chi Squared Value
0.019340084030353113
Average Error
0.236627235171