Energy Bin  Efficiency  Uncertainity
8.8348E-02 3.70007E-03 0.0072
1.2213E-01 3.49647E-03 0.0073
1.5936E-01 3.11993E-03 0.0076
3.9236E-01 1.79540E-03 0.0090
5.1404E-01 1.50807E-03 0.0095
6.6221E-01 1.27320E-03 0.0101
8.9828E-01 1.06067E-03 0.0106
1.1731E+00 9.13733E-04 0.0111
1.3332E+00 8.60800E-04 0.0114
1.8360E+00 6.98200E-04 0.0122

Energy Bin   Relative Error
8.8348E-02 0.717111469403
1.2213E-01 0.585399358527
1.5936E-01 0.398163151823
3.9236E-01 0.242414397171
5.1404E-01 0.171012572141
6.6221E-01 0.21497688996
8.9828E-01 0.211931700513
1.1731E+00 0.226556808087
1.3332E+00 0.228704261556
1.8360E+00 0.243940755139

Chi Squared Value
0.03043511198692577
Average Error
0.324021136432