Energy Bin  Efficiency  Uncertainity
8.8348E-02 3.40233E-03 0.0075
1.2213E-01 3.22060E-03 0.0076
1.5936E-01 2.88087E-03 0.0079
3.9236E-01 1.64220E-03 0.0094
5.1404E-01 1.38040E-03 0.0098
6.6221E-01 1.15407E-03 0.0105
8.9828E-01 9.50133E-04 0.0111
1.1731E+00 8.15933E-04 0.0117
1.3332E+00 7.54533E-04 0.0120
1.8360E+00 6.15467E-04 0.0129

Energy Bin   Relative Error
8.8348E-02 0.578937659475
1.2213E-01 0.460312021574
1.5936E-01 0.291030978
3.9236E-01 0.136400202202
5.1404E-01 0.0718771373902
6.6221E-01 0.101294674361
8.9828E-01 0.0856310656501
1.1731E+00 0.0952741950802
1.3332E+00 0.0770189504937
1.8360E+00 0.0965403677215

Chi Squared Value
0.017344666551654224
Average Error
0.199431725195