Energy Bin  Efficiency  Uncertainity
8.8348E-02 3.63607E-03 0.0073
1.2213E-01 3.43700E-03 0.0074
1.5936E-01 3.06407E-03 0.0076
3.9236E-01 1.77033E-03 0.0091
5.1404E-01 1.48413E-03 0.0096
6.6221E-01 1.24993E-03 0.0102
8.9828E-01 1.04213E-03 0.0107
1.1731E+00 9.01133E-04 0.0112
1.3332E+00 8.42333E-04 0.0115
1.8360E+00 6.87000E-04 0.0123

Energy Bin   Relative Error
8.8348E-02 0.687410643732
1.2213E-01 0.558433962041
1.5936E-01 0.373130092216
3.9236E-01 0.225065990722
5.1404E-01 0.152423222193
6.6221E-01 0.192771021103
8.9828E-01 0.190747718947
1.1731E+00 0.209643097209
1.3332E+00 0.202344501336
1.8360E+00 0.223986391837

Chi Squared Value
0.027361774462700942
Average Error
0.301595664133