Energy Bin  Efficiency  Uncertainity
8.8348E-02 3.33880E-03 0.0076
1.2213E-01 3.15547E-03 0.0077
1.5936E-01 2.81947E-03 0.0080
3.9236E-01 1.60407E-03 0.0095
5.1404E-01 1.34573E-03 0.0099
6.6221E-01 1.12520E-03 0.0106
8.9828E-01 9.27333E-04 0.0112
1.1731E+00 7.97533E-04 0.0118
1.3332E+00 7.35133E-04 0.0122
1.8360E+00 6.01133E-04 0.0130

Energy Bin   Relative Error
8.8348E-02 0.549454949242
1.2213E-01 0.430780219436
1.5936E-01 0.263515226839
3.9236E-01 0.110014293232
5.1404E-01 0.0449559693568
6.6221E-01 0.0737448920696
8.9828E-01 0.0595795672842
1.1731E+00 0.0705748077659
1.3332E+00 0.0493274278703
1.8360E+00 0.0710023459739

Chi Squared Value
0.015022814884227307
Average Error
0.172294969907