Energy Bin  Efficiency  Uncertainity
6.0327E-02 6.49733E-04 0.0174
8.8348E-02 6.65667E-04 0.0171
1.2213E-01 6.37133E-04 0.0172
1.5936E-01 6.11067E-04 0.0173
3.9236E-01 3.76000E-04 0.0197
5.1404E-01 3.11933E-04 0.0208
6.6221E-01 2.68067E-04 0.0218
8.9828E-01 2.16333E-04 0.0234
1.1731E+00 1.90200E-04 0.0241
1.3332E+00 1.72533E-04 0.0252
1.8360E+00 1.42133E-04 0.0269

Energy Bin   Relative Error
6.0327E-02 4.64360628553
8.8348E-02 0.748442842376
1.2213E-01 0.332548269361
1.5936E-01 0.20002367292
3.9236E-01 0.0396324688079
5.1404E-01 0.164659503723
6.6221E-01 0.0135156066784
8.9828E-01 0.0812675978579
1.1731E+00 0.0665451328239
1.3332E+00 0.110320279693
1.8360E+00 0.0906450843652

Chi Squared Value
0.030644440775334965
Average Error
0.590109704013