Energy Bin    Value   Uncertainity
6.0327E-02 5.12933E-04 0.0196
8.8348E-02 5.41400E-04 0.0190
1.2213E-01 5.15067E-04 0.0193
1.5936E-01 5.10600E-04 0.0190
3.2020E-01 3.54600E-04 0.0210
3.9236E-01 3.08200E-04 0.0219
5.1404E-01 2.71733E-04 0.0227
6.6221E-01 2.23267E-04 0.0237
8.9828E-01 1.80933E-04 0.0255
1.1731E+00 1.61800E-04 0.0265
1.3332E+00 1.48133E-04 0.0273
1.8360E+00 1.20667E-04 0.0293

Energy Bin   Relative Error
6.0327E-02 3.86038850284
8.8348E-02 0.551319402309
1.2213E-01 0.175182015437
1.5936E-01 0.0938816928887
3.2020E-01 0.168570267946
3.9236E-01 0.0703634616443
5.1404E-01 0.206159670973
6.6221E-01 0.10368644863
8.9828E-01 0.161751846122
1.1731E+00 0.133736750736
1.3332E+00 0.166699012469
1.8360E+00 0.157799349739

Average Error
0.487461535145