Energy Bin    Value   Uncertainity
6.0327E-02 5.11133E-04 0.0197
8.8348E-02 5.39067E-04 0.0190
1.2213E-01 5.11933E-04 0.0193
1.5936E-01 5.07933E-04 0.0191
3.2020E-01 3.50800E-04 0.0211
3.9236E-01 3.04133E-04 0.0220
5.1404E-01 2.69667E-04 0.0228
6.6221E-01 2.20000E-04 0.0239
8.9828E-01 1.77933E-04 0.0257
1.1731E+00 1.57933E-04 0.0266
1.3332E+00 1.44067E-04 0.0277
1.8360E+00 1.18800E-04 0.0294

Energy Bin   Relative Error
6.0327E-02 3.84333228048
8.8348E-02 0.544634459262
1.2213E-01 0.168031449712
1.5936E-01 0.0881680570192
3.2020E-01 0.177480118431
3.9236E-01 0.0826309236868
5.1404E-01 0.212195279897
6.6221E-01 0.116801939824
8.9828E-01 0.175650606777
1.1731E+00 0.154440335316
1.3332E+00 0.189571713456
1.8360E+00 0.17083015861

Average Error
0.493647276873