Energy Bin    Value   Uncertainity
6.0327E-02 5.54667E-04 0.0189
8.8348E-02 5.86667E-04 0.0182
1.2213E-01 5.51467E-04 0.0185
1.5936E-01 5.47133E-04 0.0184
3.2020E-01 3.80400E-04 0.0203
3.9236E-01 3.35267E-04 0.0211
5.1404E-01 2.95467E-04 0.0220
6.6221E-01 2.43067E-04 0.0230
8.9828E-01 2.03400E-04 0.0244
1.1731E+00 1.76000E-04 0.0256
1.3332E+00 1.64733E-04 0.0263
1.8360E+00 1.34600E-04 0.0281

Energy Bin   Relative Error
6.0327E-02 4.255846494
8.8348E-02 0.681026782037
1.2213E-01 0.258232619265
1.5936E-01 0.172148006806
3.2020E-01 0.108077072551
3.9236E-01 0.0112798614695
5.1404E-01 0.136823203304
6.6221E-01 0.0241986232147
8.9828E-01 0.0576640275751
1.1731E+00 0.0577111750904
1.3332E+00 0.0733180886162
1.8360E+00 0.0605533615229

Average Error
0.491406609621