Energy Bin    Value   Uncertainity
6.0327E-02 5.21733E-04 0.0195
8.8348E-02 5.51067E-04 0.0188
1.2213E-01 5.24267E-04 0.0191
1.5936E-01 5.19667E-04 0.0189
3.2020E-01 3.66067E-04 0.0207
3.9236E-01 3.17533E-04 0.0216
5.1404E-01 2.81200E-04 0.0224
6.6221E-01 2.30533E-04 0.0235
8.9828E-01 1.92467E-04 0.0249
1.1731E+00 1.71800E-04 0.0258
1.3332E+00 1.57267E-04 0.0267
1.8360E+00 1.27333E-04 0.0285

Energy Bin   Relative Error
6.0327E-02 3.94377447884
8.8348E-02 0.579019078449
1.2213E-01 0.196172827394
1.5936E-01 0.113306340968
3.2020E-01 0.14168362176
3.9236E-01 0.0422119437583
5.1404E-01 0.1785027931
6.6221E-01 0.0745168254249
8.9828E-01 0.108315744323
1.1731E+00 0.0801976129575
1.3332E+00 0.115317002922
1.8360E+00 0.111273708639

Average Error
0.473690998211