Energy Bin  Efficiency  Uncertainity
6.0327E-02 6.92333E-04 0.0169
8.8348E-02 7.14533E-04 0.0165
1.2213E-01 6.77867E-04 0.0167
1.5936E-01 6.53667E-04 0.0167
3.9236E-01 4.10600E-04 0.0189
5.1404E-01 3.51133E-04 0.0198
6.6221E-01 3.03200E-04 0.0208
8.9828E-01 2.49533E-04 0.0221
1.1731E+00 2.19800E-04 0.0228
1.3332E+00 2.02333E-04 0.0236
1.8360E+00 1.65867E-04 0.0256

Energy Bin   Relative Error
6.0327E-02 5.01363155401
8.8348E-02 0.876794417466
1.2213E-01 0.417742445779
1.5936E-01 0.283682270858
3.9236E-01 0.135300775778
5.1404E-01 0.059683924178
6.6221E-01 0.115773549356
8.9828E-01 0.0597276074558
1.1731E+00 0.0787243943497
1.3332E+00 0.043345718494
1.8360E+00 0.0612030407547

Chi Squared Value
0.03658210004531229
Average Error
0.64960088168