Energy Bin  Efficiency  Uncertainity
6.0327E-02 2.00000E-03 0.7064
8.8348E-02 3.33333E-04 0.9995
1.2213E-01 0.00000E+00 0.0000
1.5936E-01 0.00000E+00 0.0000
3.9236E-01 6.66667E-04 0.9995
5.1404E-01 0.00000E+00 0.0000
6.6221E-01 0.00000E+00 0.0000
8.9828E-01 0.00000E+00 0.0000
1.1731E+00 0.00000E+00 0.0000
1.3332E+00 0.00000E+00 0.0000
1.8360E+00 0.00000E+00 0.0000

Energy Bin   Relative Error
6.0327E-02 16.3720783323
8.8348E-02 0.124466590686
1.2213E-01 1.0
1.5936E-01 1.0
3.9236E-01 0.843320901816
5.1404E-01 1.0
6.6221E-01 1.0
8.9828E-01 1.0
1.1731E+00 1.0
1.3332E+00 1.0
1.8360E+00 1.0

Chi Squared Value
0.3689879086395244
Average Error
2.30362416589