Energy Bin  Efficiency  Uncertainity
6.0327E-02 1.40000E-03 0.3777
8.8348E-02 6.00000E-04 0.5327
1.2213E-01 4.66667E-04 0.6225
1.5936E-01 4.00000E-04 0.7070
3.9236E-01 3.33333E-04 0.5998
5.1404E-01 0.00000E+00 0.0000
6.6221E-01 0.00000E+00 0.0000
8.9828E-01 1.33333E-04 0.7070
1.1731E+00 6.66667E-05 0.9999
1.3332E+00 6.66667E-05 0.9999
1.8360E+00 1.33333E-04 0.7070

Energy Bin   Relative Error
6.0327E-02 12.2659507265
8.8348E-02 0.719230959338
1.2213E-01 0.064752091666
1.5936E-01 0.143061736867
3.9236E-01 0.00544625645591
5.1404E-01 1.0
6.6221E-01 1.0
8.9828E-01 0.382278848519
1.1731E+00 0.643072236343
1.3332E+00 0.624976021916
1.8360E+00 0.0693964439223

Chi Squared Value
130136.27135664546
Average Error
1.53801502923