Energy Bin    Value   Uncertainity
6.0327E-02 6.64200E-04 0.0172
8.8348E-02 6.90200E-04 0.0168
1.2213E-01 6.52733E-04 0.0170
1.5936E-01 6.37533E-04 0.0169
3.2020E-01 4.39533E-04 0.0188
3.9236E-01 3.86333E-04 0.0195
5.1404E-01 3.38933E-04 0.0203
6.6221E-01 2.82267E-04 0.0215
8.9828E-01 2.43467E-04 0.0226
1.1731E+00 2.10400E-04 0.0233
1.3332E+00 1.91467E-04 0.0244
1.8360E+00 1.58000E-04 0.0258

Energy Bin   Relative Error
6.0327E-02 5.2937460518
8.8348E-02 0.977688680225
1.2213E-01 0.489282137047
1.5936E-01 0.365816054274
3.2020E-01 0.0305719244749
3.9236E-01 0.165312371099
5.1404E-01 0.00984170403216
6.6221E-01 0.133171212962
8.9828E-01 0.127963186816
1.1731E+00 0.126463458869
1.3332E+00 0.0770702016409
1.8360E+00 0.102767970872

Average Error
0.658307912843