Energy Bin    Value   Uncertainity
6.0327E-02 5.93200E-04 0.0182
8.8348E-02 6.19533E-04 0.0177
1.2213E-01 5.86667E-04 0.0179
1.5936E-01 5.76467E-04 0.0178
3.2020E-01 4.06200E-04 0.0198
3.9236E-01 3.56800E-04 0.0206
5.1404E-01 3.11467E-04 0.0212
6.6221E-01 2.59000E-04 0.0223
8.9828E-01 2.15000E-04 0.0239
1.1731E+00 1.90933E-04 0.0246
1.3332E+00 1.76400E-04 0.0255
1.8360E+00 1.43333E-04 0.0271

Energy Bin   Relative Error
6.0327E-02 4.62097283639
8.8348E-02 0.775200523219
1.2213E-01 0.338545291099
1.5936E-01 0.234991574333
3.2020E-01 0.0475838771566
3.9236E-01 0.0762307491412
5.1404E-01 0.0900808302224
6.6221E-01 0.0397649890253
8.9828E-01 0.00392215304157
1.1731E+00 0.0222388193549
1.3332E+00 0.00768705014724
1.8360E+00 0.000398997272161

Average Error
0.521468140867