Energy Bin    Value   Uncertainity
6.0327E-02 5.15067E-04 0.0196
8.8348E-02 5.43933E-04 0.0190
1.2213E-01 5.19133E-04 0.0192
1.5936E-01 5.13600E-04 0.0189
3.2020E-01 3.57867E-04 0.0209
3.9236E-01 3.11333E-04 0.0218
5.1404E-01 2.76467E-04 0.0226
6.6221E-01 2.26133E-04 0.0237
8.9828E-01 1.84667E-04 0.0253
1.1731E+00 1.66467E-04 0.0263
1.3332E+00 1.52467E-04 0.0272
1.8360E+00 1.24000E-04 0.0290

Energy Bin   Relative Error
6.0327E-02 3.88060960202
8.8348E-02 0.558577422343
1.2213E-01 0.184459041678
1.5936E-01 0.100308729862
3.2020E-01 0.160910141227
3.9236E-01 0.0609132628297
5.1404E-01 0.192329771337
6.6221E-01 0.0921807866284
8.9828E-01 0.144452522027
1.1731E+00 0.108750035135
1.3332E+00 0.142318715844
1.8360E+00 0.134536529189

Average Error
0.48002888001