Energy Bin    Value   Uncertainity
6.0327E-02 5.07867E-04 0.0198
8.8348E-02 5.33467E-04 0.0192
1.2213E-01 5.10867E-04 0.0193
1.5936E-01 5.05800E-04 0.0192
3.2020E-01 3.54200E-04 0.0211
3.9236E-01 3.09667E-04 0.0219
5.1404E-01 2.74467E-04 0.0228
6.6221E-01 2.24667E-04 0.0238
8.9828E-01 1.88600E-04 0.0252
1.1731E+00 1.65800E-04 0.0262
1.3332E+00 1.51533E-04 0.0271
1.8360E+00 1.25200E-04 0.0289

Energy Bin   Relative Error
6.0327E-02 3.81238471257
8.8348E-02 0.528588303642
1.2213E-01 0.165599253457
1.5936E-01 0.0835984337311
3.2020E-01 0.169508146945
3.9236E-01 0.0659384882447
5.1404E-01 0.198172567972
6.6221E-01 0.0980660973385
8.9828E-01 0.126231246808
1.1731E+00 0.112321095625
1.3332E+00 0.147572799149
1.8360E+00 0.126161076246

Average Error
0.469511851811