Energy Bin    Value   Uncertainity
6.0327E-02 5.06467E-04 0.0198
8.8348E-02 5.34467E-04 0.0191
1.2213E-01 5.03067E-04 0.0195
1.5936E-01 5.02467E-04 0.0192
3.2020E-01 3.40533E-04 0.0212
3.9236E-01 2.91600E-04 0.0223
5.1404E-01 2.58200E-04 0.0230
6.6221E-01 2.07867E-04 0.0243
8.9828E-01 1.68800E-04 0.0261
1.1731E+00 1.51800E-04 0.0269
1.3332E+00 1.35600E-04 0.0284
1.8360E+00 1.10133E-04 0.0305

Energy Bin   Relative Error
6.0327E-02 3.79911876184
8.8348E-02 0.531453688574
1.2213E-01 0.147802695494
1.5936E-01 0.0764579956535
3.2020E-01 0.201553127621
3.9236E-01 0.120434735287
5.1404E-01 0.245694954404
6.6221E-01 0.165510312843
8.9828E-01 0.217963067132
1.1731E+00 0.187275888515
1.3332E+00 0.237201609977
1.8360E+00 0.231321867493

Average Error
0.51348239207