Energy Bin  Efficiency  Uncertainity
6.0327E-02 7.66533E-04 0.0161
8.8348E-02 7.92400E-04 0.0157
1.2213E-01 7.44667E-04 0.0159
1.5936E-01 7.10533E-04 0.0160
3.9236E-01 4.49000E-04 0.0181
5.1404E-01 3.85600E-04 0.0190
6.6221E-01 3.29800E-04 0.0200
8.9828E-01 2.77600E-04 0.0210
1.1731E+00 2.43533E-04 0.0216
1.3332E+00 2.21933E-04 0.0226
1.8360E+00 1.80533E-04 0.0244

Energy Bin   Relative Error
6.0327E-02 5.65813566014
8.8348E-02 1.08132010194
1.2213E-01 0.557453031157
1.5936E-01 0.395356680021
3.9236E-01 0.241476006635
5.1404E-01 0.0326169253159
6.6221E-01 0.213661334358
8.9828E-01 0.178923764912
1.1731E+00 0.195200127066
1.3332E+00 0.144414630053
1.8360E+00 0.155034868639

Chi Squared Value
0.04857676319017241
Average Error
0.804872102749