Energy Bin  Efficiency  Uncertainity
6.0327E-02 5.79600E-04 0.0185
8.8348E-02 6.17533E-04 0.0178
1.2213E-01 5.92667E-04 0.0178
1.5936E-01 5.75800E-04 0.0179
3.9236E-01 3.57000E-04 0.0202
5.1404E-01 3.01600E-04 0.0212
6.6221E-01 2.62067E-04 0.0221
8.9828E-01 2.13200E-04 0.0237
1.1731E+00 1.85667E-04 0.0245
1.3332E+00 1.71000E-04 0.0254
1.8360E+00 1.39867E-04 0.0272

Energy Bin   Relative Error
6.0327E-02 4.03442830069
8.8348E-02 0.622013940575
1.2213E-01 0.239548705148
1.5936E-01 0.130765743964
3.9236E-01 0.0129021506266
5.1404E-01 0.192330745137
6.6221E-01 0.0355955581828
8.9828E-01 0.0945729586485
1.1731E+00 0.0887919830495
1.3332E+00 0.118225312418
1.8360E+00 0.105142760759

Chi Squared Value
0.022876655008763586
Average Error
0.515847105382