Energy Bin    Value   Uncertainity
6.0327E-02 5.80867E-04 0.0184
8.8348E-02 6.06800E-04 0.0179
1.2213E-01 5.73933E-04 0.0182
1.5936E-01 5.66000E-04 0.0180
3.2020E-01 3.97333E-04 0.0199
3.9236E-01 3.49467E-04 0.0207
5.1404E-01 3.04600E-04 0.0215
6.6221E-01 2.54867E-04 0.0226
8.9828E-01 2.10333E-04 0.0240
1.1731E+00 1.85933E-04 0.0249
1.3332E+00 1.72267E-04 0.0256
1.8360E+00 1.39733E-04 0.0275

Energy Bin   Relative Error
6.0327E-02 4.50410928617
8.8348E-02 0.738715576877
1.2213E-01 0.309491269419
1.5936E-01 0.212567642333
3.2020E-01 0.0683743098529
3.9236E-01 0.0541119148266
5.1404E-01 0.110142072469
6.6221E-01 0.0231729091039
8.9828E-01 0.0255439917009
1.1731E+00 0.00453074953454
1.3332E+00 0.0309366500437
1.8360E+00 0.0247273615578

Average Error
0.50886864449