Energy Bin    Value   Uncertainity
6.0327E-02 5.43400E-04 0.0191
8.8348E-02 5.78600E-04 0.0184
1.2213E-01 5.50333E-04 0.0186
1.5936E-01 5.44667E-04 0.0184
3.2020E-01 3.87000E-04 0.0202
3.9236E-01 3.39133E-04 0.0210
5.1404E-01 2.96867E-04 0.0218
6.6221E-01 2.41267E-04 0.0230
8.9828E-01 2.07667E-04 0.0241
1.1731E+00 1.85267E-04 0.0250
1.3332E+00 1.71133E-04 0.0257
1.8360E+00 1.36600E-04 0.0276

Energy Bin   Relative Error
6.0327E-02 4.14908401769
8.8348E-02 0.657911721788
1.2213E-01 0.255645273531
1.5936E-01 0.166864982414
3.2020E-01 0.0926020690783
3.9236E-01 0.022941038813
5.1404E-01 0.132733245659
6.6221E-01 0.0314247891616
8.9828E-01 0.0378953570032
1.1731E+00 0.00809645611062
1.3332E+00 0.0373158047214
1.8360E+00 0.046594273284

Average Error
0.469925752438