Energy Bin    Value   Uncertainity
6.0327E-02 2.00000E-03 0.7064
8.8348E-02 3.33333E-04 0.9995
1.2213E-01 1.00000E-03 0.9995
1.5936E-01 0.00000E+00 0.0000
3.2020E-01 0.00000E+00 0.0000
3.9236E-01 1.00000E-03 0.7447
5.1404E-01 0.00000E+00 0.0000
6.6221E-01 0.00000E+00 0.0000
8.9828E-01 0.00000E+00 0.0000
1.1731E+00 0.00000E+00 0.0000
1.3332E+00 0.00000E+00 0.0000
1.8360E+00 3.33333E-04 0.9995

Energy Bin   Relative Error
6.0327E-02 16.3720783323
8.8348E-02 0.124466590686
1.2213E-01 1.091475829
1.5936E-01 1.0
3.2020E-01 1.0
3.9236E-01 1.76497997023
5.1404E-01 1.0
6.6221E-01 1.0
8.9828E-01 1.0
1.1731E+00 1.0
1.3332E+00 1.0
1.8360E+00 1.1326363483

Average Error
0.385162166849756