Energy Bin  Efficiency  Uncertainity
6.0327E-02 5.83400E-04 0.0184
8.8348E-02 6.23400E-04 0.0177
1.2213E-01 5.95333E-04 0.0178
1.5936E-01 5.80333E-04 0.0178
3.9236E-01 3.58867E-04 0.0201
5.1404E-01 3.04600E-04 0.0211
6.6221E-01 2.63533E-04 0.0220
8.9828E-01 2.14800E-04 0.0236
1.1731E+00 1.86200E-04 0.0244
1.3332E+00 1.71267E-04 0.0253
1.8360E+00 1.39933E-04 0.0272

Energy Bin   Relative Error
6.0327E-02 4.06743524953
8.8348E-02 0.637424219523
1.2213E-01 0.245124579708
1.5936E-01 0.139667725759
3.9236E-01 0.00773993302213
5.1404E-01 0.184296899763
6.6221E-01 0.0302006900319
8.9828E-01 0.0877780089948
1.1731E+00 0.0861761500095
1.3332E+00 0.116848506327
1.8360E+00 0.104720498339

Chi Squared Value
0.02330529976177489
Average Error
0.518855678273