Energy Bin  Efficiency  Uncertainity
6.0327E-02 6.78600E-04 0.0171
8.8348E-02 7.02400E-04 0.0167
1.2213E-01 6.68400E-04 0.0168
1.5936E-01 6.45133E-04 0.0169
3.9236E-01 4.10267E-04 0.0190
5.1404E-01 3.52733E-04 0.0200
6.6221E-01 3.06133E-04 0.0208
8.9828E-01 2.53267E-04 0.0221
1.1731E+00 2.22133E-04 0.0227
1.3332E+00 2.04467E-04 0.0237
1.8360E+00 1.65400E-04 0.0256

Energy Bin   Relative Error
6.0327E-02 4.89434617814
8.8348E-02 0.844925845032
1.2213E-01 0.397942444106
1.5936E-01 0.266923057834
3.9236E-01 0.134380037448
5.1404E-01 0.0553992066456
6.6221E-01 0.126566965649
8.9828E-01 0.07558532121
1.1731E+00 0.0901741851232
1.3332E+00 0.0543498540689
1.8360E+00 0.0582152142429

Chi Squared Value
0.03473533222164819
Average Error
0.636255300864