Energy Bin  Efficiency  Uncertainity
6.0327E-02 6.39933E-04 0.0176
8.8348E-02 6.59733E-04 0.0172
1.2213E-01 6.29267E-04 0.0173
1.5936E-01 6.03533E-04 0.0174
3.9236E-01 3.71533E-04 0.0198
5.1404E-01 3.10667E-04 0.0209
6.6221E-01 2.66333E-04 0.0219
8.9828E-01 2.15333E-04 0.0235
1.1731E+00 1.88933E-04 0.0242
1.3332E+00 1.71933E-04 0.0253
1.8360E+00 1.41600E-04 0.0270

Energy Bin   Relative Error
6.0327E-02 4.55848310171
8.8348E-02 0.732856581037
1.2213E-01 0.31609672049
1.5936E-01 0.185228276749
3.9236E-01 0.0272813032808
5.1404E-01 0.16804978647
6.6221E-01 0.0198967126632
8.9828E-01 0.0855144413914
1.1731E+00 0.0727632575175
1.3332E+00 0.113414225965
1.8360E+00 0.0940551732963

Chi Squared Value
0.029476031537309214
Average Error
0.579421780051