Energy Bin    Value   Uncertainity
6.0327E-02 5.13800E-04 0.0196
8.8348E-02 5.42267E-04 0.0190
1.2213E-01 5.17667E-04 0.0192
1.5936E-01 5.11400E-04 0.0190
3.2020E-01 3.56000E-04 0.0210
3.9236E-01 3.09133E-04 0.0219
5.1404E-01 2.73867E-04 0.0227
6.6221E-01 2.24800E-04 0.0237
8.9828E-01 1.82067E-04 0.0255
1.1731E+00 1.63400E-04 0.0264
1.3332E+00 1.49133E-04 0.0272
1.8360E+00 1.22267E-04 0.0292

Energy Bin   Relative Error
6.0327E-02 3.86860391661
8.8348E-02 0.553803691046
1.2213E-01 0.181114201425
1.5936E-01 0.0955955694149
3.2020E-01 0.165287691452
3.9236E-01 0.0675492147583
5.1404E-01 0.199925406963
6.6221E-01 0.0975321639657
8.9828E-01 0.156498114595
1.1731E+00 0.125170488692
1.3332E+00 0.16107365561
1.8360E+00 0.146632079148

Average Error
0.484898849474