Energy Bin    Value   Uncertainity
6.0327E-02 5.29000E-04 0.0193
8.8348E-02 5.60800E-04 0.0187
1.2213E-01 5.31000E-04 0.0190
1.5936E-01 5.24067E-04 0.0188
3.2020E-01 3.66133E-04 0.0206
3.9236E-01 3.21600E-04 0.0216
5.1404E-01 2.82467E-04 0.0224
6.6221E-01 2.32933E-04 0.0235
8.9828E-01 1.93333E-04 0.0251
1.1731E+00 1.74067E-04 0.0259
1.3332E+00 1.57933E-04 0.0268
1.8360E+00 1.27667E-04 0.0286

Energy Bin   Relative Error
6.0327E-02 4.01263423879
8.8348E-02 0.606907869995
1.2213E-01 0.211534907492
1.5936E-01 0.122732661863
3.2020E-01 0.141528871726
3.9236E-01 0.0299444817158
5.1404E-01 0.174801381432
6.6221E-01 0.0648819374957
8.9828E-01 0.104303635414
1.1731E+00 0.0680602904231
1.3332E+00 0.111570515255
1.8360E+00 0.108942540903

Average Error
0.479820277708