Energy Bin  Efficiency  Uncertainity
6.0327E-02 6.59867E-04 0.0173
8.8348E-02 6.78467E-04 0.0169
1.2213E-01 6.47733E-04 0.0171
1.5936E-01 6.23067E-04 0.0172
3.9236E-01 3.85533E-04 0.0195
5.1404E-01 3.20800E-04 0.0205
6.6221E-01 2.77400E-04 0.0214
8.9828E-01 2.23533E-04 0.0230
1.1731E+00 1.96400E-04 0.0238
1.3332E+00 1.77867E-04 0.0250
1.8360E+00 1.46000E-04 0.0266

Energy Bin   Relative Error
6.0327E-02 4.73163060644
8.8348E-02 0.782063358914
1.2213E-01 0.354717913148
1.5936E-01 0.223589475156
3.9236E-01 0.0659910228641
5.1404E-01 0.140914134748
6.6221E-01 0.0208297578866
8.9828E-01 0.0506903244164
1.1731E+00 0.0361170561862
1.3332E+00 0.0828150973327
1.8360E+00 0.0659043453478

Chi Squared Value
0.03198766173419865
Average Error
0.595933008404