Energy Bin    Value   Uncertainity
6.0327E-02 6.10200E-04 0.0180
8.8348E-02 6.34000E-04 0.0175
1.2213E-01 5.99267E-04 0.0177
1.5936E-01 5.89467E-04 0.0176
3.2020E-01 4.13800E-04 0.0196
3.9236E-01 3.62800E-04 0.0204
5.1404E-01 3.17933E-04 0.0211
6.6221E-01 2.62400E-04 0.0221
8.9828E-01 2.22867E-04 0.0236
1.1731E+00 1.95533E-04 0.0242
1.3332E+00 1.79467E-04 0.0254
1.8360E+00 1.46133E-04 0.0268

Energy Bin   Relative Error
6.0327E-02 4.78205938092
8.8348E-02 0.816654047034
1.2213E-01 0.36729357704
1.5936E-01 0.262842067885
3.2020E-01 0.0297641761876
3.9236E-01 0.0943287998554
5.1404E-01 0.0711910687011
6.6221E-01 0.0534144135916
8.9828E-01 0.0325250303167
1.1731E+00 0.0468668227333
1.3332E+00 0.00956591933801
1.8360E+00 0.0199417208066

Average Error
0.548870585368