Energy Bin    Value   Uncertainity
6.0327E-02 5.17333E-04 0.0195
8.8348E-02 5.45333E-04 0.0189
1.2213E-01 5.21200E-04 0.0191
1.5936E-01 5.15733E-04 0.0189
3.2020E-01 3.61133E-04 0.0209
3.9236E-01 3.14600E-04 0.0217
5.1404E-01 2.78400E-04 0.0225
6.6221E-01 2.27867E-04 0.0237
8.9828E-01 1.88867E-04 0.0252
1.1731E+00 1.69400E-04 0.0260
1.3332E+00 1.53733E-04 0.0269
1.8360E+00 1.25533E-04 0.0287

Energy Bin   Relative Error
6.0327E-02 3.90208149084
8.8348E-02 0.562588961248
1.2213E-01 0.189175129538
1.5936E-01 0.10487835315
3.2020E-01 0.153252359205
3.9236E-01 0.0510588742158
5.1404E-01 0.186682708389
6.6221E-01 0.0852195800995
8.9828E-01 0.124994257109
1.1731E+00 0.0930470060245
1.3332E+00 0.135197014061
1.8360E+00 0.123836888054

Average Error
0.476001051828