Energy Bin  Efficiency  Uncertainity
6.0327E-02 6.35733E-04 0.0176
8.8348E-02 6.55200E-04 0.0172
1.2213E-01 6.25933E-04 0.0174
1.5936E-01 6.01533E-04 0.0175
3.9236E-01 3.69800E-04 0.0198
5.1404E-01 3.09733E-04 0.0209
6.6221E-01 2.65933E-04 0.0219
8.9828E-01 2.15133E-04 0.0235
1.1731E+00 1.88600E-04 0.0242
1.3332E+00 1.71600E-04 0.0253
1.8360E+00 1.41600E-04 0.0270

Energy Bin   Relative Error
6.0327E-02 4.52200173721
8.8348E-02 0.720950190297
1.2213E-01 0.309123740076
1.5936E-01 0.181300643043
3.9236E-01 0.0224895929924
5.1404E-01 0.17055099033
6.6221E-01 0.0213687094302
8.9828E-01 0.0863638100981
1.1731E+00 0.0743975396982
1.3332E+00 0.115131366146
1.8360E+00 0.0940551732963

Chi Squared Value
0.028957494913605934
Average Error
0.57433940842