Energy Bin  Efficiency  Uncertainity
6.0327E-02 6.85933E-04 0.0170
8.8348E-02 7.07133E-04 0.0166
1.2213E-01 6.74400E-04 0.0167
1.5936E-01 6.47800E-04 0.0168
3.9236E-01 4.04467E-04 0.0190
5.1404E-01 3.39733E-04 0.0200
6.6221E-01 2.92200E-04 0.0209
8.9828E-01 2.39333E-04 0.0224
1.1731E+00 2.08800E-04 0.0231
1.3332E+00 1.91800E-04 0.0242
1.8360E+00 1.55200E-04 0.0257

Energy Bin   Relative Error
6.0327E-02 4.95804090335
8.8348E-02 0.857357556342
1.2213E-01 0.41049129908
1.5936E-01 0.272160557381
3.9236E-01 0.118343153621
5.1404E-01 0.0902125365966
6.6221E-01 0.0752936382642
8.9828E-01 0.0164098034136
1.1731E+00 0.0247390970892
1.3332E+00 0.0109685083147
1.8360E+00 0.00704352327387

Chi Squared Value
0.03561887392481325
Average Error
0.621914597884