Energy Bin    Value   Uncertainity
6.0327E-02 7.06639E-04 0.1165
8.8348E-02 4.42052E-04 0.1465
1.2213E-01 5.48532E-04 0.1291
1.5936E-01 3.80746E-04 0.1525
3.2020E-01 3.32346E-04 0.1449
3.9236E-01 3.29119E-04 0.1506
5.1404E-01 3.00079E-04 0.1605
6.6221E-01 1.83920E-04 0.1745
8.9828E-01 1.96826E-04 0.1663
1.1731E+00 1.64560E-04 0.1786
1.3332E+00 1.35520E-04 0.1934
1.8360E+00 1.06480E-04 0.2288

Energy Bin   Relative Error
6.0327E-02 5.69588439672
8.8348E-02 0.266649140062
1.2213E-01 0.251536093929
1.5936E-01 0.184310460163
3.2020E-01 0.22074916602
3.9236E-01 0.00726460782907
5.1404E-01 0.123349714263
6.6221E-01 0.261646421693
8.9828E-01 0.088120845091
1.1731E+00 0.11895994871
1.3332E+00 0.237651638526
1.8360E+00 0.256818142162

Average Error
0.64274504793