Energy Bin  Efficiency  Uncertainity
6.0327E-02 6.29800E-04 0.0177
8.8348E-02 6.50000E-04 0.0173
1.2213E-01 6.21867E-04 0.0174
1.5936E-01 5.99400E-04 0.0175
3.9236E-01 3.69133E-04 0.0198
5.1404E-01 3.09667E-04 0.0209
6.6221E-01 2.64800E-04 0.0219
8.9828E-01 2.14400E-04 0.0235
1.1731E+00 1.87933E-04 0.0243
1.3332E+00 1.71267E-04 0.0254
1.8360E+00 1.41133E-04 0.0270

Energy Bin   Relative Error
6.0327E-02 4.47046746684
8.8348E-02 0.707291855454
1.2213E-01 0.300619799355
1.5936E-01 0.177111821695
3.9236E-01 0.0206453513523
5.1404E-01 0.170727734928
6.6221E-01 0.0255381402726
8.9828E-01 0.0894767464082
1.1731E+00 0.0776710118139
1.3332E+00 0.116848506327
1.8360E+00 0.0970429998081

Chi Squared Value
0.028258123960014158
Average Error
0.568494675841