Energy Bin    Value   Uncertainity
6.0327E-02 5.31000E-04 0.0193
8.8348E-02 5.60600E-04 0.0187
1.2213E-01 5.34667E-04 0.0189
1.5936E-01 5.29267E-04 0.0187
3.2020E-01 3.74600E-04 0.0205
3.9236E-01 3.25267E-04 0.0214
5.1404E-01 2.86667E-04 0.0222
6.6221E-01 2.35133E-04 0.0233
8.9828E-01 1.98200E-04 0.0246
1.1731E+00 1.77000E-04 0.0255
1.3332E+00 1.61933E-04 0.0264
1.8360E+00 1.31133E-04 0.0281

Energy Bin   Relative Error
6.0327E-02 4.03158559697
8.8348E-02 0.606334793008
1.2213E-01 0.219901571345
1.5936E-01 0.133872859283
3.2020E-01 0.121676318028
3.9236E-01 0.0188835563876
5.1404E-01 0.162531508498
6.6221E-01 0.0560499568939
8.9828E-01 0.0817552127109
1.1731E+00 0.0523572613125
1.3332E+00 0.0890690878203
1.8360E+00 0.084751440985

Average Error
0.471564096937