Energy Bin    Value   Uncertainity
6.0327E-02 5.52667E-04 0.0189
8.8348E-02 5.90533E-04 0.0182
1.2213E-01 5.59800E-04 0.0185
1.5936E-01 5.54133E-04 0.0183
3.2020E-01 3.94667E-04 0.0200
3.9236E-01 3.46200E-04 0.0208
5.1404E-01 3.04133E-04 0.0216
6.6221E-01 2.47000E-04 0.0228
8.9828E-01 2.14400E-04 0.0239
1.1731E+00 1.88933E-04 0.0246
1.3332E+00 1.76133E-04 0.0253
1.8360E+00 1.41667E-04 0.0272

Energy Bin   Relative Error
6.0327E-02 4.23689513582
8.8348E-02 0.692104360185
1.2213E-01 0.277245275356
1.5936E-01 0.187144426411
3.2020E-01 0.0746252733771
3.9236E-01 0.0442575262126
5.1404E-01 0.111506365483
6.6221E-01 0.0084094506207
8.9828E-01 0.00670190517262
1.1731E+00 0.0115309917991
1.3332E+00 0.00918902042848
1.8360E+00 0.0112289232308

Average Error
0.472569887841