Energy Bin  Efficiency  Uncertainity
6.0327E-02 7.64400E-04 0.0161
8.8348E-02 7.89333E-04 0.0157
1.2213E-01 7.43000E-04 0.0159
1.5936E-01 7.09533E-04 0.0160
3.9236E-01 4.48000E-04 0.0181
5.1404E-01 3.84667E-04 0.0190
6.6221E-01 3.29067E-04 0.0200
8.9828E-01 2.75933E-04 0.0211
1.1731E+00 2.42800E-04 0.0216
1.3332E+00 2.21733E-04 0.0226
1.8360E+00 1.80333E-04 0.0244

Energy Bin   Relative Error
6.0327E-02 5.6396083386
8.8348E-02 1.07326431099
1.2213E-01 0.55396654095
1.5936E-01 0.393392863168
3.9236E-01 0.238711026665
5.1404E-01 0.0301183994048
6.6221E-01 0.210963900283
8.9828E-01 0.171844276741
1.1731E+00 0.191602743167
1.3332E+00 0.143383314629
1.8360E+00 0.153755285551

Chi Squared Value
0.04818972568051152
Average Error
0.800055545467