Energy Bin  Efficiency  Uncertainity
8.8348E-02 2.08308E-02 0.0030
1.2213E-01 1.98785E-02 0.0031
1.5936E-01 1.81743E-02 0.0031
3.9236E-01 1.00738E-02 0.0038
5.1404E-01 8.35447E-03 0.0040
6.6221E-01 7.01893E-03 0.0042
8.9828E-01 5.73753E-03 0.0045
1.1731E+00 4.86560E-03 0.0048
1.3332E+00 4.42580E-03 0.0049
1.8360E+00 3.62933E-03 0.0053

Energy Bin   Relative Error
8.8348E-02 0.762666333083
1.2213E-01 0.319920879115
1.5936E-01 0.197651754321
3.9236E-01 0.0363434889851
5.1404E-01 0.0680943593405
6.6221E-01 0.085824125104
8.9828E-01 0.13914024894
1.1731E+00 0.161836387285
1.3332E+00 0.124961856706
1.8360E+00 0.169853184526

Chi Squared Value
0.11373886679120014
Average Error
0.206629261741