Energy Bin  Efficiency  Uncertainity
8.8348E-02 2.07312E-02 0.0030
1.2213E-01 1.97668E-02 0.0031
1.5936E-01 1.80443E-02 0.0032
3.9236E-01 9.93527E-03 0.0038
5.1404E-01 8.23447E-03 0.0040
6.6221E-01 6.90747E-03 0.0042
8.9828E-01 5.63487E-03 0.0045
1.1731E+00 4.77480E-03 0.0048
1.3332E+00 4.34033E-03 0.0050
1.8360E+00 3.55780E-03 0.0053

Energy Bin   Relative Error
8.8348E-02 0.754238353035
1.2213E-01 0.312504063852
1.5936E-01 0.189085001926
3.9236E-01 0.0495952248217
5.1404E-01 0.0814798496084
6.6221E-01 0.100341158757
8.9828E-01 0.118757934956
1.1731E+00 0.140154632935
1.3332E+00 0.10323686012
1.8360E+00 0.146796697988

Chi Squared Value
0.10992948963727797
Average Error
0.1996189778