Energy Bin  Efficiency  Uncertainity
8.8348E-02 1.99921E-02 0.0031
1.2213E-01 1.91053E-02 0.0031
1.5936E-01 1.74836E-02 0.0032
3.9236E-01 9.68013E-03 0.0038
5.1404E-01 8.03373E-03 0.0041
6.6221E-01 6.74207E-03 0.0043
8.9828E-01 5.50393E-03 0.0046
1.1731E+00 4.67440E-03 0.0049
1.3332E+00 4.25160E-03 0.0050
1.8360E+00 3.49953E-03 0.0054

Energy Bin   Relative Error
8.8348E-02 0.691696987039
1.2213E-01 0.268580847234
1.5936E-01 0.152135939863
3.9236E-01 0.0740018362514
5.1404E-01 0.103871543912
6.6221E-01 0.121883571875
8.9828E-01 0.0927608553418
1.1731E+00 0.116180534513
1.3332E+00 0.0806832278849
1.8360E+00 0.128014348336

Chi Squared Value
0.09043347498678747
Average Error
0.182980969225