Energy Bin  Efficiency  Uncertainity
8.8348E-02 2.51821E-02 0.0027
1.2213E-01 2.43663E-02 0.0028
1.5936E-01 2.25437E-02 0.0028
3.9236E-01 1.29827E-02 0.0033
5.1404E-01 1.08559E-02 0.0035
6.6221E-01 9.20167E-03 0.0037
8.9828E-01 7.62807E-03 0.0039
1.1731E+00 6.49553E-03 0.0042
1.3332E+00 5.93573E-03 0.0043
1.8360E+00 4.87860E-03 0.0046

Energy Bin   Relative Error
8.8348E-02 1.13086582687
1.2213E-01 0.617908198142
1.5936E-01 0.485586892144
3.9236E-01 0.241920961857
5.1404E-01 0.210929531668
6.6221E-01 0.198465396115
8.9828E-01 0.514491699169
1.1731E+00 0.551040592877
1.3332E+00 0.508759962427
1.8360E+00 0.57253425454

Chi Squared Value
0.36473802752754086
Average Error
0.503250331581