Energy Bin  Efficiency  Uncertainity
8.8348E-02 2.57857E-02 0.0027
1.2213E-01 2.50147E-02 0.0027
1.5936E-01 2.31799E-02 0.0028
3.9236E-01 1.33973E-02 0.0033
5.1404E-01 1.11995E-02 0.0035
6.6221E-01 9.51813E-03 0.0036
8.9828E-01 7.87720E-03 0.0039
1.1731E+00 6.70760E-03 0.0041
1.3332E+00 6.13773E-03 0.0042
1.8360E+00 5.04953E-03 0.0045

Energy Bin   Relative Error
8.8348E-02 1.18194141679
1.2213E-01 0.660961582352
1.5936E-01 0.527511260406
3.9236E-01 0.281581466281
5.1404E-01 0.249256652136
6.6221E-01 0.239682518578
8.9828E-01 0.563954448857
1.1731E+00 0.601679906148
1.3332E+00 0.560104870704
1.8360E+00 0.627630651073

Chi Squared Value
0.416551251205607
Average Error
0.549430477333