Energy Bin  Efficiency  Uncertainity
8.8348E-02 2.09011E-02 0.0030
1.2213E-01 1.99745E-02 0.0031
1.5936E-01 1.82869E-02 0.0031
3.9236E-01 1.03162E-02 0.0037
5.1404E-01 8.61553E-03 0.0040
6.6221E-01 7.27520E-03 0.0042
8.9828E-01 5.97927E-03 0.0045
1.1731E+00 5.10860E-03 0.0047
1.3332E+00 4.65860E-03 0.0049
1.8360E+00 3.84520E-03 0.0052

Energy Bin   Relative Error
8.8348E-02 0.768614997715
1.2213E-01 0.326295223476
1.5936E-01 0.205071879858
3.9236E-01 0.0131555819123
5.1404E-01 0.0389742252625
6.6221E-01 0.0524464092044
8.9828E-01 0.187135773805
1.1731E+00 0.219861346614
1.3332E+00 0.184135592583
1.8360E+00 0.239435230508

Chi Squared Value
0.11939789287192258
Average Error
0.223512626094