Energy Bin  Efficiency  Uncertainity
8.8348E-02 2.04675E-02 0.0031
1.2213E-01 1.95179E-02 0.0031
1.5936E-01 1.78284E-02 0.0032
3.9236E-01 9.81473E-03 0.0038
5.1404E-01 8.12807E-03 0.0040
6.6221E-01 6.81393E-03 0.0043
8.9828E-01 5.55300E-03 0.0046
1.1731E+00 4.71300E-03 0.0048
1.3332E+00 4.28533E-03 0.0050
1.8360E+00 3.51940E-03 0.0054

Energy Bin   Relative Error
8.8348E-02 0.731924514295
1.2213E-01 0.295977248106
1.5936E-01 0.17485760314
3.9236E-01 0.0611260429676
5.1404E-01 0.0933483176461
6.6221E-01 0.112524213914
8.9828E-01 0.102503307584
1.1731E+00 0.12539766797
1.3332E+00 0.0892568108364
1.8360E+00 0.134419107004

Chi Squared Value
0.10241773565579632
Average Error
0.192133483346