Energy Bin  Efficiency  Uncertainity
8.8348E-02 2.73409E-02 0.0026
1.2213E-01 2.66493E-02 0.0026
1.5936E-01 2.48272E-02 0.0027
3.9236E-01 1.45388E-02 0.0031
5.1404E-01 1.21751E-02 0.0033
6.6221E-01 1.03443E-02 0.0035
8.9828E-01 8.57300E-03 0.0037
1.1731E+00 7.29993E-03 0.0039
1.3332E+00 6.69593E-03 0.0040
1.8360E+00 5.50347E-03 0.0043

Energy Bin   Relative Error
8.8348E-02 1.31353975585
1.2213E-01 0.769498074995
1.5936E-01 0.636065192876
3.9236E-01 0.390776994019
5.1404E-01 0.358080688014
6.6221E-01 0.347286481371
8.9828E-01 0.702099920029
1.1731E+00 0.743119923264
1.3332E+00 0.701989661796
1.8360E+00 0.773950537825

Chi Squared Value
0.5725408554017842
Average Error
0.673640723004