Energy Bin  Efficiency  Uncertainity
8.8348E-02 2.08759E-02 0.0030
1.2213E-01 1.99386E-02 0.0031
1.5936E-01 1.82431E-02 0.0031
3.9236E-01 1.01435E-02 0.0037
5.1404E-01 8.42273E-03 0.0040
6.6221E-01 7.07993E-03 0.0042
8.9828E-01 5.79027E-03 0.0045
1.1731E+00 4.91127E-03 0.0047
1.3332E+00 4.46827E-03 0.0049
1.8360E+00 3.66207E-03 0.0053

Energy Bin   Relative Error
8.8348E-02 0.766482617221
1.2213E-01 0.323911484283
1.5936E-01 0.202185543281
3.9236E-01 0.0296760091048
5.1404E-01 0.060480246293
6.6221E-01 0.0778792206287
8.9828E-01 0.149611350046
1.1731E+00 0.172741736637
1.3332E+00 0.13575699658
1.8360E+00 0.180406370172

Chi Squared Value
0.1157171022254814
Average Error
0.209913157425