Energy Bin  Efficiency  Uncertainity
8.8348E-02 2.07797E-02 0.0030
1.2213E-01 1.98189E-02 0.0031
1.5936E-01 1.81071E-02 0.0031
3.9236E-01 1.00045E-02 0.0038
5.1404E-01 8.29487E-03 0.0040
6.6221E-01 6.96200E-03 0.0042
8.9828E-01 5.68640E-03 0.0045
1.1731E+00 4.82460E-03 0.0048
1.3332E+00 4.38233E-03 0.0049
1.8360E+00 3.59220E-03 0.0053

Energy Bin   Relative Error
8.8348E-02 0.758342339303
1.2213E-01 0.315963473657
1.5936E-01 0.193223402314
3.9236E-01 0.0429727049923
5.1404E-01 0.0747424861736
6.6221E-01 0.0932389351332
8.9828E-01 0.128988800333
1.1731E+00 0.15204616781
1.3332E+00 0.113912534118
1.8360E+00 0.157884956577

Chi Squared Value
0.11173706611697744
Average Error
0.203131580041