Energy Bin  Efficiency  Uncertainity
8.8348E-02 1.99951E-02 0.0031
1.2213E-01 1.91140E-02 0.0031
1.5936E-01 1.74973E-02 0.0032
3.9236E-01 9.71100E-03 0.0038
5.1404E-01 8.06447E-03 0.0041
6.6221E-01 6.77733E-03 0.0043
8.9828E-01 5.53693E-03 0.0046
1.1731E+00 4.70227E-03 0.0048
1.3332E+00 4.27673E-03 0.0050
1.8360E+00 3.51780E-03 0.0054

Energy Bin   Relative Error
8.8348E-02 0.69195084186
1.2213E-01 0.269158522192
1.5936E-01 0.153038743769
3.9236E-01 0.0710488218482
5.1404E-01 0.100442627488
6.6221E-01 0.1172911566
8.9828E-01 0.0993127388552
1.1731E+00 0.122835495897
1.3332E+00 0.0870708394939
1.8360E+00 0.133903374046

Chi Squared Value
0.09062330585086657
Average Error
0.184605316205