Energy Bin  Efficiency  Uncertainity
8.8348E-02 1.92303E-02 0.0032
1.2213E-01 1.84919E-02 0.0032
1.5936E-01 1.69874E-02 0.0033
3.9236E-01 9.49620E-03 0.0039
5.1404E-01 7.91060E-03 0.0041
6.6221E-01 6.63913E-03 0.0043
8.9828E-01 5.42947E-03 0.0046
1.1731E+00 4.62073E-03 0.0049
1.3332E+00 4.20327E-03 0.0050
1.8360E+00 3.46827E-03 0.0054

Energy Bin   Relative Error
8.8348E-02 0.627234786234
1.2213E-01 0.22785144274
1.5936E-01 0.11943730495
3.9236E-01 0.09159652168
5.1404E-01 0.117606172384
6.6221E-01 0.135290923788
8.9828E-01 0.0779774236323
1.1731E+00 0.103364898434
1.3332E+00 0.0683985773055
1.8360E+00 0.117938215675

Chi Squared Value
0.07364288763924785
Average Error
0.168669626682