Energy Bin  Efficiency  Uncertainity
8.8348E-02 1.86375E-02 0.0032
1.2213E-01 1.80134E-02 0.0032
1.5936E-01 1.66049E-02 0.0033
3.9236E-01 9.35420E-03 0.0039
5.1404E-01 7.80600E-03 0.0041
6.6221E-01 6.55760E-03 0.0043
8.9828E-01 5.37327E-03 0.0046
1.1731E+00 4.58073E-03 0.0049
1.3332E+00 4.16987E-03 0.0051
1.8360E+00 3.44480E-03 0.0054

Energy Bin   Relative Error
8.8348E-02 0.577073073661
1.2213E-01 0.196079320062
1.5936E-01 0.0942312834788
3.9236E-01 0.105180196615
5.1404E-01 0.129273858068
6.6221E-01 0.145909744474
8.9828E-01 0.0668193674669
1.1731E+00 0.0938134647993
1.3332E+00 0.0599088746497
1.8360E+00 0.110373057852

Chi Squared Value
0.06227325703011407
Average Error
0.157866224113