Energy Bin  Efficiency  Uncertainity
8.8348E-02 2.06382E-02 0.0030
1.2213E-01 1.96631E-02 0.0031
1.5936E-01 1.79425E-02 0.0032
3.9236E-01 9.85713E-03 0.0038
5.1404E-01 8.15780E-03 0.0040
6.6221E-01 6.83947E-03 0.0043
8.9828E-01 5.57407E-03 0.0046
1.1731E+00 4.72507E-03 0.0048
1.3332E+00 4.29460E-03 0.0050
1.8360E+00 3.52540E-03 0.0054

Energy Bin   Relative Error
8.8348E-02 0.746368853593
1.2213E-01 0.305618443953
1.5936E-01 0.182376575819
3.9236E-01 0.0570700724235
5.1404E-01 0.0900320624322
6.6221E-01 0.109197773582
8.9828E-01 0.106686585937
1.1731E+00 0.128279813069
1.3332E+00 0.0916130845975
1.8360E+00 0.136353105595

Chi Squared Value
0.10691895262512209
Average Error
0.1953596371