Energy Bin  Efficiency  Uncertainity
8.8348E-02 2.09009E-02 0.0030
1.2213E-01 1.99734E-02 0.0031
1.5936E-01 1.82828E-02 0.0031
3.9236E-01 1.02658E-02 0.0037
5.1404E-01 8.55813E-03 0.0040
6.6221E-01 7.22080E-03 0.0042
8.9828E-01 5.91880E-03 0.0045
1.1731E+00 5.05020E-03 0.0047
1.3332E+00 4.60080E-03 0.0049
1.8360E+00 3.79507E-03 0.0052

Energy Bin   Relative Error
8.8348E-02 0.76859807406
1.2213E-01 0.326222184114
1.5936E-01 0.204801697667
3.9236E-01 0.0179768299175
5.1404E-01 0.0453769514406
6.6221E-01 0.0595317010643
8.9828E-01 0.175129943622
1.1731E+00 0.205916253507
1.3332E+00 0.169443831699
1.8360E+00 0.223276672278

Chi Squared Value
0.11843060273604657
Average Error
0.219627413937