Energy Bin  Efficiency  Uncertainity
8.8348E-02 2.14501E-02 0.0030
1.2213E-01 2.02533E-02 0.0030
1.5936E-01 1.83985E-02 0.0031
3.9236E-01 1.00152E-02 0.0038
5.1404E-01 8.27720E-03 0.0040
6.6221E-01 6.92067E-03 0.0042
8.9828E-01 5.62567E-03 0.0045
1.1731E+00 4.77033E-03 0.0048
1.3332E+00 4.33647E-03 0.0050
1.8360E+00 3.55260E-03 0.0053

Energy Bin   Relative Error
8.8348E-02 0.815070429905
1.2213E-01 0.344807381894
1.5936E-01 0.212426107299
3.9236E-01 0.041949146388
5.1404E-01 0.0767134996155
6.6221E-01 0.098621933526
8.9828E-01 0.116931349249
1.1731E+00 0.139087260226
1.3332E+00 0.102255714843
1.8360E+00 0.145120565875

Chi Squared Value
0.12874240032473416
Average Error
0.209298338882