Energy Bin  Efficiency  Uncertainity
8.8348E-02 2.48735E-02 0.0028
1.2213E-01 2.40520E-02 0.0028
1.5936E-01 2.22252E-02 0.0028
3.9236E-01 1.27809E-02 0.0033
5.1404E-01 1.06724E-02 0.0035
6.6221E-01 9.05140E-03 0.0037
8.9828E-01 7.49513E-03 0.0040
1.1731E+00 6.38720E-03 0.0042
1.3332E+00 5.83987E-03 0.0043
1.8360E+00 4.80247E-03 0.0047

Energy Bin   Relative Error
8.8348E-02 1.10475262764
1.2213E-01 0.5970388603
1.5936E-01 0.464598348775
3.9236E-01 0.222616837899
5.1404E-01 0.190460886133
6.6221E-01 0.178893579795
8.9828E-01 0.488097535706
1.1731E+00 0.525172922736
1.3332E+00 0.484394007439
1.8360E+00 0.547995035748

Chi Squared Value
0.3403913670253525
Average Error
0.480402064218