Energy Bin  Efficiency  Uncertainity
8.8348E-02 2.02329E-02 0.0031
1.2213E-01 1.93151E-02 0.0031
1.5936E-01 1.76535E-02 0.0032
3.9236E-01 9.75020E-03 0.0038
5.1404E-01 8.07960E-03 0.0040
6.6221E-01 6.77753E-03 0.0043
8.9828E-01 5.52940E-03 0.0046
1.1731E+00 4.69493E-03 0.0048
1.3332E+00 4.26807E-03 0.0050
1.8360E+00 3.50827E-03 0.0054

Energy Bin   Relative Error
8.8348E-02 0.712073067315
1.2213E-01 0.282511445642
1.5936E-01 0.163332026263
3.9236E-01 0.0672989622885
5.1404E-01 0.0987549402568
6.6221E-01 0.117265107732
8.9828E-01 0.0978177181626
1.1731E+00 0.121082807825
1.3332E+00 0.0848696171885
1.8360E+00 0.130831539617

Chi Squared Value
0.09636487560344882
Average Error
0.187583723229