Energy Bin  Efficiency  Uncertainity
8.8348E-02 1.86373E-02 0.0032
1.2213E-01 1.80152E-02 0.0032
1.5936E-01 1.66046E-02 0.0033
3.9236E-01 9.35013E-03 0.0039
5.1404E-01 7.80680E-03 0.0041
6.6221E-01 6.55640E-03 0.0043
8.9828E-01 5.37427E-03 0.0046
1.1731E+00 4.58220E-03 0.0049
1.3332E+00 4.16873E-03 0.0051
1.8360E+00 3.44253E-03 0.0054

Energy Bin   Relative Error
8.8348E-02 0.577056150007
1.2213E-01 0.196198839018
1.5936E-01 0.0942115140502
3.9236E-01 0.105569531524
5.1404E-01 0.129184621466
6.6221E-01 0.146066037677
8.9828E-01 0.0670179093916
1.1731E+00 0.0941644799853
1.3332E+00 0.0596191063554
1.8360E+00 0.109641361719

Chi Squared Value
0.06228759184342307
Average Error
0.157872955119