Energy Bin  Efficiency  Uncertainity
6.0327E-02 1.42911E-02 0.0037
8.8348E-02 1.44201E-02 0.0036
1.2213E-01 1.37433E-02 0.0037
1.5936E-01 1.23050E-02 0.0038
3.9236E-01 7.01727E-03 0.0045
5.1404E-01 5.88233E-03 0.0047
6.6221E-01 5.04587E-03 0.0050
8.9828E-01 4.15293E-03 0.0053
1.1731E+00 3.57000E-03 0.0056
1.3332E+00 3.33760E-03 0.0057
1.8360E+00 2.72447E-03 0.0061

Energy Bin   Relative Error
6.0327E-02 6.09449959331
8.8348E-02 0.859658822385
1.2213E-01 0.475972266585
1.5936E-01 0.313624944516
3.9236E-01 0.101632887741
5.1404E-01 0.0499758826758
6.6221E-01 0.0489415879109
8.9828E-01 0.183539397658
1.1731E+00 0.183831698744
1.3332E+00 0.173270938867
1.8360E+00 0.185070654034

Chi Squared Value
0.924629715021996
Average Error
0.788183515857