Energy Bin  Efficiency  Uncertainity
6.0327E-02 1.48707E-02 0.0036
8.8348E-02 1.49818E-02 0.0036
1.2213E-01 1.42519E-02 0.0036
1.5936E-01 1.27315E-02 0.0037
3.9236E-01 7.31040E-03 0.0044
5.1404E-01 6.15067E-03 0.0046
6.6221E-01 5.30260E-03 0.0049
8.9828E-01 4.39673E-03 0.0052
1.1731E+00 3.80653E-03 0.0054
1.3332E+00 3.55060E-03 0.0056
1.8360E+00 2.92380E-03 0.0059

Energy Bin   Relative Error
6.0327E-02 6.38222915677
8.8348E-02 0.932097318688
1.2213E-01 0.530593754495
1.5936E-01 0.359156113865
3.9236E-01 0.147651018493
5.1404E-01 0.0978736592979
6.6221E-01 0.102310932318
8.9828E-01 0.253019717612
1.1731E+00 0.262266351883
1.3332E+00 0.248147110361
1.8360E+00 0.271773804911

Chi Squared Value
1.0300226195560398
Average Error
0.871556267154