Energy Bin  Efficiency  Uncertainity
6.0327E-02 1.28219E-02 0.0039
8.8348E-02 1.30148E-02 0.0038
1.2213E-01 1.24425E-02 0.0038
1.5936E-01 1.11743E-02 0.0040
3.9236E-01 6.40180E-03 0.0047
5.1404E-01 5.36093E-03 0.0049
6.6221E-01 4.59793E-03 0.0052
8.9828E-01 3.78887E-03 0.0055
1.1731E+00 3.25540E-03 0.0058
1.3332E+00 3.04573E-03 0.0059
1.8360E+00 2.48067E-03 0.0064

Energy Bin   Relative Error
6.0327E-02 5.36514784275
8.8348E-02 0.678427170517
1.2213E-01 0.336271850792
1.5936E-01 0.192916636937
3.9236E-01 0.00501098300872
5.1404E-01 0.0430922425785
6.6221E-01 0.0441767236764
8.9828E-01 0.0797862996975
1.1731E+00 0.0795086028269
1.3332E+00 0.0706694920411
1.8360E+00 0.0790242576881

Chi Squared Value
0.6934871767515907
Average Error
0.63400291841