Energy Bin  Efficiency  Uncertainity
6.0327E-02 1.38235E-02 0.0037
8.8348E-02 1.39550E-02 0.0037
1.2213E-01 1.33067E-02 0.0037
1.5936E-01 1.19115E-02 0.0038
3.9236E-01 6.77360E-03 0.0046
5.1404E-01 5.66607E-03 0.0048
6.6221E-01 4.85780E-03 0.0051
8.9828E-01 4.00507E-03 0.0054
1.1731E+00 3.43267E-03 0.0057
1.3332E+00 3.20433E-03 0.0058
1.8360E+00 2.61700E-03 0.0062

Energy Bin   Relative Error
6.0327E-02 5.8623699455
8.8348E-02 0.799678148306
1.2213E-01 0.429083274015
1.5936E-01 0.27161670269
3.9236E-01 0.0633794236789
5.1404E-01 0.0113742087834
6.6221E-01 0.00984536774697
8.9828E-01 0.141400923053
1.1731E+00 0.138292312977
1.3332E+00 0.126422359642
1.8360E+00 0.138324115005

Chi Squared Value
0.8452125731504119
Average Error
0.726526071036