Energy Bin  Efficiency  Uncertainity
6.0327E-02 2.06571E-02 0.0030
8.8348E-02 2.06712E-02 0.0030
1.2213E-01 1.91391E-02 0.0031
1.5936E-01 1.68503E-02 0.0032
3.9236E-01 9.38873E-03 0.0038
5.1404E-01 7.85013E-03 0.0041
6.6221E-01 6.77007E-03 0.0043
8.9828E-01 5.66967E-03 0.0045
1.1731E+00 4.88093E-03 0.0048
1.3332E+00 4.56033E-03 0.0049
1.8360E+00 3.77780E-03 0.0052

Energy Bin   Relative Error
6.0327E-02 9.25475908426
8.8348E-02 1.66581920023
1.2213E-01 1.05545835479
1.5936E-01 0.798860170872
3.9236E-01 0.473925578197
5.1404E-01 0.401221484662
6.6221E-01 0.407370379353
8.9828E-01 0.615793624433
1.1731E+00 0.618543320267
1.3332E+00 0.603098831689
1.8360E+00 0.643240673162

Chi Squared Value
2.398033901505462
Average Error
1.50346279108