Energy Bin  Efficiency  Uncertainity
6.0327E-02 1.15395E-02 0.0041
8.8348E-02 1.21107E-02 0.0040
1.2213E-01 1.17023E-02 0.0040
1.5936E-01 1.05701E-02 0.0041
3.9236E-01 6.16453E-03 0.0048
5.1404E-01 5.19060E-03 0.0050
6.6221E-01 4.45800E-03 0.0053
8.9828E-01 3.68807E-03 0.0056
1.1731E+00 3.18253E-03 0.0059
1.3332E+00 2.97527E-03 0.0060
1.8360E+00 2.43473E-03 0.0064

Energy Bin   Relative Error
6.0327E-02 4.72852880863
8.8348E-02 0.561831755692
1.2213E-01 0.256777502875
1.5936E-01 0.128415036654
3.9236E-01 0.0322377526498
5.1404E-01 0.0734955678078
6.6221E-01 0.0732655421351
8.9828E-01 0.0510594077721
1.1731E+00 0.0553445087407
1.3332E+00 0.0459005951234
1.8360E+00 0.0590416020353

Chi Squared Value
0.5318598555606219
Average Error
0.551445280011