Energy Bin  Efficiency  Uncertainity
6.0327E-02 1.15389E-02 0.0041
8.8348E-02 1.21096E-02 0.0040
1.2213E-01 1.17021E-02 0.0040
1.5936E-01 1.05699E-02 0.0041
3.9236E-01 6.16413E-03 0.0048
5.1404E-01 5.19027E-03 0.0050
6.6221E-01 4.45640E-03 0.0053
8.9828E-01 3.68820E-03 0.0056
1.1731E+00 3.18407E-03 0.0059
1.3332E+00 2.97573E-03 0.0060
1.8360E+00 2.43480E-03 0.0064

Energy Bin   Relative Error
6.0327E-02 4.72823095194
8.8348E-02 0.561689896433
1.2213E-01 0.256756023721
1.5936E-01 0.128393685578
3.9236E-01 0.032300548175
5.1404E-01 0.0735544716846
6.6221E-01 0.0735981520796
8.9828E-01 0.0510964563431
1.1731E+00 0.0558551812382
1.3332E+00 0.0460622995313
1.8360E+00 0.0590720501392

Chi Squared Value
0.531788140227842
Average Error
0.55150997426