Energy Bin  Efficiency  Uncertainity
6.0327E-02 5.79200E-04 0.0185
8.8348E-02 6.17400E-04 0.0178
1.2213E-01 5.92467E-04 0.0179
1.5936E-01 5.75333E-04 0.0179
3.9236E-01 3.57067E-04 0.0202
5.1404E-01 3.01467E-04 0.0212
6.6221E-01 2.62000E-04 0.0221
8.9828E-01 2.13067E-04 0.0237
1.1731E+00 1.85600E-04 0.0245
1.3332E+00 1.71000E-04 0.0254
1.8360E+00 1.39800E-04 0.0272

Energy Bin   Relative Error
6.0327E-02 4.03095388503
8.8348E-02 0.621664602396
1.2213E-01 0.239130409982
1.5936E-01 0.129848641494
3.9236E-01 0.0127168969686
5.1404E-01 0.192686912282
6.6221E-01 0.0358421176413
8.9828E-01 0.0951377888384
1.1731E+00 0.0891208025874
1.3332E+00 0.118225312418
1.8360E+00 0.105571421093

Chi Squared Value
0.022838116969347066
Average Error
0.515536253703