Energy Bin  Efficiency  Uncertainity
6.0327E-02 6.91200E-04 0.0169
8.8348E-02 7.14067E-04 0.0165
1.2213E-01 6.77267E-04 0.0167
1.5936E-01 6.53000E-04 0.0167
3.9236E-01 4.10667E-04 0.0189
5.1404E-01 3.50867E-04 0.0198
6.6221E-01 3.02600E-04 0.0208
8.9828E-01 2.49533E-04 0.0221
1.1731E+00 2.20067E-04 0.0228
1.3332E+00 2.02533E-04 0.0236
1.8360E+00 1.65933E-04 0.0256

Energy Bin   Relative Error
6.0327E-02 5.00379027164
8.8348E-02 0.875570420536
1.2213E-01 0.416487560282
1.5936E-01 0.282372405017
3.9236E-01 0.135486029436
5.1404E-01 0.0603962584678
6.6221E-01 0.113565554205
8.9828E-01 0.0597276074558
1.1731E+00 0.0800347647468
1.3332E+00 0.0443770339181
1.8360E+00 0.0616253031739

Chi Squared Value
0.036438396959232386
Average Error
0.648493928079