Energy Bin  Efficiency  Uncertainity
6.0327E-02 5.80533E-04 0.0185
8.8348E-02 6.19200E-04 0.0177
1.2213E-01 5.94200E-04 0.0178
1.5936E-01 5.77067E-04 0.0179
3.9236E-01 3.57800E-04 0.0201
5.1404E-01 3.03000E-04 0.0212
6.6221E-01 2.62933E-04 0.0221
8.9828E-01 2.13867E-04 0.0236
1.1731E+00 1.85867E-04 0.0244
1.3332E+00 1.71067E-04 0.0253
1.8360E+00 1.39867E-04 0.0272

Energy Bin   Relative Error
6.0327E-02 4.04253237524
8.8348E-02 0.626392487534
1.2213E-01 0.242754937594
1.5936E-01 0.133253899917
3.9236E-01 0.0106901666504
5.1404E-01 0.188581617296
6.6221E-01 0.0324086851824
8.9828E-01 0.0917403140116
1.1731E+00 0.0878104321902
1.3332E+00 0.117879821751
1.8360E+00 0.105142760759

Chi Squared Value
0.02298560262648254
Average Error
0.516289772557