Energy Bin  Efficiency  Uncertainity
6.0327E-02 7.39467E-04 0.0164
8.8348E-02 7.63067E-04 0.0160
1.2213E-01 7.18200E-04 0.0162
1.5936E-01 6.89200E-04 0.0163
3.9236E-01 4.36400E-04 0.0184
5.1404E-01 3.72600E-04 0.0193
6.6221E-01 3.22533E-04 0.0202
8.9828E-01 2.65067E-04 0.0214
1.1731E+00 2.34867E-04 0.0220
1.3332E+00 2.13800E-04 0.0230
1.8360E+00 1.74133E-04 0.0251

Energy Bin   Relative Error
6.0327E-02 5.42303932407
8.8348E-02 1.00427396041
1.2213E-01 0.502097940391
1.5936E-01 0.353462575096
3.9236E-01 0.20663725901
5.1404E-01 0.00219640463509
6.6221E-01 0.186918833095
8.9828E-01 0.125698074906
1.1731E+00 0.152669528334
1.3332E+00 0.102476188333
1.8360E+00 0.114088209805

Chi Squared Value
0.043905799814414906
Average Error
0.743050754371