Energy Bin  Efficiency  Uncertainity
6.0327E-02 7.34533E-04 0.0164
8.8348E-02 7.58400E-04 0.0160
1.2213E-01 7.14733E-04 0.0162
1.5936E-01 6.84867E-04 0.0163
3.9236E-01 4.32600E-04 0.0185
5.1404E-01 3.70467E-04 0.0193
6.6221E-01 3.20933E-04 0.0203
8.9828E-01 2.64867E-04 0.0215
1.1731E+00 2.32800E-04 0.0220
1.3332E+00 2.12533E-04 0.0230
1.8360E+00 1.73467E-04 0.0252

Energy Bin   Relative Error
6.0327E-02 5.38018240682
8.8348E-02 0.992015604886
1.2213E-01 0.494846793692
1.5936E-01 0.344953356672
3.9236E-01 0.196130335123
5.1404E-01 0.00790846869551
6.6221E-01 0.181030846027
8.9828E-01 0.124848706199
1.1731E+00 0.142525200203
1.3332E+00 0.0959428051217
1.8360E+00 0.10982719812

Chi Squared Value
0.04311092983650369
Average Error
0.733655611051