Energy Bin  Efficiency  Uncertainity
6.0327E-02 5.92800E-04 0.0183
8.8348E-02 6.26933E-04 0.0176
1.2213E-01 6.00667E-04 0.0177
1.5936E-01 5.81867E-04 0.0178
3.9236E-01 3.59533E-04 0.0201
5.1404E-01 3.05667E-04 0.0211
6.6221E-01 2.63533E-04 0.0220
8.9828E-01 2.14000E-04 0.0236
1.1731E+00 1.85933E-04 0.0244
1.3332E+00 1.71467E-04 0.0253
1.8360E+00 1.40267E-04 0.0272

Energy Bin   Relative Error
6.0327E-02 4.14908401769
8.8348E-02 0.646704007408
1.2213E-01 0.25628051178
1.5936E-01 0.142680220812
3.9236E-01 0.00589845636196
5.1404E-01 0.181439528759
6.6221E-01 0.0302006900319
8.9828E-01 0.0911754838216
1.1731E+00 0.0874865204067
1.3332E+00 0.115817190903
1.8360E+00 0.102583594582

Chi Squared Value
0.024235395485802794
Average Error
0.528122747505