Energy Bin  Efficiency  Uncertainity
6.0327E-02 5.81333E-04 0.0184
8.8348E-02 6.20867E-04 0.0177
1.2213E-01 5.94267E-04 0.0178
1.5936E-01 5.78333E-04 0.0178
3.9236E-01 3.57933E-04 0.0201
5.1404E-01 3.03000E-04 0.0212
6.6221E-01 2.63133E-04 0.0221
8.9828E-01 2.13733E-04 0.0236
1.1731E+00 1.85533E-04 0.0245
1.3332E+00 1.71267E-04 0.0253
1.8360E+00 1.39867E-04 0.0272

Energy Bin   Relative Error
6.0327E-02 4.04948120657
8.8348E-02 0.630771034492
1.2213E-01 0.242895066475
1.5936E-01 0.135740092053
3.9236E-01 0.0103224243143
5.1404E-01 0.188581617296
6.6221E-01 0.0316726867989
8.9828E-01 0.0923093910451
1.1731E+00 0.0894496221252
1.3332E+00 0.116848506327
1.8360E+00 0.105142760759

Chi Squared Value
0.0230842033078351
Average Error
0.517564946205