Energy Bin  Efficiency  Uncertainity
6.0327E-02 5.80000E-04 0.0185
8.8348E-02 6.17800E-04 0.0178
1.2213E-01 5.93133E-04 0.0178
1.5936E-01 5.76467E-04 0.0179
3.9236E-01 3.57333E-04 0.0202
5.1404E-01 3.02267E-04 0.0212
6.6221E-01 2.62667E-04 0.0221
8.9828E-01 2.13667E-04 0.0237
1.1731E+00 1.85933E-04 0.0244
1.3332E+00 1.71000E-04 0.0254
1.8360E+00 1.39867E-04 0.0272

Energy Bin   Relative Error
6.0327E-02 4.03790271636
8.8348E-02 0.622715243537
1.2213E-01 0.240523332885
1.5936E-01 0.132075609805
3.9236E-01 0.0119814122965
5.1404E-01 0.190544553515
6.6221E-01 0.0333875630324
8.9828E-01 0.0925896827183
1.1731E+00 0.0874865204067
1.3332E+00 0.118225312418
1.8360E+00 0.105142760759

Chi Squared Value
0.02291538551258491
Average Error
0.515688609794