Energy Bin  Efficiency  Uncertainity
6.0327E-02 6.73800E-04 0.0171
8.8348E-02 6.97400E-04 0.0167
1.2213E-01 6.62933E-04 0.0169
1.5936E-01 6.38133E-04 0.0170
3.9236E-01 3.97000E-04 0.0192
5.1404E-01 3.32867E-04 0.0202
6.6221E-01 2.87200E-04 0.0211
8.9828E-01 2.34000E-04 0.0226
1.1731E+00 2.04133E-04 0.0234
1.3332E+00 1.86267E-04 0.0245
1.8360E+00 1.51067E-04 0.0261

Energy Bin   Relative Error
6.0327E-02 4.85265319015
8.8348E-02 0.831792830759
1.2213E-01 0.386508345749
1.5936E-01 0.253176339863
3.9236E-01 0.0976970481828
5.1404E-01 0.108599330708
6.6221E-01 0.0568936786772
8.9828E-01 0.00623861315078
1.1731E+00 0.00183460778789
1.3332E+00 0.0394998495217
1.8360E+00 0.0334861077991

Chi Squared Value
0.0339652234933385
Average Error
0.606216358395