Energy Bin  Efficiency  Uncertainity
6.0327E-02 6.73333E-04 0.0171
8.8348E-02 6.74667E-04 0.0170
1.2213E-01 6.43333E-04 0.0171
1.5936E-01 6.19000E-04 0.0172
3.9236E-01 3.79067E-04 0.0196
5.1404E-01 3.18600E-04 0.0206
6.6221E-01 2.71000E-04 0.0217
8.9828E-01 2.18600E-04 0.0234
1.1731E+00 1.90800E-04 0.0241
1.3332E+00 1.74667E-04 0.0251
1.8360E+00 1.42533E-04 0.0269

Energy Bin   Relative Error
6.0327E-02 4.84859680985
8.8348E-02 0.772082268067
1.2213E-01 0.345515419501
1.5936E-01 0.215602632014
3.9236E-01 0.0481126623766
5.1404E-01 0.146805621355
6.6221E-01 0.00272219038472
8.9828E-01 0.0716400035673
1.1731E+00 0.0636004802461
1.3332E+00 0.0993161441179
1.8360E+00 0.0880859181881

Chi Squared Value
0.033310876446498994
Average Error
0.609280013607