Energy Bin  Efficiency  Uncertainity
6.0327E-02 6.79867E-04 0.0171
8.8348E-02 7.03733E-04 0.0166
1.2213E-01 6.69400E-04 0.0168
1.5936E-01 6.45733E-04 0.0169
3.9236E-01 4.06267E-04 0.0190
5.1404E-01 3.46400E-04 0.0200
6.6221E-01 2.99933E-04 0.0209
8.9828E-01 2.46267E-04 0.0223
1.1731E+00 2.18800E-04 0.0228
1.3332E+00 1.99933E-04 0.0237
1.8360E+00 1.62267E-04 0.0258

Energy Bin   Relative Error
6.0327E-02 4.90535138977
8.8348E-02 0.848427106637
1.2213E-01 0.400033919935
1.5936E-01 0.268101347946
3.9236E-01 0.123320117567
5.1404E-01 0.0723586542287
6.6221E-01 0.103751015761
8.9828E-01 0.0458574164752
1.1731E+00 0.0738166400533
1.3332E+00 0.0309699334052
1.8360E+00 0.0381705451606

Chi Squared Value
0.034867962176842265
Average Error
0.628196189721