Energy Bin  Efficiency  Uncertainity
6.0327E-02 6.63133E-04 0.0173
8.8348E-02 6.82800E-04 0.0169
1.2213E-01 6.51400E-04 0.0170
1.5936E-01 6.27000E-04 0.0171
3.9236E-01 3.88000E-04 0.0194
5.1404E-01 3.23600E-04 0.0205
6.6221E-01 2.79333E-04 0.0214
8.9828E-01 2.26600E-04 0.0229
1.1731E+00 1.98333E-04 0.0238
1.3332E+00 1.79933E-04 0.0249
1.8360E+00 1.47200E-04 0.0265

Energy Bin   Relative Error
6.0327E-02 4.75999921036
8.8348E-02 0.793444429083
1.2213E-01 0.362387355013
1.5936E-01 0.231313166839
3.9236E-01 0.0728122284507
5.1404E-01 0.133415879066
6.6221E-01 0.027943182263
8.9828E-01 0.037665255299
1.1731E+00 0.0266303671313
1.3332E+00 0.0721616090021
1.8360E+00 0.0582268468165

Chi Squared Value
0.03243923659831114
Average Error
0.597818139029