Energy Bin  Efficiency  Uncertainity
6.0327E-02 6.78000E-04 0.0171
8.8348E-02 7.01867E-04 0.0167
1.2213E-01 6.67867E-04 0.0168
1.5936E-01 6.43933E-04 0.0169
3.9236E-01 4.08200E-04 0.0190
5.1404E-01 3.50800E-04 0.0200
6.6221E-01 3.03933E-04 0.0209
8.9828E-01 2.50733E-04 0.0221
1.1731E+00 2.21000E-04 0.0227
1.3332E+00 2.03467E-04 0.0237
1.8360E+00 1.63867E-04 0.0257

Energy Bin   Relative Error
6.0327E-02 4.88913455464
8.8348E-02 0.84352586571
1.2213E-01 0.396827687489
1.5936E-01 0.264566477611
3.9236E-01 0.128664823849
5.1404E-01 0.0605756810145
6.6221E-01 0.118470983431
8.9828E-01 0.064823819696
1.1731E+00 0.0846136995053
1.3332E+00 0.0491932769485
1.8360E+00 0.0484072098691

Chi Squared Value
0.03463071256776083
Average Error
0.631709461797