Energy Bin  Efficiency  Uncertainity
6.0327E-02 6.87267E-04 0.0170
8.8348E-02 7.08800E-04 0.0166
1.2213E-01 6.75667E-04 0.0167
1.5936E-01 6.48933E-04 0.0168
3.9236E-01 4.05667E-04 0.0190
5.1404E-01 3.40933E-04 0.0200
6.6221E-01 2.93400E-04 0.0208
8.9828E-01 2.39733E-04 0.0223
1.1731E+00 2.09467E-04 0.0231
1.3332E+00 1.92067E-04 0.0241
1.8360E+00 1.55600E-04 0.0257

Energy Bin   Relative Error
6.0327E-02 4.9696280796
8.8348E-02 0.861736103301
1.2213E-01 0.413141198956
1.5936E-01 0.274385561876
3.9236E-01 0.121661129585
5.1404E-01 0.0869989984473
6.6221E-01 0.079709628565
8.9828E-01 0.018108540827
1.1731E+00 0.0280125692049
1.3332E+00 0.00959170222361
1.8360E+00 0.00448435709674

Chi Squared Value
0.03581766884939143
Average Error
0.624314351789