Energy Bin  Efficiency  Uncertainity
6.0327E-02 6.72533E-04 0.0171
8.8348E-02 6.94667E-04 0.0167
1.2213E-01 6.61400E-04 0.0169
1.5936E-01 6.35400E-04 0.0170
3.9236E-01 3.96200E-04 0.0192
5.1404E-01 3.33733E-04 0.0202
6.6221E-01 2.89067E-04 0.0211
8.9828E-01 2.36133E-04 0.0225
1.1731E+00 2.06867E-04 0.0233
1.3332E+00 1.88400E-04 0.0244
1.8360E+00 1.52800E-04 0.0262

Energy Bin   Relative Error
6.0327E-02 4.84164797852
8.8348E-02 0.824614325158
1.2213E-01 0.383302113303
1.5936E-01 0.247809228404
3.9236E-01 0.0954850642066
5.1404E-01 0.106280227343
6.6221E-01 0.0637642235869
8.9828E-01 0.00281990410627
1.1731E+00 0.0152524080343
1.3332E+00 0.028500870524
1.8360E+00 0.0223985203366

Chi Squared Value
0.033748778844975375
Average Error
0.602897714866