Energy Bin  Efficiency  Uncertainity
6.0327E-02 6.31933E-04 0.0177
8.8348E-02 6.52467E-04 0.0173
1.2213E-01 6.22867E-04 0.0174
1.5936E-01 5.99667E-04 0.0175
3.9236E-01 3.69200E-04 0.0198
5.1404E-01 3.10000E-04 0.0209
6.6221E-01 2.65267E-04 0.0219
8.9828E-01 2.15067E-04 0.0235
1.1731E+00 1.88533E-04 0.0242
1.3332E+00 1.71600E-04 0.0253
1.8360E+00 1.41533E-04 0.0270

Energy Bin   Relative Error
6.0327E-02 4.48899478838
8.8348E-02 0.713771684696
1.2213E-01 0.302711275184
1.5936E-01 0.177636160795
3.9236E-01 0.0208306050103
5.1404E-01 0.169835978091
6.6221E-01 0.0238195840472
8.9828E-01 0.0866441017714
1.1731E+00 0.074726359236
1.3332E+00 0.115131366146
1.8360E+00 0.0944838336309

Chi Squared Value
0.02850912081145892
Average Error
0.569871430635