Energy Bin  Efficiency  Uncertainity
6.0327E-02 7.48667E-04 0.0163
8.8348E-02 7.73267E-04 0.0159
1.2213E-01 7.27733E-04 0.0161
1.5936E-01 6.97333E-04 0.0162
3.9236E-01 4.40800E-04 0.0183
5.1404E-01 3.76333E-04 0.0192
6.6221E-01 3.25267E-04 0.0201
8.9828E-01 2.70067E-04 0.0214
1.1731E+00 2.38800E-04 0.0218
1.3332E+00 2.17533E-04 0.0228
1.8360E+00 1.75000E-04 0.0250

Energy Bin   Relative Error
6.0327E-02 5.5029508844
8.8348E-02 1.03106530952
1.2213E-01 0.522035979469
1.5936E-01 0.369434297561
3.9236E-01 0.218803170879
5.1404E-01 0.00780037695776
6.6221E-01 0.196979930997
8.9828E-01 0.146932292574
1.1731E+00 0.171971725981
1.3332E+00 0.121725690724
1.8360E+00 0.119635202494

Chi Squared Value
0.0454847832186478
Average Error
0.764484987414