Energy Bin  Efficiency  Uncertainity
6.0327E-02 5.84733E-04 0.0184
8.8348E-02 6.24067E-04 0.0177
1.2213E-01 5.95800E-04 0.0178
1.5936E-01 5.81400E-04 0.0178
3.9236E-01 3.59467E-04 0.0201
5.1404E-01 3.04800E-04 0.0211
6.6221E-01 2.64000E-04 0.0220
8.9828E-01 2.14867E-04 0.0236
1.1731E+00 1.86200E-04 0.0244
1.3332E+00 1.71600E-04 0.0253
1.8360E+00 1.39800E-04 0.0272

Energy Bin   Relative Error
6.0327E-02 4.07901373973
8.8348E-02 0.639176163627
1.2213E-01 0.246101298921
1.5936E-01 0.141763118341
3.9236E-01 0.00608094503999
5.1404E-01 0.183761310072
6.6221E-01 0.0284821338065
8.9828E-01 0.0874934704781
1.1731E+00 0.0861761500095
1.3332E+00 0.115131366146
1.8360E+00 0.105571421093

Chi Squared Value
0.023438070481673297
Average Error
0.519886465206