Energy Bin  Efficiency  Uncertainity
6.0327E-02 7.06000E-04 0.0167
8.8348E-02 7.26533E-04 0.0164
1.2213E-01 6.88333E-04 0.0165
1.5936E-01 6.63933E-04 0.0166
3.9236E-01 4.16867E-04 0.0188
5.1404E-01 3.57400E-04 0.0197
6.6221E-01 3.08600E-04 0.0206
8.9828E-01 2.54400E-04 0.0218
1.1731E+00 2.25133E-04 0.0224
1.3332E+00 2.06400E-04 0.0234
1.8360E+00 1.67933E-04 0.0255

Energy Bin   Relative Error
6.0327E-02 5.1323436513
8.8348E-02 0.908313651721
1.2213E-01 0.439631831806
1.5936E-01 0.303842814671
3.9236E-01 0.152628905251
5.1404E-01 0.0429012211932
6.6221E-01 0.13564550571
8.9828E-01 0.0803969949335
1.1731E+00 0.104897448012
1.3332E+00 0.0643175176425
1.8360E+00 0.0744211340596

Chi Squared Value
0.03856198648606876
Average Error
0.676303697845