Energy Bin  Efficiency  Uncertainity
6.0327E-02 6.47533E-04 0.0175
8.8348E-02 6.65733E-04 0.0171
1.2213E-01 6.36133E-04 0.0172
1.5936E-01 6.09000E-04 0.0174
3.9236E-01 3.74400E-04 0.0197
5.1404E-01 3.11800E-04 0.0208
6.6221E-01 2.67733E-04 0.0218
8.9828E-01 2.16200E-04 0.0234
1.1731E+00 1.89667E-04 0.0241
1.3332E+00 1.72533E-04 0.0252
1.8360E+00 1.42200E-04 0.0269

Energy Bin   Relative Error
6.0327E-02 4.62449699937
8.8348E-02 0.748616198164
1.2213E-01 0.330456793532
1.5936E-01 0.195964463484
3.9236E-01 0.0352085008555
5.1404E-01 0.165015670867
6.6221E-01 0.0147447239789
8.9828E-01 0.0818324280479
1.1731E+00 0.0691609658639
1.3332E+00 0.110320279693
1.8360E+00 0.0902164240306

Chi Squared Value
0.030405112810186537
Average Error
0.587821222535