Energy Bin  Efficiency  Uncertainity
6.0327E-02 1.34238E-02 0.0038
8.8348E-02 1.36456E-02 0.0037
1.2213E-01 1.28613E-02 0.0038
1.5936E-01 1.16280E-02 0.0039
3.9236E-01 6.69920E-03 0.0046
5.1404E-01 5.65433E-03 0.0048
6.6221E-01 4.88033E-03 0.0051
8.9828E-01 4.04753E-03 0.0054
1.1731E+00 3.50707E-03 0.0057
1.3332E+00 3.29393E-03 0.0058
1.8360E+00 2.73273E-03 0.0062

Energy Bin   Relative Error
6.0327E-02 6.26976117805
8.8348E-02 0.919756735522
1.2213E-01 0.506817307652
1.5936E-01 0.354201693754
3.9236E-01 0.147308497446
5.1404E-01 0.101031264084
6.6221E-01 0.106758834394
8.9828E-01 0.258365334144
1.1731E+00 0.268687742006
1.3332E+00 0.26318498115
1.8360E+00 0.296723851238

Chi Squared Value
42049.23061409696
Average Error
0.862963401768