Energy Bin  Efficiency  Uncertainity
6.0327E-02 1.17332E-02 0.0041
8.8348E-02 1.19893E-02 0.0040
1.2213E-01 1.13597E-02 0.0040
1.5936E-01 1.03087E-02 0.0041
3.9236E-01 5.99720E-03 0.0049
5.1404E-01 5.05880E-03 0.0051
6.6221E-01 4.34767E-03 0.0054
8.9828E-01 3.60867E-03 0.0057
1.1731E+00 3.13213E-03 0.0060
1.3332E+00 2.92080E-03 0.0061
1.8360E+00 2.41547E-03 0.0066

Energy Bin   Relative Error
6.0327E-02 5.35420386585
8.8348E-02 0.686737074895
1.2213E-01 0.330891322785
1.5936E-01 0.200555469591
3.9236E-01 0.0270836101153
5.1404E-01 0.0149324572937
6.6221E-01 0.0140375381316
8.9828E-01 0.121925033383
1.1731E+00 0.133052644335
1.3332E+00 0.120093837132
1.8360E+00 0.146178934966

Chi Squared Value
30203.286829333203
Average Error
0.64997198077