Energy Bin  Efficiency  Uncertainity
6.0327E-02 1.17334E-02 0.0041
8.8348E-02 1.19893E-02 0.0040
1.2213E-01 1.13594E-02 0.0040
1.5936E-01 1.03087E-02 0.0041
3.9236E-01 6.00860E-03 0.0049
5.1404E-01 5.07593E-03 0.0051
6.6221E-01 4.36433E-03 0.0054
8.9828E-01 3.63153E-03 0.0057
1.1731E+00 3.15320E-03 0.0060
1.3332E+00 2.94127E-03 0.0061
1.8360E+00 2.43453E-03 0.0065

Energy Bin   Relative Error
6.0327E-02 5.35431217737
8.8348E-02 0.686737074895
1.2213E-01 0.330856175079
1.5936E-01 0.200555469591
3.9236E-01 0.0290359800805
5.1404E-01 0.0115968427198
6.6221E-01 0.0102593915347
8.9828E-01 0.12903214106
1.1731E+00 0.140674747893
1.3332E+00 0.127943851116
1.8360E+00 0.15522320813

Chi Squared Value
30213.270257401156
Average Error
0.652384278134