Energy Bin  Efficiency  Uncertainity
6.0327E-02 1.17330E-02 0.0041
8.8348E-02 1.19889E-02 0.0040
1.2213E-01 1.13585E-02 0.0040
1.5936E-01 1.03085E-02 0.0041
3.9236E-01 6.04787E-03 0.0049
5.1404E-01 5.12173E-03 0.0051
6.6221E-01 4.43067E-03 0.0054
8.9828E-01 3.69973E-03 0.0057
1.1731E+00 3.22613E-03 0.0060
1.3332E+00 3.00940E-03 0.0061
1.8360E+00 2.51007E-03 0.0065

Energy Bin   Relative Error
6.0327E-02 5.35409555432
8.8348E-02 0.686680800148
1.2213E-01 0.330750731961
1.5936E-01 0.200532177508
3.9236E-01 0.0357613808291
5.1404E-01 0.00267850369549
6.6221E-01 0.00478516100041
8.9828E-01 0.150235323196
1.1731E+00 0.167057282894
1.3332E+00 0.154070937231
1.8360E+00 0.191068139654

Chi Squared Value
30246.14130640475
Average Error
0.661610544767