Energy Bin  Efficiency  Uncertainity
6.0327E-02 1.64864E-02 0.0034
8.8348E-02 1.66901E-02 0.0034
1.2213E-01 1.55095E-02 0.0034
1.5936E-01 1.39081E-02 0.0035
3.9236E-01 7.84247E-03 0.0042
5.1404E-01 6.63720E-03 0.0044
6.6221E-01 5.71760E-03 0.0047
8.9828E-01 4.75733E-03 0.0050
1.1731E+00 4.12313E-03 0.0052
1.3332E+00 3.85760E-03 0.0053
1.8360E+00 3.22680E-03 0.0057

Energy Bin   Relative Error
6.0327E-02 7.92833554477
8.8348E-02 1.34807790728
1.2213E-01 0.817077825183
1.5936E-01 0.619743083668
3.9236E-01 0.343105515878
5.1404E-01 0.292419208992
6.6221E-01 0.296634512734
8.9828E-01 0.479040094844
1.1731E+00 0.491548355093
1.3332E+00 0.479346064818
1.8360E+00 0.531167924813

Chi Squared Value
68910.70347891102
Average Error
1.2387723671