Energy Bin  Efficiency  Uncertainity
6.0327E-02 9.66013E-03 0.0045
8.8348E-02 1.02542E-02 0.0043
1.2213E-01 9.84847E-03 0.0043
1.5936E-01 9.02987E-03 0.0044
3.9236E-01 5.30167E-03 0.0052
5.1404E-01 4.47320E-03 0.0054
6.6221E-01 3.83560E-03 0.0057
8.9828E-01 3.18687E-03 0.0060
1.1731E+00 2.75693E-03 0.0063
1.3332E+00 2.57733E-03 0.0065
1.8360E+00 2.12280E-03 0.0069

Energy Bin   Relative Error
6.0327E-02 4.23151701075
8.8348E-02 0.442631289015
1.2213E-01 0.153837096553
1.5936E-01 0.0516223983811
3.9236E-01 0.0920332216301
5.1404E-01 0.128962573726
6.6221E-01 0.130164520595
8.9828E-01 0.00921136287443
1.1731E+00 0.00267650871844
1.3332E+00 0.0116230316163
1.8360E+00 0.00730236481724

Chi Squared Value
18695.95818746415
Average Error
0.47832557988