Energy Bin  Efficiency  Uncertainity
6.0327E-02 1.05831E-02 0.0043
8.8348E-02 1.09265E-02 0.0042
1.2213E-01 1.03866E-02 0.0042
1.5936E-01 9.47027E-03 0.0043
3.9236E-01 5.46907E-03 0.0051
5.1404E-01 4.60093E-03 0.0053
6.6221E-01 3.94567E-03 0.0056
8.9828E-01 3.26287E-03 0.0059
1.1731E+00 2.81040E-03 0.0063
1.3332E+00 2.62940E-03 0.0064
1.8360E+00 2.15613E-03 0.0069

Energy Bin   Relative Error
6.0327E-02 4.7313584472
8.8348E-02 0.537215070842
1.2213E-01 0.216883880141
1.5936E-01 0.102911564698
3.9236E-01 0.0633642100358
5.1404E-01 0.104090533474
6.6221E-01 0.105202900192
8.9828E-01 0.0144168166313
1.1731E+00 0.0166663425976
1.3332E+00 0.00834522574447
1.8360E+00 0.0231179799573

Chi Squared Value
23416.160757618705
Average Error
0.538506633773