Energy Bin  Efficiency  Uncertainity
6.0327E-02 9.66167E-03 0.0045
8.8348E-02 1.02545E-02 0.0043
1.2213E-01 9.85060E-03 0.0043
1.5936E-01 9.03020E-03 0.0044
3.9236E-01 5.30133E-03 0.0052
5.1404E-01 4.47453E-03 0.0054
6.6221E-01 3.83400E-03 0.0057
8.9828E-01 3.18647E-03 0.0060
1.1731E+00 2.75893E-03 0.0063
1.3332E+00 2.57620E-03 0.0065
1.8360E+00 2.12247E-03 0.0069

Energy Bin   Relative Error
6.0327E-02 4.23235100949
8.8348E-02 0.442673495076
1.2213E-01 0.154086645266
1.5936E-01 0.0516608303177
3.9236E-01 0.092091450208
5.1404E-01 0.128703591392
6.6221E-01 0.130527367808
8.9828E-01 0.00933572171393
1.1731E+00 0.00195300577039
1.3332E+00 0.0120563738637
1.8360E+00 0.00714577456833

Chi Squared Value
18703.385882104587
Average Error
0.478416842316