Energy Bin  Efficiency  Uncertainity
6.0327E-02 1.53154E-02 0.0036
8.8348E-02 1.55396E-02 0.0035
1.2213E-01 1.45091E-02 0.0035
1.5936E-01 1.30770E-02 0.0036
3.9236E-01 7.43773E-03 0.0043
5.1404E-01 6.27673E-03 0.0046
6.6221E-01 5.40167E-03 0.0048
8.9828E-01 4.50673E-03 0.0051
1.1731E+00 3.89447E-03 0.0053
1.3332E+00 3.64867E-03 0.0055
1.8360E+00 3.05293E-03 0.0058

Energy Bin   Relative Error
6.0327E-02 7.29417157186
8.8348E-02 1.18621766484
1.2213E-01 0.699871941286
1.5936E-01 0.52295283361
3.9236E-01 0.273789531692
5.1404E-01 0.222227207506
6.6221E-01 0.224988062894
8.9828E-01 0.401129281895
1.1731E+00 0.408830263043
1.3332E+00 0.39922376771
1.8360E+00 0.448663844272

Chi Squared Value
57844.48595040878
Average Error
1.09836963369