Energy Bin  Efficiency  Uncertainity
6.0327E-02 1.42993E-02 0.0037
8.8348E-02 1.45252E-02 0.0036
1.2213E-01 1.36337E-02 0.0037
1.5936E-01 1.23250E-02 0.0038
3.9236E-01 7.06113E-03 0.0045
5.1404E-01 5.95787E-03 0.0047
6.6221E-01 5.12867E-03 0.0049
8.9828E-01 4.26480E-03 0.0052
1.1731E+00 3.69200E-03 0.0055
1.3332E+00 3.45913E-03 0.0056
1.8360E+00 2.89353E-03 0.0060

Energy Bin   Relative Error
6.0327E-02 6.74389487428
8.8348E-02 1.04350490523
1.2213E-01 0.597310934924
1.5936E-01 0.435374602297
3.9236E-01 0.209292818631
5.1404E-01 0.16013765333
6.6221E-01 0.163077257315
8.9828E-01 0.325913946792
1.1731E+00 0.335586442097
1.3332E+00 0.326537316775
1.8360E+00 0.373026008889

Chi Squared Value
49039.625528960656
Average Error
0.973968796414