Energy Bin  Efficiency  Uncertainity
6.0327E-02 1.13565E-02 0.0041
8.8348E-02 1.14598E-02 0.0041
1.2213E-01 1.08237E-02 0.0041
1.5936E-01 9.82327E-03 0.0042
3.9236E-01 5.60800E-03 0.0050
5.1404E-01 4.70773E-03 0.0053
6.6221E-01 4.02740E-03 0.0055
8.9828E-01 3.32087E-03 0.0059
1.1731E+00 2.85673E-03 0.0062
1.3332E+00 2.66613E-03 0.0064
1.8360E+00 2.18020E-03 0.0068

Energy Bin   Relative Error
6.0327E-02 5.15019911043
8.8348E-02 0.612243377919
1.2213E-01 0.26809408791
1.5936E-01 0.144022090832
3.9236E-01 0.0395709855388
5.1404E-01 0.0832940573209
6.6221E-01 0.0866682110351
8.9828E-01 0.0324488483594
1.1731E+00 0.0334262883892
1.3332E+00 0.0224307662258
1.8360E+00 0.0345395778098

Chi Squared Value
27790.71807855424
Average Error
0.591539763797