Energy Bin  Efficiency  Uncertainity
6.0327E-02 1.32061E-02 0.0038
8.8348E-02 1.34337E-02 0.0038
1.2213E-01 1.26759E-02 0.0038
1.5936E-01 1.14694E-02 0.0039
3.9236E-01 6.61613E-03 0.0046
5.1404E-01 5.58380E-03 0.0049
6.6221E-01 4.82120E-03 0.0051
8.9828E-01 3.99353E-03 0.0054
1.1731E+00 3.46847E-03 0.0057
1.3332E+00 3.24633E-03 0.0058
1.8360E+00 2.69533E-03 0.0062

Energy Bin   Relative Error
6.0327E-02 6.1518640842
8.8348E-02 0.889945188044
1.2213E-01 0.48509602529
1.5936E-01 0.335731072097
3.9236E-01 0.133081885779
5.1404E-01 0.0872974114342
6.6221E-01 0.0933493621089
8.9828E-01 0.241576890811
1.1731E+00 0.254724135109
1.3332E+00 0.244930918343
1.8360E+00 0.278976956361

Chi Squared Value
40406.80626358671
Average Error
0.836052175416