Energy Bin  Efficiency  Uncertainity
6.0327E-02 1.30057E-02 0.0039
8.8348E-02 1.32351E-02 0.0038
1.2213E-01 1.24969E-02 0.0038
1.5936E-01 1.13039E-02 0.0039
3.9236E-01 6.52773E-03 0.0047
5.1404E-01 5.52167E-03 0.0049
6.6221E-01 4.75867E-03 0.0051
8.9828E-01 3.95027E-03 0.0055
1.1731E+00 3.42480E-03 0.0057
1.3332E+00 3.20640E-03 0.0059
1.8360E+00 2.65353E-03 0.0063

Energy Bin   Relative Error
6.0327E-02 6.04333593717
8.8348E-02 0.862004775921
1.2213E-01 0.464124560659
1.5936E-01 0.316456873583
3.9236E-01 0.117942455522
5.1404E-01 0.0751992366836
6.6221E-01 0.0791688394978
8.9828E-01 0.228127482319
1.1731E+00 0.238926448238
1.3332E+00 0.229618213975
1.8360E+00 0.259142191499

Chi Squared Value
38920.71260035273
Average Error
0.810367910461