Energy Bin  Efficiency  Uncertainity
6.0327E-02 1.11576E-02 0.0042
8.8348E-02 1.14085E-02 0.0041
1.2213E-01 1.08118E-02 0.0041
1.5936E-01 9.83507E-03 0.0042
3.9236E-01 5.61707E-03 0.0050
5.1404E-01 4.71213E-03 0.0053
6.6221E-01 4.02573E-03 0.0055
8.9828E-01 3.32187E-03 0.0059
1.1731E+00 2.85740E-03 0.0062
1.3332E+00 2.66613E-03 0.0063
1.8360E+00 2.18293E-03 0.0068

Energy Bin   Relative Error
6.0327E-02 5.04248329983
8.8348E-02 0.605026141555
1.2213E-01 0.266699895568
1.5936E-01 0.145396323717
3.9236E-01 0.0380176525928
5.1404E-01 0.0824372736592
6.6221E-01 0.0870469328128
8.9828E-01 0.0327597454582
1.1731E+00 0.0336686618768
1.3332E+00 0.0224307662258
1.8360E+00 0.0358350062326

Chi Squared Value
26651.563786851177
Average Error
0.581072881775