Energy Bin  Efficiency  Uncertainity
6.0327E-02 1.17332E-02 0.0041
8.8348E-02 1.19893E-02 0.0040
1.2213E-01 1.13594E-02 0.0040
1.5936E-01 1.03087E-02 0.0041
3.9236E-01 6.00260E-03 0.0049
5.1404E-01 5.06727E-03 0.0051
6.6221E-01 4.35473E-03 0.0054
8.9828E-01 3.62040E-03 0.0057
1.1731E+00 3.14293E-03 0.0060
1.3332E+00 2.92900E-03 0.0061
1.8360E+00 2.42360E-03 0.0065

Energy Bin   Relative Error
6.0327E-02 5.35420386585
8.8348E-02 0.686737074895
1.2213E-01 0.330856175079
1.5936E-01 0.200555469591
3.9236E-01 0.0280084169409
5.1404E-01 0.0132831487449
6.6221E-01 0.0124364748078
8.9828E-01 0.125571856351
1.1731E+00 0.136959560255
1.3332E+00 0.12323844459
1.8360E+00 0.15003674928

Chi Squared Value
30207.24541587021
Average Error
0.651080657853