Energy Bin  Efficiency  Uncertainity
6.0327E-02 1.07567E-02 0.0043
8.8348E-02 1.10557E-02 0.0042
1.2213E-01 1.04948E-02 0.0042
1.5936E-01 9.56893E-03 0.0043
3.9236E-01 5.50613E-03 0.0051
5.1404E-01 4.62767E-03 0.0053
6.6221E-01 3.96580E-03 0.0056
8.9828E-01 3.27613E-03 0.0059
1.1731E+00 2.82340E-03 0.0062
1.3332E+00 2.63893E-03 0.0064
1.8360E+00 2.16313E-03 0.0069

Energy Bin   Relative Error
6.0327E-02 4.82537285001
8.8348E-02 0.555391814278
1.2213E-01 0.229560486137
1.5936E-01 0.114401549141
3.9236E-01 0.0570172950436
5.1404E-01 0.098883625493
6.6221E-01 0.100637828704
8.9828E-01 0.0185393121609
1.1731E+00 0.02136911176
1.3332E+00 0.0119998731931
1.8360E+00 0.0264395912979

Chi Squared Value
24366.8531864188
Average Error
0.550873939747