Energy Bin  Efficiency  Uncertainity
6.0327E-02 1.15415E-02 0.0041
8.8348E-02 1.17923E-02 0.0040
1.2213E-01 1.11706E-02 0.0041
1.5936E-01 1.01517E-02 0.0042
3.9236E-01 5.82840E-03 0.0049
5.1404E-01 4.88587E-03 0.0052
6.6221E-01 4.18380E-03 0.0054
8.9828E-01 3.44680E-03 0.0058
1.1731E+00 2.97247E-03 0.0061
1.3332E+00 2.77787E-03 0.0062
1.8360E+00 2.27660E-03 0.0067

Energy Bin   Relative Error
6.0327E-02 5.25038727011
8.8348E-02 0.659021761761
1.2213E-01 0.308736552048
1.5936E-01 0.182271184596
3.9236E-01 0.00182516621155
5.1404E-01 0.0486060024349
6.6221E-01 0.0511998960443
8.9828E-01 0.0716001200063
1.1731E+00 0.0752954039927
1.3332E+00 0.0652817951771
1.8360E+00 0.0802829111282

Chi Squared Value
28966.45298564126
Average Error
0.617682551228