Energy Bin  Efficiency  Uncertainity
6.0327E-02 1.08359E-02 0.0042
8.8348E-02 1.11038E-02 0.0041
1.2213E-01 1.05265E-02 0.0042
1.5936E-01 9.59193E-03 0.0043
3.9236E-01 5.51433E-03 0.0051
5.1404E-01 4.63387E-03 0.0053
6.6221E-01 3.97300E-03 0.0056
8.9828E-01 3.28107E-03 0.0059
1.1731E+00 2.82553E-03 0.0062
1.3332E+00 2.64113E-03 0.0064
1.8360E+00 2.16493E-03 0.0069

Energy Bin   Relative Error
6.0327E-02 4.86826421351
8.8348E-02 0.562158852662
1.2213E-01 0.23327442708
1.5936E-01 0.117080138662
3.9236E-01 0.0556129587529
5.1404E-01 0.0976763394243
6.6221E-01 0.0990050162493
8.9828E-01 0.0200751438288
1.1731E+00 0.0221396423996
1.3332E+00 0.0128435483648
1.8360E+00 0.0272937199283

Chi Squared Value
24804.181546870986
Average Error
0.555947636442