Energy Bin  Efficiency  Uncertainity
6.0327E-02 1.20740E-02 0.0040
8.8348E-02 1.23247E-02 0.0039
1.2213E-01 1.16649E-02 0.0040
1.5936E-01 1.05849E-02 0.0041
3.9236E-01 6.14100E-03 0.0048
5.1404E-01 5.19900E-03 0.0051
6.6221E-01 4.46520E-03 0.0053
8.9828E-01 3.72013E-03 0.0056
1.1731E+00 3.22113E-03 0.0059
1.3332E+00 3.00947E-03 0.0061
1.8360E+00 2.48560E-03 0.0065

Energy Bin   Relative Error
6.0327E-02 5.53876670271
8.8348E-02 0.733923450657
1.2213E-01 0.366648255778
1.5936E-01 0.232721835932
3.9236E-01 0.0517108733606
5.1404E-01 0.0123677857457
6.6221E-01 0.0126158573983
8.9828E-01 0.15657762401
1.1731E+00 0.165248525524
1.3332E+00 0.154097781441
1.8360E+00 0.179456735439

Chi Squared Value
32422.172139656777
Average Error
0.691285038908