Energy Bin  Efficiency  Uncertainity
6.0327E-02 1.07083E-02 0.0043
8.8348E-02 1.10144E-02 0.0042
1.2213E-01 1.04559E-02 0.0042
1.5936E-01 9.54100E-03 0.0043
3.9236E-01 5.50340E-03 0.0051
5.1404E-01 4.62987E-03 0.0053
6.6221E-01 3.97040E-03 0.0056
8.9828E-01 3.28067E-03 0.0059
1.1731E+00 2.82900E-03 0.0062
1.3332E+00 2.64633E-03 0.0064
1.8360E+00 2.16873E-03 0.0069

Energy Bin   Relative Error
6.0327E-02 4.79916146121
8.8348E-02 0.5495814466
1.2213E-01 0.225003000247
1.5936E-01 0.111148809778
3.9236E-01 0.0574848362722
5.1404E-01 0.0984552336622
6.6221E-01 0.0995946429691
8.9828E-01 0.0199507849893
1.1731E+00 0.0233949200145
1.3332E+00 0.0148376896799
1.8360E+00 0.0290968803703

Chi Squared Value
24098.029496988423
Average Error
0.547973609617