Energy Bin  Efficiency  Uncertainity
6.0327E-02 9.65867E-03 0.0045
8.8348E-02 1.02520E-02 0.0043
1.2213E-01 9.84853E-03 0.0043
1.5936E-01 9.02907E-03 0.0044
3.9236E-01 5.30367E-03 0.0052
5.1404E-01 4.47287E-03 0.0054
6.6221E-01 3.83493E-03 0.0057
8.9828E-01 3.18667E-03 0.0060
1.1731E+00 2.75713E-03 0.0063
1.3332E+00 2.57980E-03 0.0065
1.8360E+00 2.12247E-03 0.0069

Energy Bin   Relative Error
6.0327E-02 4.23072633663
8.8348E-02 0.442321777904
1.2213E-01 0.153844126094
1.5936E-01 0.0515292300499
3.9236E-01 0.0916907005836
5.1404E-01 0.129026832501
6.6221E-01 0.130316462866
8.9828E-01 0.00927354229418
1.1731E+00 0.00260415842363
1.3332E+00 0.0106758144917
1.8360E+00 0.00714577456833

Chi Squared Value
18688.75185578284
Average Error
0.478104977855