Energy Bin  Efficiency  Uncertainity
6.0327E-02 1.17336E-02 0.0041
8.8348E-02 1.19891E-02 0.0040
1.2213E-01 1.13601E-02 0.0040
1.5936E-01 1.03085E-02 0.0041
3.9236E-01 5.96600E-03 0.0049
5.1404E-01 5.02047E-03 0.0051
6.6221E-01 4.30907E-03 0.0054
8.9828E-01 3.56387E-03 0.0057
1.1731E+00 3.08747E-03 0.0060
1.3332E+00 2.87453E-03 0.0062
1.8360E+00 2.37467E-03 0.0066

Energy Bin   Relative Error
6.0327E-02 5.35442048889
8.8348E-02 0.686708937521
1.2213E-01 0.330938186393
1.5936E-01 0.200532177508
3.9236E-01 0.0217402817895
5.1404E-01 0.0223962113286
6.6221E-01 0.0227912271255
8.9828E-01 0.107996843358
1.1731E+00 0.116896823506
1.3332E+00 0.102349814315
1.8360E+00 0.126818686009

Chi Squared Value
30188.87340290668
Average Error
0.644871788886