Energy Bin  Efficiency  Uncertainity
6.0327E-02 1.07078E-02 0.0043
8.8348E-02 1.10135E-02 0.0042
1.2213E-01 1.04546E-02 0.0042
1.5936E-01 9.53747E-03 0.0043
3.9236E-01 5.49707E-03 0.0051
5.1404E-01 4.62420E-03 0.0053
6.6221E-01 3.96587E-03 0.0056
8.9828E-01 3.27673E-03 0.0059
1.1731E+00 2.82513E-03 0.0062
1.3332E+00 2.64160E-03 0.0064
1.8360E+00 2.16440E-03 0.0069

Energy Bin   Relative Error
6.0327E-02 4.7988906824
8.8348E-02 0.549454828418
1.2213E-01 0.224850693521
1.5936E-01 0.110737704517
3.9236E-01 0.0585689153844
5.1404E-01 0.0995593162444
6.6221E-01 0.100621954139
8.9828E-01 0.0187258504202
1.1731E+00 0.02199494181
1.3332E+00 0.0130237880606
1.8360E+00 0.0270422264982

Chi Squared Value
24095.339403868154
Average Error
0.547588263765