Energy Bin  Efficiency  Uncertainity
6.0327E-02 9.66053E-03 0.0045
8.8348E-02 1.02545E-02 0.0043
1.2213E-01 9.85020E-03 0.0043
1.5936E-01 9.03067E-03 0.0044
3.9236E-01 5.30100E-03 0.0052
5.1404E-01 4.47333E-03 0.0054
6.6221E-01 3.83413E-03 0.0057
8.9828E-01 3.18667E-03 0.0060
1.1731E+00 2.75940E-03 0.0063
1.3332E+00 2.57720E-03 0.0065
1.8360E+00 2.12293E-03 0.0069

Energy Bin   Relative Error
6.0327E-02 4.2317336338
8.8348E-02 0.442673495076
1.2213E-01 0.154039781658
1.5936E-01 0.0517155667123
3.9236E-01 0.0921479661807
5.1404E-01 0.128937259663
6.6221E-01 0.130497886472
8.9828E-01 0.00927354229418
1.1731E+00 0.0017829825776
1.3332E+00 0.0116728851492
1.8360E+00 0.00736405188499

Chi Squared Value
18698.058225400033
Average Error
0.478349004679