Energy Bin  Efficiency  Uncertainity
6.0327E-02 1.12725E-02 0.0042
8.8348E-02 1.15242E-02 0.0041
1.2213E-01 1.09249E-02 0.0041
1.5936E-01 9.93600E-03 0.0042
3.9236E-01 5.68920E-03 0.0050
5.1404E-01 4.76620E-03 0.0052
6.6221E-01 4.07707E-03 0.0055
8.9828E-01 3.36027E-03 0.0059
1.1731E+00 2.89680E-03 0.0062
1.3332E+00 2.70193E-03 0.0063
1.8360E+00 2.21160E-03 0.0068

Energy Bin   Relative Error
6.0327E-02 5.10470827036
8.8348E-02 0.621303612263
1.2213E-01 0.279950580763
1.5936E-01 0.1571506733
3.9236E-01 0.0256646310498
5.1404E-01 0.071908570798
6.6221E-01 0.0754040728919
8.9828E-01 0.0446981940506
1.1731E+00 0.0479216699533
1.3332E+00 0.0361596622027
1.8360E+00 0.0494393772517

Chi Squared Value
27332.197086257696
Average Error
0.592209937716