Energy Bin  Efficiency  Uncertainity
6.0327E-02 1.10622E-02 0.0042
8.8348E-02 1.15223E-02 0.0041
1.2213E-01 1.09715E-02 0.0041
1.5936E-01 9.97640E-03 0.0042
3.9236E-01 5.75440E-03 0.0049
5.1404E-01 4.84227E-03 0.0052
6.6221E-01 4.13333E-03 0.0055
8.9828E-01 3.40807E-03 0.0058
1.1731E+00 2.94407E-03 0.0061
1.3332E+00 2.75593E-03 0.0063
1.8360E+00 2.25347E-03 0.0067

Energy Bin   Relative Error
6.0327E-02 4.99081870289
8.8348E-02 0.621036307213
1.2213E-01 0.285410191109
1.5936E-01 0.161855674025
3.9236E-01 0.014498444933
5.1404E-01 0.0570959496283
6.6221E-01 0.0626454577936
8.9828E-01 0.0595590753713
1.1731E+00 0.0650216621305
1.3332E+00 0.0568680527824
1.8360E+00 0.0693073582272

Chi Squared Value
0.59678842637955
Average Error
0.585828806919