Energy Bin  Efficiency  Uncertainity
6.0327E-02 1.05703E-02 0.0043
8.8348E-02 1.11493E-02 0.0041
1.2213E-01 1.06822E-02 0.0042
1.5936E-01 9.73407E-03 0.0043
3.9236E-01 5.66020E-03 0.0050
5.1404E-01 4.77127E-03 0.0052
6.6221E-01 4.07360E-03 0.0055
8.9828E-01 3.36773E-03 0.0058
1.1731E+00 2.91707E-03 0.0061
1.3332E+00 2.72533E-03 0.0063
1.8360E+00 2.23687E-03 0.0067

Energy Bin   Relative Error
6.0327E-02 4.72442650966
8.8348E-02 0.568560105188
1.2213E-01 0.251516086539
1.5936E-01 0.133633821905
3.9236E-01 0.0306311862245
5.1404E-01 0.0709213223515
6.6221E-01 0.0761909977833
8.9828E-01 0.0470174864073
1.1731E+00 0.0552543723318
1.3332E+00 0.0451332981205
1.8360E+00 0.061430394191

Chi Squared Value
0.5314989172920903
Average Error
0.551337780064