Energy Bin  Efficiency  Uncertainity
6.0327E-02 1.36773E-02 0.0038
8.8348E-02 1.38685E-02 0.0037
1.2213E-01 1.30678E-02 0.0037
1.5936E-01 1.17743E-02 0.0039
3.9236E-01 6.74093E-03 0.0046
5.1404E-01 5.67660E-03 0.0048
6.6221E-01 4.88567E-03 0.0051
8.9828E-01 4.03667E-03 0.0054
1.1731E+00 3.49573E-03 0.0057
1.3332E+00 3.27293E-03 0.0058
1.8360E+00 2.69867E-03 0.0062

Energy Bin   Relative Error
6.0327E-02 6.4070460347
8.8348E-02 0.951115838555
1.2213E-01 0.531010645342
1.5936E-01 0.371239852319
3.9236E-01 0.154455199082
5.1404E-01 0.105367757754
6.6221E-01 0.107969836965
8.9828E-01 0.254988991652
1.1731E+00 0.264585480291
1.3332E+00 0.255131718147
1.8360E+00 0.280561839486

Chi Squared Value
1.0416778906581665
Average Error
0.880315744936