Energy Bin  Efficiency  Uncertainity
6.0327E-02 1.22391E-02 0.0040
8.8348E-02 1.24349E-02 0.0039
1.2213E-01 1.17561E-02 0.0040
1.5936E-01 1.06211E-02 0.0041
3.9236E-01 6.01047E-03 0.0048
5.1404E-01 5.02833E-03 0.0051
6.6221E-01 4.28147E-03 0.0054
8.9828E-01 3.51413E-03 0.0057
1.1731E+00 3.02127E-03 0.0060
1.3332E+00 2.82540E-03 0.0062
1.8360E+00 2.30173E-03 0.0066

Energy Bin   Relative Error
6.0327E-02 5.62817786575
8.8348E-02 0.749427143587
1.2213E-01 0.377333158428
1.5936E-01 0.236937702918
3.9236E-01 0.029356237259
5.1404E-01 0.0208656841511
6.6221E-01 0.0290503415356
8.9828E-01 0.0925328216658
1.1731E+00 0.0929488759251
1.3332E+00 0.0835090137744
1.8360E+00 0.0922074958408

Chi Squared Value
0.7713507547843118
Average Error
0.675667849167