Energy Bin  Efficiency  Uncertainity
6.0327E-02 1.17353E-02 0.0041
8.8348E-02 1.19926E-02 0.0040
1.2213E-01 1.13638E-02 0.0040
1.5936E-01 1.03017E-02 0.0041
3.9236E-01 5.89333E-03 0.0049
5.1404E-01 4.95000E-03 0.0051
6.6221E-01 4.22953E-03 0.0054
8.9828E-01 3.48607E-03 0.0057
1.1731E+00 3.00340E-03 0.0061
1.3332E+00 2.81693E-03 0.0062
1.8360E+00 2.29820E-03 0.0066

Energy Bin   Relative Error
6.0327E-02 5.35534113685
8.8348E-02 0.687201341562
1.2213E-01 0.331371674768
1.5936E-01 0.199740246693
3.9236E-01 0.00929477956394
5.1404E-01 0.0361183805653
6.6221E-01 0.0408292691611
8.9828E-01 0.0838090490746
1.1731E+00 0.0864843770843
1.3332E+00 0.0802608643631
1.8360E+00 0.0905324546933

Chi Squared Value
0.6922342892440674
Average Error
0.636453052216