Energy Bin  Efficiency  Uncertainity
6.0327E-02 1.19002E-02 0.0040
8.8348E-02 1.21371E-02 0.0040
1.2213E-01 1.14929E-02 0.0040
1.5936E-01 1.03967E-02 0.0041
3.9236E-01 5.92313E-03 0.0049
5.1404E-01 4.96080E-03 0.0051
6.6221E-01 4.23280E-03 0.0054
8.9828E-01 3.47880E-03 0.0057
1.1731E+00 2.99320E-03 0.0061
1.3332E+00 2.80333E-03 0.0062
1.8360E+00 2.28640E-03 0.0066

Energy Bin   Relative Error
6.0327E-02 5.44464398837
8.8348E-02 0.707530594089
1.2213E-01 0.346496904288
1.5936E-01 0.210803986021
3.9236E-01 0.0143983431572
5.1404E-01 0.0340153661229
6.6221E-01 0.0400877001712
8.9828E-01 0.0815488271666
1.1731E+00 0.0827945120493
1.3332E+00 0.0750454178467
1.8360E+00 0.084933167005

Chi Squared Value
0.7174528100850278
Average Error
0.647481709662