Energy Bin  Efficiency  Uncertainity
6.0327E-02 1.08070E-02 0.0042
8.8348E-02 1.13334E-02 0.0041
1.2213E-01 1.08225E-02 0.0041
1.5936E-01 9.85693E-03 0.0042
3.9236E-01 5.70860E-03 0.0050
5.1404E-01 4.80673E-03 0.0052
6.6221E-01 4.10353E-03 0.0055
8.9828E-01 3.38640E-03 0.0058
1.1731E+00 2.93073E-03 0.0061
1.3332E+00 2.74207E-03 0.0063
1.8360E+00 2.24507E-03 0.0067

Energy Bin   Relative Error
6.0327E-02 4.85261319829
8.8348E-02 0.594460557715
1.2213E-01 0.267953497085
1.5936E-01 0.147942148367
3.9236E-01 0.0223421768985
5.1404E-01 0.0640164249322
6.6221E-01 0.0694034871205
8.9828E-01 0.0528219352412
1.1731E+00 0.060195897467
1.3332E+00 0.0515528992002
1.8360E+00 0.0653214246185

Chi Squared Value
0.5624933081823424
Average Error
0.568056695176