Energy Bin  Efficiency  Uncertainity
6.0327E-02 1.77937E-02 0.0033
8.8348E-02 1.79239E-02 0.0032
1.2213E-01 1.65538E-02 0.0033
1.5936E-01 1.47603E-02 0.0034
3.9236E-01 8.24560E-03 0.0041
5.1404E-01 6.93427E-03 0.0043
6.6221E-01 5.95907E-03 0.0046
8.9828E-01 4.96900E-03 0.0048
1.1731E+00 4.28720E-03 0.0051
1.3332E+00 4.00160E-03 0.0052
1.8360E+00 3.34027E-03 0.0056

Energy Bin   Relative Error
6.0327E-02 8.63631382127
8.8348E-02 1.52165736588
1.2213E-01 0.939426990072
1.5936E-01 0.718990648462
3.9236E-01 0.412145770621
5.1404E-01 0.350265736808
6.6221E-01 0.351394960438
8.9828E-01 0.544847683739
1.1731E+00 0.550900919437
1.3332E+00 0.534568439697
1.8360E+00 0.585011244643

Chi Squared Value
2.0589723505175277
Average Error
1.3768657801