Energy Bin  Efficiency  Uncertainity
6.0327E-02 1.17887E-02 0.0041
8.8348E-02 1.20355E-02 0.0040
1.2213E-01 1.14036E-02 0.0040
1.5936E-01 1.03281E-02 0.0041
3.9236E-01 5.88900E-03 0.0049
5.1404E-01 4.93807E-03 0.0051
6.6221E-01 4.21687E-03 0.0054
8.9828E-01 3.46567E-03 0.0058
1.1731E+00 2.98453E-03 0.0061
1.3332E+00 2.79613E-03 0.0062
1.8360E+00 2.28133E-03 0.0066

Energy Bin   Relative Error
6.0327E-02 5.38426031375
8.8348E-02 0.693236808229
1.2213E-01 0.336034603776
1.5936E-01 0.202814801622
3.9236E-01 0.00855322149821
5.1404E-01 0.0384414326299
6.6221E-01 0.0437002977275
8.9828E-01 0.0774667482599
1.1731E+00 0.0796581267695
1.3332E+00 0.0722842991028
1.8360E+00 0.0825273713626

Chi Squared Value
0.700145535295837
Average Error
0.638088911339