Energy Bin  Efficiency  Uncertainity
6.0327E-02 1.28676E-02 0.0039
8.8348E-02 1.30707E-02 0.0038
1.2213E-01 1.23449E-02 0.0039
1.5936E-01 1.11373E-02 0.0040
3.9236E-01 6.37653E-03 0.0047
5.1404E-01 5.35813E-03 0.0050
6.6221E-01 4.58613E-03 0.0052
8.9828E-01 3.77713E-03 0.0055
1.1731E+00 3.25987E-03 0.0058
1.3332E+00 3.05020E-03 0.0060
1.8360E+00 2.49840E-03 0.0064

Energy Bin   Relative Error
6.0327E-02 5.96854682986
8.8348E-02 0.838875854706
1.2213E-01 0.446316389575
1.5936E-01 0.297054568614
3.9236E-01 0.0920478644048
5.1404E-01 0.043354145766
6.6221E-01 0.0400403032541
8.9828E-01 0.17429875864
1.1731E+00 0.179262777627
1.3332E+00 0.16971727678
1.8360E+00 0.185530539033

Chi Squared Value
0.8836812749367061
Average Error
0.766822300751