Energy Bin  Efficiency  Uncertainity
6.0327E-02 1.13168E-02 0.0041
8.8348E-02 1.17067E-02 0.0040
1.2213E-01 1.11210E-02 0.0041
1.5936E-01 1.00973E-02 0.0042
3.9236E-01 5.79907E-03 0.0049
5.1404E-01 4.87480E-03 0.0052
6.6221E-01 4.16560E-03 0.0055
8.9828E-01 3.42873E-03 0.0058
1.1731E+00 2.95833E-03 0.0061
1.3332E+00 2.77120E-03 0.0062
1.8360E+00 2.26313E-03 0.0067

Energy Bin   Relative Error
6.0327E-02 5.12869927292
8.8348E-02 0.646978965801
1.2213E-01 0.302925464642
1.5936E-01 0.175935738075
3.9236E-01 0.00684823735886
5.1404E-01 0.0507615922383
6.6221E-01 0.0553272830828
8.9828E-01 0.0659822094317
1.1731E+00 0.07018023815
1.3332E+00 0.0627239254518
1.8360E+00 0.0738911818772

Chi Squared Value
0.6320505276860278
Average Error
0.603659464457