Energy Bin  Efficiency  Uncertainity
6.0327E-02 1.48309E-02 0.0036
8.8348E-02 1.50194E-02 0.0036
1.2213E-01 1.40604E-02 0.0036
1.5936E-01 1.26557E-02 0.0037
3.9236E-01 7.19207E-03 0.0044
5.1404E-01 6.05740E-03 0.0047
6.6221E-01 5.20333E-03 0.0049
8.9828E-01 4.31307E-03 0.0052
1.1731E+00 3.72340E-03 0.0055
1.3332E+00 3.49207E-03 0.0056
1.8360E+00 2.89840E-03 0.0060

Energy Bin   Relative Error
6.0327E-02 7.03178690502
8.8348E-02 1.11303235574
1.2213E-01 0.647302688882
1.5936E-01 0.4738880612
3.9236E-01 0.231717671547
5.1404E-01 0.179518489205
6.6221E-01 0.180008615353
8.9828E-01 0.340920949749
1.1731E+00 0.346945438382
1.3332E+00 0.339169435029
1.8360E+00 0.37533690135

Chi Squared Value
1.2904680335029584
Average Error
1.02360250104