Energy Bin  Efficiency  Uncertainity
6.0327E-02 1.17347E-02 0.0041
8.8348E-02 1.19897E-02 0.0040
1.2213E-01 1.13567E-02 0.0040
1.5936E-01 1.02893E-02 0.0041
3.9236E-01 5.87233E-03 0.0049
5.1404E-01 4.92753E-03 0.0052
6.6221E-01 4.20880E-03 0.0054
8.9828E-01 3.46000E-03 0.0058
1.1731E+00 2.98020E-03 0.0061
1.3332E+00 2.79233E-03 0.0062
1.8360E+00 2.27873E-03 0.0067

Energy Bin   Relative Error
6.0327E-02 5.35501620228
8.8348E-02 0.686793349643
1.2213E-01 0.330539845724
1.5936E-01 0.198296137559
3.9236E-01 0.00569830857541
5.1404E-01 0.0404938189468
6.6221E-01 0.0455304083539
8.9828E-01 0.0757039617099
1.1731E+00 0.0780917428869
1.3332E+00 0.0708270419879
1.8360E+00 0.0812936300075

Chi Squared Value
0.6918516326306148
Average Error
0.633480404334