Energy Bin  Efficiency  Uncertainity
6.0327E-02 1.17353E-02 0.0041
8.8348E-02 1.19923E-02 0.0040
1.2213E-01 1.13619E-02 0.0040
1.5936E-01 1.02994E-02 0.0041
3.9236E-01 5.88447E-03 0.0049
5.1404E-01 4.94413E-03 0.0051
6.6221E-01 4.22667E-03 0.0054
8.9828E-01 3.48093E-03 0.0058
1.1731E+00 2.99773E-03 0.0061
1.3332E+00 2.81313E-03 0.0062
1.8360E+00 2.29287E-03 0.0066

Energy Bin   Relative Error
6.0327E-02 5.35534113685
8.8348E-02 0.687159135501
1.2213E-01 0.33114907263
1.5936E-01 0.199472387741
3.9236E-01 0.00777741132783
5.1404E-01 0.0372614078594
6.6221E-01 0.0414778585529
8.9828E-01 0.082211037987
1.1731E+00 0.0844332462266
1.3332E+00 0.0788036072482
1.8360E+00 0.0880032849154

Chi Squared Value
0.692168854502312
Average Error
0.635735416985