Energy Bin  Efficiency  Uncertainity
6.0327E-02 9.65900E-03 0.0045
8.8348E-02 1.02521E-02 0.0043
1.2213E-01 9.84880E-03 0.0043
1.5936E-01 9.02907E-03 0.0044
3.9236E-01 5.30240E-03 0.0052
5.1404E-01 4.47320E-03 0.0054
6.6221E-01 3.83413E-03 0.0057
8.9828E-01 3.18720E-03 0.0060
1.1731E+00 2.75727E-03 0.0063
1.3332E+00 2.57813E-03 0.0065
1.8360E+00 2.12273E-03 0.0069

Energy Bin   Relative Error
6.0327E-02 4.23090505064
8.8348E-02 0.442335846591
1.2213E-01 0.153875759029
1.5936E-01 0.0515292300499
3.9236E-01 0.0919082014481
5.1404E-01 0.128962573726
6.6221E-01 0.130497886472
8.9828E-01 0.00910876683184
1.1731E+00 0.00255351321727
1.3332E+00 0.0113162406448
1.8360E+00 0.00726914870383

Chi Squared Value
18690.416738982414
Average Error
0.478205656123