Energy Bin  Efficiency  Uncertainity
6.0327E-02 1.18906E-02 0.0040
8.8348E-02 1.18351E-02 0.0040
1.2213E-01 1.11111E-02 0.0041
1.5936E-01 1.00609E-02 0.0042
3.9236E-01 5.70067E-03 0.0050
5.1404E-01 4.78447E-03 0.0052
6.6221E-01 4.08213E-03 0.0055
8.9828E-01 3.35773E-03 0.0059
1.1731E+00 2.88780E-03 0.0062
1.3332E+00 2.69307E-03 0.0063
1.8360E+00 2.19653E-03 0.0068

Energy Bin   Relative Error
6.0327E-02 5.43944503522
8.8348E-02 0.665043159742
1.2213E-01 0.301765590341
1.5936E-01 0.171696579006
3.9236E-01 0.023700272848
5.1404E-01 0.0683509713663
6.6221E-01 0.0742565685834
8.9828E-01 0.0439085154197
1.1731E+00 0.0446659066871
1.3332E+00 0.0327619521928
1.8360E+00 0.0422884225514

Chi Squared Value
31036.982400809396
Average Error
0.627989361269