Energy Bin  Efficiency  Uncertainity
6.0327E-02 1.08057E-02 0.0042
8.8348E-02 1.11049E-02 0.0041
1.2213E-01 1.05333E-02 0.0042
1.5936E-01 9.59900E-03 0.0043
3.9236E-01 5.52227E-03 0.0051
5.1404E-01 4.63893E-03 0.0053
6.6221E-01 3.97300E-03 0.0056
8.9828E-01 3.28247E-03 0.0059
1.1731E+00 2.82727E-03 0.0062
1.3332E+00 2.64273E-03 0.0064
1.8360E+00 2.16500E-03 0.0069

Energy Bin   Relative Error
6.0327E-02 4.85190917339
8.8348E-02 0.562313608218
1.2213E-01 0.234071108418
1.5936E-01 0.117903513789
3.9236E-01 0.0542531501982
5.1404E-01 0.0966910382133
6.6221E-01 0.0990050162493
8.9828E-01 0.020510399767
1.1731E+00 0.0227690899644
1.3332E+00 0.0134571303079
1.8360E+00 0.0273269360417

Chi Squared Value
24641.060577574233
Average Error
0.554564560414