Energy Bin  Efficiency  Uncertainity
6.0327E-02 1.19281E-02 0.0040
8.8348E-02 1.21846E-02 0.0040
1.2213E-01 1.15383E-02 0.0040
1.5936E-01 1.04720E-02 0.0041
3.9236E-01 6.02967E-03 0.0048
5.1404E-01 5.07060E-03 0.0051
6.6221E-01 4.34007E-03 0.0053
8.9828E-01 3.57980E-03 0.0057
1.1731E+00 3.08707E-03 0.0060
1.3332E+00 2.88953E-03 0.0061
1.8360E+00 2.36920E-03 0.0066

Energy Bin   Relative Error
6.0327E-02 5.45975344596
8.8348E-02 0.714213220352
1.2213E-01 0.351815923809
1.5936E-01 0.219573455193
3.9236E-01 0.0326444393057
5.1404E-01 0.0126347192918
6.6221E-01 0.0157610623894
8.9828E-01 0.112949434141
1.1731E+00 0.116752122916
1.3332E+00 0.108102145031
1.8360E+00 0.124223084005

Chi Squared Value
31424.211707503237
Average Error
0.660765732036