Energy Bin  Efficiency  Uncertainity
6.0327E-02 1.28074E-02 0.0039
8.8348E-02 1.30395E-02 0.0038
1.2213E-01 1.23232E-02 0.0039
1.5936E-01 1.11507E-02 0.0040
3.9236E-01 6.44340E-03 0.0047
5.1404E-01 5.44987E-03 0.0049
6.6221E-01 4.69527E-03 0.0052
8.9828E-01 3.89807E-03 0.0055
1.1731E+00 3.37633E-03 0.0058
1.3332E+00 3.16707E-03 0.0059
1.8360E+00 2.61813E-03 0.0063

Energy Bin   Relative Error
6.0327E-02 5.93594506115
8.8348E-02 0.834486424403
1.2213E-01 0.443774038834
1.5936E-01 0.298615138161
3.9236E-01 0.103500055595
5.1404E-01 0.0612180851129
6.6221E-01 0.0647910187151
8.9828E-01 0.211898653764
1.1731E+00 0.221392354292
1.3332E+00 0.214535602837
1.8360E+00 0.242344328434

Chi Squared Value
37480.915156540534
Average Error
0.784772796481