Energy Bin  Efficiency  Uncertainity
6.0327E-02 1.21837E-02 0.0040
8.8348E-02 1.24408E-02 0.0039
1.2213E-01 1.17744E-02 0.0040
1.5936E-01 1.06897E-02 0.0041
3.9236E-01 6.16500E-03 0.0048
5.1404E-01 5.19647E-03 0.0050
6.6221E-01 4.45153E-03 0.0053
8.9828E-01 3.66647E-03 0.0056
1.1731E+00 3.16387E-03 0.0059
1.3332E+00 2.96780E-03 0.0060
1.8360E+00 2.43540E-03 0.0065

Energy Bin   Relative Error
6.0327E-02 5.59817557361
8.8348E-02 0.750257196113
1.2213E-01 0.379477168499
1.5936E-01 0.244926887317
3.9236E-01 0.0558211259189
5.1404E-01 0.0118751351402
6.6221E-01 0.00951578152924
8.9828E-01 0.139894885691
1.1731E+00 0.144534636121
1.3332E+00 0.13811780671
1.8360E+00 0.155636036968

Chi Squared Value
33118.48558193637
Average Error
0.693475657602