Energy Bin  Efficiency  Uncertainity
6.0327E-02 1.23104E-02 0.0040
8.8348E-02 1.25623E-02 0.0039
1.2213E-01 1.18970E-02 0.0039
1.5936E-01 1.07986E-02 0.0040
3.9236E-01 6.23673E-03 0.0048
5.1404E-01 5.25860E-03 0.0050
6.6221E-01 4.50880E-03 0.0053
8.9828E-01 3.71573E-03 0.0056
1.1731E+00 3.20140E-03 0.0059
1.3332E+00 3.00660E-03 0.0060
1.8360E+00 2.47013E-03 0.0064

Energy Bin   Relative Error
6.0327E-02 5.66679092405
8.8348E-02 0.76735065066
1.2213E-01 0.393840864387
1.5936E-01 0.257609426399
3.9236E-01 0.0681056432526
5.1404E-01 0.0239733098908
6.6221E-01 0.0225034439303
8.9828E-01 0.155209676776
1.1731E+00 0.158111168941
1.3332E+00 0.152997168831
1.8360E+00 0.172115974376

Chi Squared Value
33979.28865127808
Average Error
0.712600750136