Energy Bin  Efficiency  Uncertainity
6.0327E-02 1.10883E-02 0.0042
8.8348E-02 1.12731E-02 0.0041
1.2213E-01 1.06737E-02 0.0042
1.5936E-01 9.69693E-03 0.0043
3.9236E-01 5.55720E-03 0.0050
5.1404E-01 4.67167E-03 0.0053
6.6221E-01 4.00047E-03 0.0056
8.9828E-01 3.30020E-03 0.0059
1.1731E+00 2.84153E-03 0.0062
1.3332E+00 2.65467E-03 0.0064
1.8360E+00 2.17313E-03 0.0068

Energy Bin   Relative Error
6.0327E-02 5.00495335677
8.8348E-02 0.585977139533
1.2213E-01 0.250520234866
1.5936E-01 0.12930848213
3.9236E-01 0.0482710201206
5.1404E-01 0.0903157888758
6.6221E-01 0.0927753831752
8.9828E-01 0.0260226053281
1.1731E+00 0.027927665984
1.3332E+00 0.0180359855583
1.8360E+00 0.0311847503558

Chi Squared Value
26229.69498084162
Average Error
0.573208401154