Energy Bin  Efficiency  Uncertainity
6.0327E-02 1.17326E-02 0.0041
8.8348E-02 1.19897E-02 0.0040
1.2213E-01 1.13590E-02 0.0040
1.5936E-01 1.03083E-02 0.0041
3.9236E-01 6.03120E-03 0.0049
5.1404E-01 5.10420E-03 0.0051
6.6221E-01 4.39913E-03 0.0054
8.9828E-01 3.66553E-03 0.0057
1.1731E+00 3.19387E-03 0.0060
1.3332E+00 2.97667E-03 0.0061
1.8360E+00 2.48127E-03 0.0065

Energy Bin   Relative Error
6.0327E-02 5.35387893127
8.8348E-02 0.686793349643
1.2213E-01 0.330809311471
1.5936E-01 0.200508885425
3.9236E-01 0.0329064679063
5.1404E-01 0.0060920076932
6.6221E-01 0.00236746466974
8.9828E-01 0.139602642418
1.1731E+00 0.155387180342
1.3332E+00 0.141519351608
1.8360E+00 0.177402081567

Chi Squared Value
30227.536393839728
Average Error
0.657024334001