Energy Bin  Efficiency  Uncertainity
6.0327E-02 9.66473E-03 0.0045
8.8348E-02 1.02557E-02 0.0043
1.2213E-01 9.85193E-03 0.0043
1.5936E-01 9.02987E-03 0.0044
3.9236E-01 5.30160E-03 0.0052
5.1404E-01 4.47493E-03 0.0054
6.6221E-01 3.83313E-03 0.0057
8.9828E-01 3.18780E-03 0.0060
1.1731E+00 2.76047E-03 0.0063
1.3332E+00 2.57560E-03 0.0065
1.8360E+00 2.12100E-03 0.0069

Energy Bin   Relative Error
6.0327E-02 4.23400817581
8.8348E-02 0.442842319318
1.2213E-01 0.154242466763
1.5936E-01 0.0516223983811
3.9236E-01 0.0920452098667
5.1404E-01 0.128625701968
6.6221E-01 0.130724665979
8.9828E-01 0.00892222857258
1.1731E+00 0.00139590850039
1.3332E+00 0.0122864670923
1.8360E+00 0.00644823618681

Chi Squared Value
18718.029538651757
Average Error
0.478469434403