Energy Bin  Efficiency  Uncertainity
6.0327E-02 1.07074E-02 0.0043
8.8348E-02 1.10128E-02 0.0042
1.2213E-01 1.04526E-02 0.0042
1.5936E-01 9.53413E-03 0.0043
3.9236E-01 5.49133E-03 0.0051
5.1404E-01 4.61813E-03 0.0053
6.6221E-01 3.95920E-03 0.0056
8.9828E-01 3.27120E-03 0.0059
1.1731E+00 2.81853E-03 0.0062
1.3332E+00 2.63553E-03 0.0064
1.8360E+00 2.16100E-03 0.0069

Energy Bin   Relative Error
6.0327E-02 4.79867405935
8.8348E-02 0.54935634761
1.2213E-01 0.22461637548
1.5936E-01 0.110348726734
3.9236E-01 0.0595519507879
5.1404E-01 0.100741288251
6.6221E-01 0.102134573454
8.9828E-01 0.017006589464
1.1731E+00 0.0196073820815
1.3332E+00 0.010696011564
1.8360E+00 0.0254288724185

Chi Squared Value
24093.274632460147
Average Error
0.547105652472