Energy Bin  Efficiency  Uncertainity
6.0327E-02 9.65807E-03 0.0045
8.8348E-02 1.02499E-02 0.0043
1.2213E-01 9.84840E-03 0.0043
1.5936E-01 9.02907E-03 0.0044
3.9236E-01 5.30307E-03 0.0052
5.1404E-01 4.47313E-03 0.0054
6.6221E-01 3.83513E-03 0.0057
8.9828E-01 3.18700E-03 0.0060
1.1731E+00 2.75620E-03 0.0063
1.3332E+00 2.57867E-03 0.0065
1.8360E+00 2.12207E-03 0.0069

Energy Bin   Relative Error
6.0327E-02 4.23040140206
8.8348E-02 0.44202633548
1.2213E-01 0.153828895421
1.5936E-01 0.0515292300499
3.9236E-01 0.0917934568975
5.1404E-01 0.128976204375
6.6221E-01 0.130271106964
8.9828E-01 0.00917094625159
1.1731E+00 0.00294058729447
1.3332E+00 0.011109156739
1.8360E+00 0.00695596820601

Chi Squared Value
18685.648006122934
Average Error
0.478091208158