Energy Bin  Efficiency  Uncertainity
6.0327E-02 9.66027E-03 0.0045
8.8348E-02 1.02539E-02 0.0043
1.2213E-01 9.84880E-03 0.0043
1.5936E-01 9.03040E-03 0.0044
3.9236E-01 5.30093E-03 0.0052
5.1404E-01 4.47413E-03 0.0054
6.6221E-01 3.83593E-03 0.0057
8.9828E-01 3.18633E-03 0.0060
1.1731E+00 2.75740E-03 0.0063
1.3332E+00 2.57673E-03 0.0065
1.8360E+00 2.12280E-03 0.0069

Energy Bin   Relative Error
6.0327E-02 4.23159282882
8.8348E-02 0.442589082955
1.2213E-01 0.153875759029
1.5936E-01 0.0516841224005
3.9236E-01 0.0921599544173
5.1404E-01 0.128781480816
6.6221E-01 0.130089683358
8.9828E-01 0.00937924730776
1.1731E+00 0.00250648552565
1.3332E+00 0.011853124845
1.8360E+00 0.00730236481724

Chi Squared Value
18696.56083240192
Average Error
0.478346739481