Energy Bin  Efficiency  Uncertainity
6.0327E-02 1.09031E-02 0.0042
8.8348E-02 1.11893E-02 0.0041
1.2213E-01 1.06151E-02 0.0042
1.5936E-01 9.66633E-03 0.0043
3.9236E-01 5.54880E-03 0.0050
5.1404E-01 4.65867E-03 0.0053
6.6221E-01 3.98780E-03 0.0056
8.9828E-01 3.29433E-03 0.0059
1.1731E+00 2.83707E-03 0.0062
1.3332E+00 2.64987E-03 0.0064
1.8360E+00 2.17033E-03 0.0068

Energy Bin   Relative Error
6.0327E-02 4.90465688556
8.8348E-02 0.574187579936
1.2213E-01 0.243654716277
1.5936E-01 0.125744793463
3.9236E-01 0.049709608516
5.1404E-01 0.0928471951491
6.6221E-01 0.0956486795366
8.9828E-01 0.0241976393583
1.1731E+00 0.0263142544099
1.3332E+00 0.016195239729
1.8360E+00 0.0298561058196

Chi Squared Value
25189.55363697786
Average Error
0.562092063433