Energy Bin  Efficiency  Uncertainity
6.0327E-02 1.07086E-02 0.0043
8.8348E-02 1.10154E-02 0.0042
1.2213E-01 1.04587E-02 0.0042
1.5936E-01 9.54453E-03 0.0043
3.9236E-01 5.51773E-03 0.0051
5.1404E-01 4.64227E-03 0.0053
6.6221E-01 3.97933E-03 0.0056
8.9828E-01 3.29160E-03 0.0059
1.1731E+00 2.83913E-03 0.0062
1.3332E+00 2.65607E-03 0.0064
1.8360E+00 2.17800E-03 0.0068

Energy Bin   Relative Error
6.0327E-02 4.79932392849
8.8348E-02 0.549722133469
1.2213E-01 0.225331045504
1.5936E-01 0.11155991504
3.9236E-01 0.0550306729738
5.1404E-01 0.0960406615246
6.6221E-01 0.0975695019661
8.9828E-01 0.0233488902787
1.1731E+00 0.0270594624464
1.3332E+00 0.0185728697585
1.8360E+00 0.033495642817

Chi Squared Value
24099.598832647418
Average Error
0.548823156752