Energy Bin  Efficiency  Uncertainity
6.0327E-02 1.14105E-02 0.0041
8.8348E-02 1.16623E-02 0.0040
1.2213E-01 1.10519E-02 0.0041
1.5936E-01 1.00473E-02 0.0042
3.9236E-01 5.75847E-03 0.0049
5.1404E-01 4.82900E-03 0.0052
6.6221E-01 4.12940E-03 0.0055
8.9828E-01 3.40600E-03 0.0058
1.1731E+00 2.93180E-03 0.0061
1.3332E+00 2.73800E-03 0.0063
1.8360E+00 2.24440E-03 0.0067

Energy Bin   Relative Error
6.0327E-02 5.1794432219
8.8348E-02 0.640732468831
1.2213E-01 0.29482977634
1.5936E-01 0.170112717376
3.9236E-01 0.0138014146034
5.1404E-01 0.0596799312626
6.6221E-01 0.0635367012585
8.9828E-01 0.0589155183769
1.1731E+00 0.0605829715442
1.3332E+00 0.0499921001325
1.8360E+00 0.0650034989617

Chi Squared Value
28163.083843570523
Average Error
0.605148210963