Energy Bin  Efficiency  Uncertainity
6.0327E-02 1.26041E-02 0.0039
8.8348E-02 1.28485E-02 0.0038
1.2213E-01 1.21485E-02 0.0039
1.5936E-01 1.10115E-02 0.0040
3.9236E-01 6.36607E-03 0.0047
5.1404E-01 5.39013E-03 0.0050
6.6221E-01 4.62973E-03 0.0052
8.9828E-01 3.85027E-03 0.0055
1.1731E+00 3.33353E-03 0.0058
1.3332E+00 3.13087E-03 0.0059
1.8360E+00 2.58573E-03 0.0063

Energy Bin   Relative Error
6.0327E-02 5.82584639702
8.8348E-02 0.807615232481
1.2213E-01 0.42330635799
1.5936E-01 0.282403848535
3.9236E-01 0.0902564793315
5.1404E-01 0.0495852996694
6.6221E-01 0.0499278897861
8.9828E-01 0.197037772443
1.1731E+00 0.205909391204
1.3332E+00 0.200653311374
1.8360E+00 0.226970013086

Chi Squared Value
36043.79208461493
Average Error
0.75995563572