Energy Bin  Efficiency  Uncertainity
6.0327E-02 9.87773E-03 0.0044
8.8348E-02 1.04213E-02 0.0043
1.2213E-01 9.97513E-03 0.0043
1.5936E-01 9.14167E-03 0.0044
3.9236E-01 5.34433E-03 0.0051
5.1404E-01 4.50720E-03 0.0054
6.6221E-01 3.86160E-03 0.0057
8.9828E-01 3.20413E-03 0.0060
1.1731E+00 2.77127E-03 0.0063
1.3332E+00 2.59093E-03 0.0064
1.8360E+00 2.13013E-03 0.0069

Energy Bin   Relative Error
6.0327E-02 4.34935994884
8.8348E-02 0.466140064775
1.2213E-01 0.168676458063
1.5936E-01 0.064642672664
3.9236E-01 0.0847272477077
5.1404E-01 0.122341972704
6.6221E-01 0.124268253398
8.9828E-01 0.00384527894983
1.1731E+00 0.00251100741907
1.3332E+00 0.00640758509998
1.8360E+00 0.0107805664067

Chi Squared Value
19759.940930643428
Average Error
0.491245550548