Energy Bin  Efficiency  Uncertainity
6.0327E-02 1.01039E-02 0.0044
8.8348E-02 1.05921E-02 0.0042
1.2213E-01 1.01113E-02 0.0043
1.5936E-01 9.24967E-03 0.0044
3.9236E-01 5.38520E-03 0.0051
5.1404E-01 4.53773E-03 0.0054
6.6221E-01 3.88980E-03 0.0056
8.9828E-01 3.22380E-03 0.0060
1.1731E+00 2.78453E-03 0.0063
1.3332E+00 2.60353E-03 0.0064
1.8360E+00 2.13767E-03 0.0069

Energy Bin   Relative Error
6.0327E-02 4.47184403574
8.8348E-02 0.490169381949
1.2213E-01 0.184630001855
1.5936E-01 0.0772203973738
3.9236E-01 0.0777278301219
5.1404E-01 0.116397062433
6.6221E-01 0.117873071283
8.9828E-01 0.00227006698278
1.1731E+00 0.00730783196463
1.3332E+00 0.00157562729806
1.8360E+00 0.0143584163364

Chi Squared Value
20898.51760056691
Average Error
0.505579429394