Energy Bin  Efficiency  Uncertainity
6.0327E-02 1.17328E-02 0.0041
8.8348E-02 1.19893E-02 0.0040
1.2213E-01 1.13588E-02 0.0040
1.5936E-01 1.03084E-02 0.0041
3.9236E-01 6.03993E-03 0.0049
5.1404E-01 5.11300E-03 0.0051
6.6221E-01 4.41353E-03 0.0054
8.9828E-01 3.68280E-03 0.0057
1.1731E+00 3.20920E-03 0.0060
1.3332E+00 2.99027E-03 0.0061
1.8360E+00 2.49707E-03 0.0065

Energy Bin   Relative Error
6.0327E-02 5.3539872428
8.8348E-02 0.686737074895
1.2213E-01 0.330785879667
1.5936E-01 0.200520531466
3.9236E-01 0.0344015722744
5.1404E-01 0.00437844036976
6.6221E-01 0.000898160239905
8.9828E-01 0.144971835314
1.1731E+00 0.160932830438
1.3332E+00 0.146734798124
1.8360E+00 0.184899432878

Chi Squared Value
30236.523001485002
Average Error
0.659022527133