Energy Bin  Efficiency  Uncertainity
6.0327E-02 1.09975E-02 0.0042
8.8348E-02 1.12717E-02 0.0041
1.2213E-01 1.06932E-02 0.0042
1.5936E-01 9.73600E-03 0.0043
3.9236E-01 5.57580E-03 0.0050
5.1404E-01 4.67913E-03 0.0053
6.6221E-01 4.00340E-03 0.0056
8.9828E-01 3.30407E-03 0.0059
1.1731E+00 2.84547E-03 0.0062
1.3332E+00 2.65673E-03 0.0064
1.8360E+00 2.17580E-03 0.0068

Energy Bin   Relative Error
6.0327E-02 4.95577992488
8.8348E-02 0.585780177917
1.2213E-01 0.252804835762
1.5936E-01 0.133858590504
3.9236E-01 0.0450855743879
5.1404E-01 0.0888631511221
6.6221E-01 0.0921109192179
8.9828E-01 0.0272257771003
1.1731E+00 0.0293529667917
1.3332E+00 0.0188259723101
1.8360E+00 0.0324517078243

Chi Squared Value
25727.35103439548
Average Error
0.569285417984