Energy Bin  Efficiency  Uncertainity
6.0327E-02 1.11362E-02 0.0042
8.8348E-02 1.13887E-02 0.0041
1.2213E-01 1.07982E-02 0.0041
1.5936E-01 9.82127E-03 0.0042
3.9236E-01 5.61173E-03 0.0050
5.1404E-01 4.70787E-03 0.0053
6.6221E-01 4.02233E-03 0.0055
8.9828E-01 3.31947E-03 0.0059
1.1731E+00 2.85573E-03 0.0062
1.3332E+00 2.66493E-03 0.0064
1.8360E+00 2.18227E-03 0.0068

Energy Bin   Relative Error
6.0327E-02 5.03089396676
8.8348E-02 0.602240541554
1.2213E-01 0.265106532892
1.5936E-01 0.143789170004
3.9236E-01 0.038932183787
5.1404E-01 0.0832667960226
6.6221E-01 0.0878179831387
8.9828E-01 0.0320135924212
1.1731E+00 0.0330645369152
1.3332E+00 0.0219705797685
1.8360E+00 0.0355218257347

Chi Squared Value
26526.89774800791
Average Error
0.579510700818