Energy Bin  Efficiency  Uncertainity
6.0327E-02 9.65933E-03 0.0045
8.8348E-02 1.02540E-02 0.0043
1.2213E-01 9.84867E-03 0.0043
1.5936E-01 9.02973E-03 0.0044
3.9236E-01 5.30187E-03 0.0052
5.1404E-01 4.47353E-03 0.0054
6.6221E-01 3.83473E-03 0.0057
8.9828E-01 3.18653E-03 0.0060
1.1731E+00 2.75740E-03 0.0063
1.3332E+00 2.57767E-03 0.0065
1.8360E+00 2.12347E-03 0.0069

Energy Bin   Relative Error
6.0327E-02 4.23108376466
8.8348E-02 0.442603151641
1.2213E-01 0.153860528357
1.5936E-01 0.0516060939231
3.9236E-01 0.0919989695254
5.1404E-01 0.128898314952
6.6221E-01 0.130361818767
8.9828E-01 0.00931706788801
1.1731E+00 0.00250648552565
1.3332E+00 0.0114926454534
1.8360E+00 0.00762029047412

Chi Squared Value
18692.19805720541
Average Error
0.478304466469