Energy Bin  Efficiency  Uncertainity
6.0327E-02 1.19017E-02 0.0040
8.8348E-02 1.21534E-02 0.0040
1.2213E-01 1.15145E-02 0.0040
1.5936E-01 1.04487E-02 0.0041
3.9236E-01 6.07113E-03 0.0048
5.1404E-01 5.13473E-03 0.0051
6.6221E-01 4.40700E-03 0.0053
8.9828E-01 3.66800E-03 0.0057
1.1731E+00 3.18073E-03 0.0059
1.3332E+00 2.97200E-03 0.0061
1.8360E+00 2.45280E-03 0.0065

Energy Bin   Relative Error
6.0327E-02 5.4454563248
8.8348E-02 0.709823790049
1.2213E-01 0.349027539126
1.5936E-01 0.216859927548
3.9236E-01 0.0397449006002
5.1404E-01 0.000147097422225
6.6221E-01 0.000582709944814
8.9828E-01 0.140370558252
1.1731E+00 0.150633765973
1.3332E+00 0.139728459311
1.8360E+00 0.163892613729

Chi Squared Value
31291.048771497746
Average Error
0.668751607887