Energy Bin  Efficiency  Uncertainity
6.0327E-02 1.10495E-02 0.0042
8.8348E-02 1.13187E-02 0.0041
1.2213E-01 1.07385E-02 0.0041
1.5936E-01 9.76953E-03 0.0043
3.9236E-01 5.59033E-03 0.0050
5.1404E-01 4.69180E-03 0.0053
6.6221E-01 4.00947E-03 0.0055
8.9828E-01 3.31027E-03 0.0059
1.1731E+00 2.84953E-03 0.0062
1.3332E+00 2.65953E-03 0.0064
1.8360E+00 2.17893E-03 0.0068

Energy Bin   Relative Error
6.0327E-02 4.98394092112
8.8348E-02 0.592392460745
1.2213E-01 0.258112139381
1.5936E-01 0.137763508185
3.9236E-01 0.0425971589849
5.1404E-01 0.0863960036235
6.6221E-01 0.0907343676066
8.9828E-01 0.0291533391126
1.1731E+00 0.0308216777762
1.3332E+00 0.0198997407105
1.8360E+00 0.0339369426094

Chi Squared Value
26026.524554473348
Average Error
0.573249841805