Energy Bin  Efficiency  Uncertainity
6.0327E-02 1.11025E-02 0.0042
8.8348E-02 1.13669E-02 0.0041
1.2213E-01 1.07717E-02 0.0041
1.5936E-01 9.80160E-03 0.0042
3.9236E-01 5.60293E-03 0.0050
5.1404E-01 4.70040E-03 0.0053
6.6221E-01 4.01747E-03 0.0055
8.9828E-01 3.31540E-03 0.0059
1.1731E+00 2.85340E-03 0.0062
1.3332E+00 2.66267E-03 0.0064
1.8360E+00 2.18067E-03 0.0068

Energy Bin   Relative Error
6.0327E-02 5.01264347497
8.8348E-02 0.599173567817
1.2213E-01 0.262001818855
1.5936E-01 0.141498393662
3.9236E-01 0.0404392763917
5.1404E-01 0.0847213810119
6.6221E-01 0.0889201315457
8.9828E-01 0.0307482412292
1.1731E+00 0.0322216559807
1.3332E+00 0.0211038952738
1.8360E+00 0.0347626002855

Chi Squared Value
26332.594208786275
Average Error
0.577112221548