Energy Bin  Efficiency  Uncertainity
6.0327E-02 1.47914E-02 0.0036
8.8348E-02 1.50139E-02 0.0035
1.2213E-01 1.40560E-02 0.0036
1.5936E-01 1.26909E-02 0.0037
3.9236E-01 7.24893E-03 0.0044
5.1404E-01 6.11280E-03 0.0046
6.6221E-01 5.26853E-03 0.0049
8.9828E-01 4.38073E-03 0.0052
1.1731E+00 3.79073E-03 0.0054
1.3332E+00 3.54620E-03 0.0056
1.8360E+00 2.97607E-03 0.0059

Energy Bin   Relative Error
6.0327E-02 7.01039537903
8.8348E-02 1.11225857796
1.2213E-01 0.646787189192
1.5936E-01 0.477987467772
3.9236E-01 0.2414555449
5.1404E-01 0.1903061744
6.6221E-01 0.19479463925
8.9828E-01 0.361956247451
1.1731E+00 0.371302165128
1.3332E+00 0.359927679142
1.8360E+00 0.412192551753

Chi Squared Value
53208.537285272745
Average Error
1.03448760145