Energy Bin  Efficiency  Uncertainity
8.8348E-02 1.30697E-02 0.0038
1.2213E-01 1.23444E-02 0.0039
1.5936E-01 1.11374E-02 0.0040
3.9236E-01 6.42073E-03 0.0047
5.1404E-01 5.41613E-03 0.0050
6.6221E-01 4.64353E-03 0.0052
8.9828E-01 3.84767E-03 0.0055
1.1731E+00 3.32980E-03 0.0058
1.3332E+00 3.11840E-03 0.0060
1.8360E+00 2.56293E-03 0.0064

Energy Bin   Relative Error
8.8348E-02 0.838735167838
1.2213E-01 0.446257810064
1.5936E-01 0.297066214655
3.9236E-01 0.0996175795331
5.1404E-01 0.0546481122159
6.6221E-01 0.0530574469911
8.9828E-01 0.196229439986
1.1731E+00 0.204560058206
1.3332E+00 0.195871207105
1.8360E+00 0.216151050434

Chi Squared Value
0.09577888775341516
Average Error
0.260219408703