Energy Bin  Efficiency  Uncertainity
8.8348E-02 1.22821E-02 0.0039
1.2213E-01 1.16237E-02 0.0040
1.5936E-01 1.05100E-02 0.0041
3.9236E-01 5.96627E-03 0.0049
5.1404E-01 4.99393E-03 0.0051
6.6221E-01 4.25767E-03 0.0054
8.9828E-01 3.49440E-03 0.0057
1.1731E+00 3.00753E-03 0.0060
1.3332E+00 2.81533E-03 0.0062
1.8360E+00 2.29427E-03 0.0066

Energy Bin   Relative Error
8.8348E-02 0.72793019005
1.2213E-01 0.361821304142
1.5936E-01 0.223998950925
3.9236E-01 0.0217865221308
5.1404E-01 0.0275641745973
6.6221E-01 0.0344476938168
8.9828E-01 0.0863988219073
1.1731E+00 0.087978410672
1.3332E+00 0.07964728242
1.8360E+00 0.0886676071836

Chi Squared Value
0.06486079329120992
Average Error
0.174024095784