Energy Bin  Efficiency  Uncertainity
8.8348E-02 1.43171E-02 0.0036
1.2213E-01 1.34493E-02 0.0037
1.5936E-01 1.21017E-02 0.0038
3.9236E-01 6.91367E-03 0.0045
5.1404E-01 5.83193E-03 0.0048
6.6221E-01 5.00560E-03 0.0050
8.9828E-01 4.14653E-03 0.0053
1.1731E+00 3.58240E-03 0.0056
1.3332E+00 3.35640E-03 0.0057
1.8360E+00 2.77267E-03 0.0061

Energy Bin   Relative Error
8.8348E-02 1.01422796785
1.2213E-01 0.575706811582
1.5936E-01 0.409368991856
3.9236E-01 0.184038741871
5.1404E-01 0.135614168248
6.6221E-01 0.135167503313
8.9828E-01 0.289144146922
1.1731E+00 0.295938480544
1.3332E+00 0.287141521141
1.8360E+00 0.315676016515

Chi Squared Value
0.15466102446564786
Average Error
0.364202434985