Energy Bin  Efficiency  Uncertainity
8.8348E-02 1.57863E-02 0.0035
1.2213E-01 1.47360E-02 0.0035
1.5936E-01 1.32264E-02 0.0036
3.9236E-01 7.49067E-03 0.0043
5.1404E-01 6.29113E-03 0.0046
6.6221E-01 5.40700E-03 0.0048
8.9828E-01 4.49607E-03 0.0051
1.1731E+00 3.87753E-03 0.0054
1.3332E+00 3.63853E-03 0.0055
1.8360E+00 3.03420E-03 0.0059

Energy Bin   Relative Error
8.8348E-02 1.22092511535
1.2213E-01 0.726455322989
1.5936E-01 0.540352019459
3.9236E-01 0.282856063794
5.1404E-01 0.225031226762
6.6221E-01 0.226196797669
8.9828E-01 0.397815118822
1.1731E+00 0.402702193073
1.3332E+00 0.395335192146
1.8360E+00 0.439776161357

Chi Squared Value
0.24398924737089683
Average Error
0.485744521142