Energy Bin  Efficiency  Uncertainity
8.8348E-02 1.30695E-02 0.0038
1.2213E-01 1.23438E-02 0.0039
1.5936E-01 1.11369E-02 0.0040
3.9236E-01 6.46267E-03 0.0047
5.1404E-01 5.46620E-03 0.0049
6.6221E-01 4.71367E-03 0.0052
8.9828E-01 3.92200E-03 0.0055
1.1731E+00 3.40580E-03 0.0058
1.3332E+00 3.18947E-03 0.0059
1.8360E+00 2.63960E-03 0.0063

Energy Bin   Relative Error
8.8348E-02 0.838707030464
1.2213E-01 0.446187514652
1.5936E-01 0.297007984448
3.9236E-01 0.106800245879
5.1404E-01 0.0643979208392
6.6221E-01 0.0689637616552
8.9828E-01 0.219338421337
1.1731E+00 0.232053170232
1.3332E+00 0.22312575004
1.8360E+00 0.252532184931

Chi Squared Value
0.09760039409589166
Average Error
0.274911398448