Energy Bin  Efficiency  Uncertainity
8.8348E-02 1.29051E-02 0.0038
1.2213E-01 1.20899E-02 0.0039
1.5936E-01 1.08686E-02 0.0040
3.9236E-01 6.10513E-03 0.0048
5.1404E-01 5.10693E-03 0.0051
6.6221E-01 4.34413E-03 0.0053
8.9828E-01 3.55307E-03 0.0057
1.1731E+00 3.05380E-03 0.0060
1.3332E+00 2.85340E-03 0.0061
1.8360E+00 2.31853E-03 0.0066

Energy Bin   Relative Error
8.8348E-02 0.81557810925
1.2213E-01 0.416440839401
1.5936E-01 0.265761655378
3.9236E-01 0.0455677583911
5.1404E-01 0.00556041237582
6.6221E-01 0.0148403375885
8.9828E-01 0.104639154692
1.1731E+00 0.104716651375
1.3332E+00 0.0942466977787
1.8360E+00 0.100179363058

Chi Squared Value
0.08325359767927629
Average Error
0.196753097929