Energy Bin  Efficiency  Uncertainity
8.8348E-02 1.23343E-02 0.0039
1.2213E-01 1.16733E-02 0.0040
1.5936E-01 1.05479E-02 0.0041
3.9236E-01 5.98220E-03 0.0049
5.1404E-01 5.00640E-03 0.0051
6.6221E-01 4.26413E-03 0.0054
8.9828E-01 3.50133E-03 0.0057
1.1731E+00 3.01207E-03 0.0060
1.3332E+00 2.81833E-03 0.0062
1.8360E+00 2.29760E-03 0.0066

Energy Bin   Relative Error
8.8348E-02 0.735274044596
1.2213E-01 0.367632391548
1.5936E-01 0.228412800614
3.9236E-01 0.0245147022664
5.1404E-01 0.0251359718105
6.6221E-01 0.0329826981976
8.9828E-01 0.0885533388017
1.1731E+00 0.0896207623641
1.3332E+00 0.0807977485633
1.8360E+00 0.0902477451498

Chi Squared Value
0.0664501599194514
Average Error
0.176317220391