Energy Bin  Efficiency  Uncertainity
8.8348E-02 1.34605E-02 0.0038
1.2213E-01 1.26998E-02 0.0038
1.5936E-01 1.14495E-02 0.0039
3.9236E-01 6.56900E-03 0.0046
5.1404E-01 5.53827E-03 0.0049
6.6221E-01 4.75660E-03 0.0051
8.9828E-01 3.93487E-03 0.0055
1.1731E+00 3.39833E-03 0.0057
1.3332E+00 3.18720E-03 0.0059
1.8360E+00 2.62407E-03 0.0063

Energy Bin   Relative Error
8.8348E-02 0.893715596125
1.2213E-01 0.487896125875
1.5936E-01 0.333413509858
3.9236E-01 0.125010377317
5.1404E-01 0.078431647771
6.6221E-01 0.0786994059171
8.9828E-01 0.223339666998
1.1731E+00 0.229350886721
1.3332E+00 0.222255230658
1.8360E+00 0.245162952914

Chi Squared Value
0.11250166374641676
Average Error
0.291727540016