Energy Bin  Efficiency  Uncertainity
8.8348E-02 1.11485E-02 0.0041
1.2213E-01 1.06807E-02 0.0042
1.5936E-01 9.73387E-03 0.0043
3.9236E-01 5.66047E-03 0.0050
5.1404E-01 4.77067E-03 0.0052
6.6221E-01 4.07273E-03 0.0055
8.9828E-01 3.36693E-03 0.0058
1.1731E+00 2.91573E-03 0.0061
1.3332E+00 2.72660E-03 0.0063
1.8360E+00 2.23700E-03 0.0067

Energy Bin   Relative Error
8.8348E-02 0.568447555693
1.2213E-01 0.251340348008
1.5936E-01 0.133610529823
3.9236E-01 0.0305849458832
5.1404E-01 0.0710381564872
6.6221E-01 0.076388295955
8.9828E-01 0.0467687687283
1.1731E+00 0.0547696253566
1.3332E+00 0.0456203287879
1.8360E+00 0.0614920812588

Chi Squared Value
0.03690165780169339
Average Error
0.134006063598