Energy Bin  Efficiency  Uncertainity
8.8348E-02 1.34287E-02 0.0038
1.2213E-01 1.26791E-02 0.0038
1.5936E-01 1.14405E-02 0.0039
3.9236E-01 6.52333E-03 0.0047
5.1404E-01 5.47240E-03 0.0049
6.6221E-01 4.68033E-03 0.0052
8.9828E-01 3.84620E-03 0.0055
1.1731E+00 3.30293E-03 0.0058
1.3332E+00 3.10467E-03 0.0059
1.8360E+00 2.53060E-03 0.0063

Energy Bin   Relative Error
8.8348E-02 0.889241753701
1.2213E-01 0.485470934155
1.5936E-01 0.332365366133
3.9236E-01 0.11718890922
5.1404E-01 0.065605206908
6.6221E-01 0.0614029328713
8.9828E-01 0.195772421251
1.1731E+00 0.194839796099
1.3332E+00 0.190605907056
1.8360E+00 0.2008099512

Chi Squared Value
0.10929211634785668
Average Error
0.273330317859