Energy Bin  Efficiency  Uncertainity
8.8348E-02 1.30699E-02 0.0038
1.2213E-01 1.23447E-02 0.0039
1.5936E-01 1.11373E-02 0.0040
3.9236E-01 6.43120E-03 0.0047
5.1404E-01 5.42900E-03 0.0050
6.6221E-01 4.66240E-03 0.0052
8.9828E-01 3.86873E-03 0.0055
1.1731E+00 3.35027E-03 0.0058
1.3332E+00 3.13760E-03 0.0059
1.8360E+00 2.58687E-03 0.0063

Energy Bin   Relative Error
8.8348E-02 0.838763305211
1.2213E-01 0.44629295777
1.5936E-01 0.297054568614
3.9236E-01 0.101410677212
5.1404E-01 0.0571542044265
6.6221E-01 0.0573367762998
8.9828E-01 0.202776932886
1.1731E+00 0.211965110879
1.3332E+00 0.203234190422
1.8360E+00 0.227510961219

Chi Squared Value
0.09627549683484043
Average Error
0.264349968494