Energy Bin  Efficiency  Uncertainity
8.8348E-02 1.11470E-02 0.0041
1.2213E-01 1.06797E-02 0.0042
1.5936E-01 9.73293E-03 0.0043
3.9236E-01 5.66133E-03 0.0050
5.1404E-01 4.77060E-03 0.0052
6.6221E-01 4.07460E-03 0.0055
8.9828E-01 3.36727E-03 0.0058
1.1731E+00 2.91500E-03 0.0061
1.3332E+00 2.72687E-03 0.0063
1.8360E+00 2.23727E-03 0.0067

Energy Bin   Relative Error
8.8348E-02 0.56823652539
1.2213E-01 0.251223188988
1.5936E-01 0.133501057034
3.9236E-01 0.0304376618332
5.1404E-01 0.0710517871363
6.6221E-01 0.0759642182757
8.9828E-01 0.0468744737419
1.1731E+00 0.0545055467806
1.3332E+00 0.0457238707408
1.8360E+00 0.0616202005534

Chi Squared Value
0.03686834417183278
Average Error
0.133913853047