Energy Bin  Efficiency  Uncertainity
8.8348E-02 1.11481E-02 0.0041
1.2213E-01 1.06808E-02 0.0042
1.5936E-01 9.73327E-03 0.0043
3.9236E-01 5.66007E-03 0.0050
5.1404E-01 4.77053E-03 0.0052
6.6221E-01 4.07533E-03 0.0055
8.9828E-01 3.36733E-03 0.0058
1.1731E+00 2.91520E-03 0.0061
1.3332E+00 2.72680E-03 0.0063
1.8360E+00 2.23740E-03 0.0067

Energy Bin   Relative Error
8.8348E-02 0.568391280945
1.2213E-01 0.25135206391
1.5936E-01 0.133540653574
3.9236E-01 0.0306534500925
5.1404E-01 0.0710654177855
6.6221E-01 0.0757986692352
8.9828E-01 0.0468931275678
1.1731E+00 0.0545778970754
1.3332E+00 0.0456970265308
1.8360E+00 0.0616818876211

Chi Squared Value
0.03689122968620583
Average Error
0.133965147434