Energy Bin  Efficiency  Uncertainity
8.8348E-02 1.22349E-02 0.0039
1.2213E-01 1.15851E-02 0.0040
1.5936E-01 1.04702E-02 0.0041
3.9236E-01 5.95173E-03 0.0049
5.1404E-01 4.98367E-03 0.0051
6.6221E-01 4.24733E-03 0.0054
8.9828E-01 3.48913E-03 0.0057
1.1731E+00 3.00280E-03 0.0061
1.3332E+00 2.81220E-03 0.0062
1.8360E+00 2.29227E-03 0.0066

Energy Bin   Relative Error
8.8348E-02 0.721289769848
1.2213E-01 0.357298965958
1.5936E-01 0.219363826448
3.9236E-01 0.0192963941225
5.1404E-01 0.0295620383175
6.6221E-01 0.0367925939256
8.9828E-01 0.0847603941968
1.1731E+00 0.0862673261999
1.3332E+00 0.0784469627438
1.8360E+00 0.087718575372

Chi Squared Value
0.06347292767626846
Average Error
0.172079684713