Energy Bin  Efficiency  Uncertainity
8.8348E-02 1.25631E-02 0.0039
1.2213E-01 1.18734E-02 0.0039
1.5936E-01 1.07223E-02 0.0041
3.9236E-01 6.07900E-03 0.0048
5.1404E-01 5.08287E-03 0.0051
6.6221E-01 4.33200E-03 0.0053
8.9828E-01 3.56107E-03 0.0057
1.1731E+00 3.06160E-03 0.0060
1.3332E+00 2.86320E-03 0.0061
1.8360E+00 2.33687E-03 0.0066

Energy Bin   Relative Error
8.8348E-02 0.767463200155
1.2213E-01 0.391075911508
1.5936E-01 0.248723496812
3.9236E-01 0.0410927209183
5.1404E-01 0.0102454612169
6.6221E-01 0.0175911730159
8.9828E-01 0.107126331482
1.1731E+00 0.107538312873
1.3332E+00 0.0980048871802
1.8360E+00 0.10888198477

Chi Squared Value
0.07384656399519705
Average Error
0.189774347993