Energy Bin  Efficiency  Uncertainity
8.8348E-02 1.30703E-02 0.0038
1.2213E-01 1.23457E-02 0.0039
1.5936E-01 1.11372E-02 0.0040
3.9236E-01 6.39400E-03 0.0047
5.1404E-01 5.38020E-03 0.0050
6.6221E-01 4.60907E-03 0.0052
8.9828E-01 3.80140E-03 0.0055
1.1731E+00 3.28607E-03 0.0058
1.3332E+00 3.07273E-03 0.0060
1.8360E+00 2.51847E-03 0.0064

Energy Bin   Relative Error
8.8348E-02 0.838819579959
1.2213E-01 0.446410116791
1.5936E-01 0.297042922573
3.9236E-01 0.0950397857462
5.1404E-01 0.0476516947238
6.6221E-01 0.0452426251588
8.9828E-01 0.181844231227
1.1731E+00 0.188740666247
1.3332E+00 0.178357277516
1.8360E+00 0.195054073262

Chi Squared Value
0.0948154825285721
Average Error
0.25142029732