Energy Bin  Efficiency  Uncertainity
6.0327E-02 1.15389E-02 0.0041
8.8348E-02 1.21093E-02 0.0040
1.2213E-01 1.17013E-02 0.0040
1.5936E-01 1.05695E-02 0.0041
3.9236E-01 6.16487E-03 0.0048
5.1404E-01 5.19140E-03 0.0050
6.6221E-01 4.45580E-03 0.0053
8.9828E-01 3.68867E-03 0.0056
1.1731E+00 3.18260E-03 0.0059
1.3332E+00 2.97680E-03 0.0060
1.8360E+00 2.43453E-03 0.0064

Energy Bin   Relative Error
6.0327E-02 4.72823095194
8.8348E-02 0.561651207544
1.2213E-01 0.256670107106
1.5936E-01 0.128350983427
3.9236E-01 0.0321843764534
5.1404E-01 0.0733527705309
6.6221E-01 0.0737228808088
8.9828E-01 0.0512304011764
1.1731E+00 0.055367721127
1.3332E+00 0.0464384380454
1.8360E+00 0.0589546074526

Chi Squared Value
0.5317768754802442
Average Error
0.551468585965