Energy Bin  Efficiency  Uncertainity
6.0327E-02 2.02207E-02 0.0031
8.8348E-02 2.02546E-02 0.0030
1.2213E-01 1.87905E-02 0.0031
1.5936E-01 1.65611E-02 0.0032
3.9236E-01 9.25000E-03 0.0039
5.1404E-01 7.73553E-03 0.0041
6.6221E-01 6.67980E-03 0.0043
8.9828E-01 5.58960E-03 0.0045
1.1731E+00 4.81280E-03 0.0048
1.3332E+00 4.49053E-03 0.0049
1.8360E+00 3.73347E-03 0.0053

Energy Bin   Relative Error
6.0327E-02 9.03811798437
8.8348E-02 1.61209322986
1.2213E-01 1.01802018986
1.5936E-01 0.767986515126
3.9236E-01 0.452146520171
5.1404E-01 0.380765774738
6.6221E-01 0.388604942047
8.9828E-01 0.592974554627
1.1731E+00 0.595951036335
1.3332E+00 0.578561945443
1.8360E+00 0.623958323901

Chi Squared Value
2.275574604213532
Average Error
1.45901645604