Energy Bin  Efficiency  Uncertainity
6.0327E-02 1.28230E-02 0.0039
8.8348E-02 1.30172E-02 0.0038
1.2213E-01 1.24487E-02 0.0038
1.5936E-01 1.11871E-02 0.0040
3.9236E-01 6.42707E-03 0.0047
5.1404E-01 5.38620E-03 0.0049
6.6221E-01 4.62360E-03 0.0052
8.9828E-01 3.81733E-03 0.0055
1.1731E+00 3.28180E-03 0.0058
1.3332E+00 3.07080E-03 0.0059
1.8360E+00 2.50153E-03 0.0063

Energy Bin   Relative Error
6.0327E-02 5.36569391335
8.8348E-02 0.678736681628
1.2213E-01 0.336937704557
1.5936E-01 0.194283105794
3.9236E-01 0.00897809031301
5.1404E-01 0.0385816335927
6.6221E-01 0.0388404128793
8.9828E-01 0.0878970868424
1.1731E+00 0.0882629884983
1.3332E+00 0.0794823822728
1.8360E+00 0.0880977926667

Chi Squared Value
0.6938919948236549
Average Error
0.636890162945