Energy Bin  Efficiency  Uncertainity
6.0327E-02 1.40605E-02 0.0037
8.8348E-02 1.41883E-02 0.0037
1.2213E-01 1.35223E-02 0.0037
1.5936E-01 1.21067E-02 0.0038
3.9236E-01 7.01233E-03 0.0045
5.1404E-01 5.91300E-03 0.0048
6.6221E-01 5.11107E-03 0.0050
8.9828E-01 4.25727E-03 0.0053
1.1731E+00 3.68293E-03 0.0056
1.3332E+00 3.44367E-03 0.0057
1.8360E+00 2.84167E-03 0.0061

Energy Bin   Relative Error
6.0327E-02 5.98002333843
8.8348E-02 0.829765207568
1.2213E-01 0.452237801725
1.5936E-01 0.292455352765
3.9236E-01 0.100857363004
5.1404E-01 0.055450373281
6.6221E-01 0.0624954431493
8.9828E-01 0.213275150669
1.1731E+00 0.221279909876
1.3332E+00 0.210557866146
1.8360E+00 0.236049479513

Chi Squared Value
0.888169181841943
Average Error
0.786767935102