Energy Bin  Efficiency  Uncertainity
6.0327E-02 1.20819E-02 0.0040
8.8348E-02 1.25057E-02 0.0039
1.2213E-01 1.20221E-02 0.0039
1.5936E-01 1.08263E-02 0.0040
3.9236E-01 6.26620E-03 0.0047
5.1404E-01 5.26380E-03 0.0050
6.6221E-01 4.51853E-03 0.0052
8.9828E-01 3.73320E-03 0.0055
1.1731E+00 3.21580E-03 0.0059
1.3332E+00 3.00693E-03 0.0060
1.8360E+00 2.45300E-03 0.0064

Energy Bin   Relative Error
6.0327E-02 4.99779125725
8.8348E-02 0.612772126067
1.2213E-01 0.291122669673
1.5936E-01 0.155765764877
3.9236E-01 0.0162767000329
5.1404E-01 0.0604296169666
6.6221E-01 0.0606824921722
8.9828E-01 0.0639209616669
1.1731E+00 0.0663770243198
1.3332E+00 0.0570300767642
1.8360E+00 0.0669885571676

Chi Squared Value
0.5976344277940222
Average Error
0.58628702245