Energy Bin  Efficiency  Uncertainity
6.0327E-02 1.46117E-02 0.0036
8.8348E-02 1.47351E-02 0.0036
1.2213E-01 1.40339E-02 0.0036
1.5936E-01 1.25601E-02 0.0037
3.9236E-01 7.17947E-03 0.0044
5.1404E-01 6.02147E-03 0.0047
6.6221E-01 5.16780E-03 0.0049
8.9828E-01 4.26633E-03 0.0052
1.1731E+00 3.65980E-03 0.0055
1.3332E+00 3.42167E-03 0.0056
1.8360E+00 2.79327E-03 0.0060

Energy Bin   Relative Error
6.0327E-02 6.25365435184
8.8348E-02 0.900282155722
1.2213E-01 0.50718147694
1.5936E-01 0.340858241822
3.9236E-01 0.127096473208
5.1404E-01 0.0748118990699
6.6221E-01 0.074288544494
8.9828E-01 0.215857151074
1.1731E+00 0.213609874248
1.3332E+00 0.202824177072
1.8360E+00 0.214996790493

Chi Squared Value
0.9815599488706939
Average Error
0.829587375999