Energy Bin  Efficiency  Uncertainity
6.0327E-02 1.36132E-02 0.0038
8.8348E-02 1.35556E-02 0.0037
1.2213E-01 1.28869E-02 0.0038
1.5936E-01 1.15117E-02 0.0039
3.9236E-01 6.54973E-03 0.0046
5.1404E-01 5.46233E-03 0.0049
6.6221E-01 4.68473E-03 0.0051
8.9828E-01 3.84453E-03 0.0055
1.1731E+00 3.30007E-03 0.0058
1.3332E+00 3.08193E-03 0.0059
1.8360E+00 2.50547E-03 0.0063

Energy Bin   Relative Error
6.0327E-02 5.75797117532
8.8348E-02 0.748170340894
1.2213E-01 0.383998530357
1.5936E-01 0.228935901974
3.9236E-01 0.0282343381145
5.1404E-01 0.0249926877247
6.6221E-01 0.0261326341872
8.9828E-01 0.0956487878381
1.1731E+00 0.0943214213095
1.3332E+00 0.0833949258819
1.8360E+00 0.0898115859464

Chi Squared Value
0.8040905762333668
Average Error
0.687419302687