Energy Bin  Efficiency  Uncertainity
6.0327E-02 1.39830E-02 0.0037
8.8348E-02 1.41111E-02 0.0037
1.2213E-01 1.34523E-02 0.0037
1.5936E-01 1.20421E-02 0.0038
3.9236E-01 6.85107E-03 0.0045
5.1404E-01 5.73740E-03 0.0048
6.6221E-01 4.92400E-03 0.0050
8.9828E-01 4.05413E-03 0.0053
1.1731E+00 3.47700E-03 0.0056
1.3332E+00 3.24693E-03 0.0058
1.8360E+00 2.65173E-03 0.0062

Energy Bin   Relative Error
6.0327E-02 5.94155018251
8.8348E-02 0.819809266826
1.2213E-01 0.444720097923
1.5936E-01 0.285558955251
3.9236E-01 0.0755413470214
5.1404E-01 0.0241063709898
6.6221E-01 0.0236071042007
8.9828E-01 0.155382483747
1.1731E+00 0.152992385584
1.3332E+00 0.141397593941
1.8360E+00 0.153430724296

Chi Squared Value
0.8716130390391553
Average Error
0.747099682935