Energy Bin  Efficiency  Uncertainity
6.0327E-02 1.40609E-02 0.0037
8.8348E-02 1.41879E-02 0.0037
1.2213E-01 1.35225E-02 0.0037
1.5936E-01 1.21068E-02 0.0038
3.9236E-01 7.02140E-03 0.0045
5.1404E-01 5.92520E-03 0.0048
6.6221E-01 5.13040E-03 0.0050
8.9828E-01 4.27593E-03 0.0053
1.1731E+00 3.70433E-03 0.0055
1.3332E+00 3.45833E-03 0.0057
1.8360E+00 2.86287E-03 0.0060

Energy Bin   Relative Error
6.0327E-02 5.98022190955
8.8348E-02 0.829713622382
1.2213E-01 0.452259280879
1.5936E-01 0.292466028303
3.9236E-01 0.102281251538
5.1404E-01 0.0576280317545
6.6221E-01 0.0665137870413
8.9828E-01 0.218593045543
1.1731E+00 0.228376267958
1.3332E+00 0.21571131532
1.8360E+00 0.245270905283

Chi Squared Value
0.8886554904275814
Average Error
0.789912313232