Energy Bin  Efficiency  Uncertainity
6.0327E-02 1.79732E-02 0.0033
8.8348E-02 1.80546E-02 0.0032
1.2213E-01 1.69442E-02 0.0033
1.5936E-01 1.50337E-02 0.0034
3.9236E-01 8.50167E-03 0.0040
5.1404E-01 7.12580E-03 0.0043
6.6221E-01 6.13593E-03 0.0045
8.9828E-01 5.13107E-03 0.0048
1.1731E+00 4.40567E-03 0.0050
1.3332E+00 4.12433E-03 0.0051
1.8360E+00 3.42980E-03 0.0055

Energy Bin   Relative Error
6.0327E-02 7.92239646287
8.8348E-02 1.32837471131
1.2213E-01 0.819735382294
1.5936E-01 0.604928348507
3.9236E-01 0.334667081745
5.1404E-01 0.271931045142
6.6221E-01 0.275544585475
8.9828E-01 0.462298545157
1.1731E+00 0.460944481851
1.3332E+00 0.449831175485
1.8360E+00 0.491870099215

Chi Squared Value
1.691965100269293
Average Error
1.22022926537