Energy Bin  Efficiency  Uncertainity
6.0327E-02 1.26716E-02 0.0039
8.8348E-02 1.29075E-02 0.0038
1.2213E-01 1.23633E-02 0.0039
1.5936E-01 1.11031E-02 0.0040
3.9236E-01 6.37247E-03 0.0047
5.1404E-01 5.34133E-03 0.0049
6.6221E-01 4.58273E-03 0.0052
8.9828E-01 3.77827E-03 0.0055
1.1731E+00 3.24560E-03 0.0058
1.3332E+00 3.03840E-03 0.0059
1.8360E+00 2.47447E-03 0.0064

Energy Bin   Relative Error
6.0327E-02 5.29053474167
8.8348E-02 0.66458944459
1.2213E-01 0.327766105919
1.5936E-01 0.185315653918
3.9236E-01 0.000406501123676
5.1404E-01 0.0465907758639
6.6221E-01 0.0473365181491
8.9828E-01 0.0767654162213
1.1731E+00 0.0762588687519
1.3332E+00 0.068092767454
1.8360E+00 0.0763274256235

Chi Squared Value
0.6733862926064902
Average Error
0.623634929025