Energy Bin  Efficiency  Uncertainity
6.0327E-02 1.36692E-02 0.0038
8.8348E-02 1.37999E-02 0.0037
1.2213E-01 1.31581E-02 0.0037
1.5936E-01 1.17767E-02 0.0039
3.9236E-01 6.69367E-03 0.0046
5.1404E-01 5.60053E-03 0.0048
6.6221E-01 4.79493E-03 0.0051
8.9828E-01 3.95753E-03 0.0054
1.1731E+00 3.38527E-03 0.0057
1.3332E+00 3.16447E-03 0.0058
1.8360E+00 2.58220E-03 0.0063

Energy Bin   Relative Error
6.0327E-02 5.78577113315
8.8348E-02 0.779675992748
1.2213E-01 0.413124262801
1.5936E-01 0.257226077536
3.9236E-01 0.0508313078565
5.1404E-01 0.000324458130987
6.6221E-01 0.00322412425975
8.9828E-01 0.127852545651
1.1731E+00 0.122574211431
1.3332E+00 0.112410321164
1.8360E+00 0.12318705761

Chi Squared Value
0.8199921996524332
Average Error
0.706927408394