Energy Bin  Efficiency  Uncertainity
6.0327E-02 1.56948E-02 0.0035
8.8348E-02 1.57804E-02 0.0035
1.2213E-01 1.49597E-02 0.0035
1.5936E-01 1.33329E-02 0.0036
3.9236E-01 7.63320E-03 0.0043
5.1404E-01 6.42027E-03 0.0045
6.6221E-01 5.51833E-03 0.0048
8.9828E-01 4.59540E-03 0.0050
1.1731E+00 3.95667E-03 0.0053
1.3332E+00 3.71007E-03 0.0054
1.8360E+00 3.06313E-03 0.0058

Energy Bin   Relative Error
6.0327E-02 6.79133532178
8.8348E-02 1.03508714092
1.2213E-01 0.606608479509
1.5936E-01 0.423358799085
3.9236E-01 0.198327007326
5.1404E-01 0.145996341631
6.6221E-01 0.147157146898
8.9828E-01 0.309638483672
1.1731E+00 0.312053604333
1.3332E+00 0.304205810212
1.8360E+00 0.332378580969

Chi Squared Value
1.1873706124355754
Average Error
0.964195156031