Energy Bin  Efficiency  Uncertainity
6.0327E-02 1.29805E-02 0.0039
8.8348E-02 1.31216E-02 0.0038
1.2213E-01 1.25324E-02 0.0038
1.5936E-01 1.12425E-02 0.0040
3.9236E-01 6.43333E-03 0.0047
5.1404E-01 5.37893E-03 0.0049
6.6221E-01 4.61600E-03 0.0052
8.9828E-01 3.79993E-03 0.0055
1.1731E+00 3.26427E-03 0.0058
1.3332E+00 3.05280E-03 0.0059
1.8360E+00 2.48540E-03 0.0064

Energy Bin   Relative Error
6.0327E-02 5.44388129472
8.8348E-02 0.692200414963
1.2213E-01 0.345926730389
1.5936E-01 0.200197353818
3.9236E-01 0.00996084028234
5.1404E-01 0.039879303847
6.6221E-01 0.0404203101157
8.9828E-01 0.0829382781171
1.1731E+00 0.0824499437703
1.3332E+00 0.0731548184846
1.8360E+00 0.0810816795696

Chi Squared Value
0.7149514264199829
Average Error
0.644735542553