Energy Bin  Efficiency  Uncertainity
6.0327E-02 1.64877E-02 0.0034
8.8348E-02 1.65625E-02 0.0034
1.2213E-01 1.56518E-02 0.0034
1.5936E-01 1.39337E-02 0.0035
3.9236E-01 7.96093E-03 0.0042
5.1404E-01 6.65960E-03 0.0044
6.6221E-01 5.73933E-03 0.0047
8.9828E-01 4.78613E-03 0.0049
1.1731E+00 4.11693E-03 0.0052
1.3332E+00 3.86053E-03 0.0053
1.8360E+00 3.20007E-03 0.0057

Energy Bin   Relative Error
6.0327E-02 7.18495293887
8.8348E-02 1.13594907426
1.2213E-01 0.680937090956
1.5936E-01 0.487497431077
3.9236E-01 0.249776951008
5.1404E-01 0.188715931998
6.6221E-01 0.193098895482
8.9828E-01 0.363994437015
1.1731E+00 0.365196704625
1.3332E+00 0.357097212855
1.8360E+00 0.391943771763

Chi Squared Value
1.3518864582106422
Average Error
1.0544691309