Energy Bin  Efficiency  Uncertainity
6.0327E-02 1.59425E-02 0.0035
8.8348E-02 1.60329E-02 0.0034
1.2213E-01 1.51802E-02 0.0035
1.5936E-01 1.35421E-02 0.0036
3.9236E-01 7.73767E-03 0.0043
5.1404E-01 6.49940E-03 0.0045
6.6221E-01 5.59067E-03 0.0047
8.9828E-01 4.66440E-03 0.0050
1.1731E+00 4.01287E-03 0.0053
1.3332E+00 3.75880E-03 0.0054
1.8360E+00 3.11187E-03 0.0058

Energy Bin   Relative Error
6.0327E-02 6.91430049236
8.8348E-02 1.06765028907
1.2213E-01 0.630289246485
1.5936E-01 0.445692024473
3.9236E-01 0.21472762862
5.1404E-01 0.160120777288
6.6221E-01 0.162195274013
8.9828E-01 0.329302725169
1.1731E+00 0.330689834437
1.3332E+00 0.321335931512
1.8360E+00 0.35357916078

Chi Squared Value
1.2381273332497988
Average Error
0.993625762201