Energy Bin  Efficiency  Uncertainity
6.0327E-02 2.37703E-02 0.0028
8.8348E-02 2.44788E-02 0.0028
1.2213E-01 2.36907E-02 0.0028
1.5936E-01 2.16327E-02 0.0029
3.9236E-01 1.22829E-02 0.0034
5.1404E-01 1.02475E-02 0.0036
6.6221E-01 8.68767E-03 0.0038
8.9828E-01 7.16713E-03 0.0041
1.1731E+00 6.08513E-03 0.0043
1.3332E+00 5.61120E-03 0.0044
1.8360E+00 4.59253E-03 0.0048

Energy Bin   Relative Error
6.0327E-02 6.47624641182
8.8348E-02 0.898740978811
1.2213E-01 0.441961353888
1.5936E-01 0.30675758334
3.9236E-01 0.077063456281
5.1404E-01 0.0478096713421
6.6221E-01 0.0372264902869
8.9828E-01 0.304394469052
1.1731E+00 0.331955976806
1.3332E+00 0.307414208992
1.8360E+00 0.356964056287

Chi Squared Value
1.6553120331513158
Average Error
0.871503150628