Energy Bin  Efficiency  Uncertainity
6.0327E-02 2.10934E-02 0.0030
8.8348E-02 2.17115E-02 0.0030
1.2213E-01 2.09135E-02 0.0030
1.5936E-01 1.90195E-02 0.0031
3.9236E-01 1.05036E-02 0.0037
5.1404E-01 8.75300E-03 0.0039
6.6221E-01 7.35593E-03 0.0041
8.9828E-01 6.00820E-03 0.0044
1.1731E+00 5.07147E-03 0.0047
1.3332E+00 4.65827E-03 0.0048
1.8360E+00 3.81180E-03 0.0052

Energy Bin   Relative Error
6.0327E-02 5.6343065112
8.8348E-02 0.684090509398
1.2213E-01 0.272923922659
1.5936E-01 0.148903089135
3.9236E-01 0.0789598776028
5.1404E-01 0.105003361478
6.6221E-01 0.121770801988
8.9828E-01 0.0934729590449
1.1731E+00 0.110078959314
1.3332E+00 0.0853807362631
1.8360E+00 0.126280196265

Chi Squared Value
1.1995342684395134
Average Error
0.67828826585