Energy Bin  Efficiency  Uncertainity
6.0327E-02 2.54693E-02 0.0028
8.8348E-02 2.63826E-02 0.0027
1.2213E-01 2.56439E-02 0.0027
1.5936E-01 2.35385E-02 0.0028
3.9236E-01 1.34659E-02 0.0033
5.1404E-01 1.12637E-02 0.0034
6.6221E-01 9.55667E-03 0.0036
8.9828E-01 7.92113E-03 0.0039
1.1731E+00 6.71133E-03 0.0041
1.3332E+00 6.18000E-03 0.0042
1.8360E+00 5.06140E-03 0.0045

Energy Bin   Relative Error
6.0327E-02 7.01061672493
8.8348E-02 1.04641255893
1.2213E-01 0.560845089549
1.5936E-01 0.421880457615
3.9236E-01 0.180798410468
5.1404E-01 0.151716398643
6.6221E-01 0.140976957335
8.9828E-01 0.441620029306
1.1731E+00 0.469023029223
1.3332E+00 0.439945076199
1.8360E+00 0.495502016207

Chi Squared Value
2.0129903782313985
Average Error
1.03266697713