Energy Bin  Efficiency  Uncertainity
6.0327E-02 2.60531E-02 0.0027
8.8348E-02 2.70333E-02 0.0026
1.2213E-01 2.63143E-02 0.0026
1.5936E-01 2.42138E-02 0.0027
3.9236E-01 1.38947E-02 0.0032
5.1404E-01 1.16381E-02 0.0034
6.6221E-01 9.87093E-03 0.0036
8.9828E-01 8.18807E-03 0.0038
1.1731E+00 6.94273E-03 0.0040
1.3332E+00 6.39533E-03 0.0041
1.8360E+00 5.23507E-03 0.0045

Energy Bin   Relative Error
6.0327E-02 7.1942337872
8.8348E-02 1.09688524366
1.2213E-01 0.60164974672
1.5936E-01 0.462673026089
3.9236E-01 0.218399043059
5.1404E-01 0.18999890081
6.6221E-01 0.178496660182
8.9828E-01 0.490202245559
1.1731E+00 0.519673485833
1.3332E+00 0.490117143069
1.8360E+00 0.546816639662

Chi Squared Value
2.148537193595917
Average Error
1.08992235653