Energy Bin  Efficiency  Uncertainity
6.0327E-02 2.63501E-02 0.0027
8.8348E-02 2.73682E-02 0.0026
1.2213E-01 2.66556E-02 0.0026
1.5936E-01 2.45534E-02 0.0027
3.9236E-01 1.41184E-02 0.0032
5.1404E-01 1.18361E-02 0.0034
6.6221E-01 1.00399E-02 0.0035
8.9828E-01 8.32447E-03 0.0038
1.1731E+00 7.06227E-03 0.0040
1.3332E+00 6.50200E-03 0.0041
1.8360E+00 5.31867E-03 0.0044

Energy Bin   Relative Error
6.0327E-02 7.28764637283
8.8348E-02 1.12286234849
1.2213E-01 0.622423358732
1.5936E-01 0.483187103172
3.9236E-01 0.238014858149
5.1404E-01 0.21024445484
6.6221E-01 0.198670096796
8.9828E-01 0.515026604204
1.1731E+00 0.545839240298
1.3332E+00 0.514971340687
1.8360E+00 0.571518099447

Chi Squared Value
2.219968665214182
Average Error
1.11912762524