Energy Bin  Efficiency  Uncertainity
6.0327E-02 2.20907E-02 0.0030
8.8348E-02 2.26768E-02 0.0029
1.2213E-01 2.18308E-02 0.0029
1.5936E-01 1.98483E-02 0.0030
3.9236E-01 1.10211E-02 0.0036
5.1404E-01 9.16600E-03 0.0038
6.6221E-01 7.72587E-03 0.0040
8.9828E-01 6.31980E-03 0.0043
1.1731E+00 5.32907E-03 0.0045
1.3332E+00 4.89507E-03 0.0047
1.8360E+00 3.99013E-03 0.0051

Energy Bin   Relative Error
6.0327E-02 5.94797779623
8.8348E-02 0.758965693918
1.2213E-01 0.32875642866
1.5936E-01 0.198968068776
3.9236E-01 0.0335813156487
5.1404E-01 0.0627739987781
6.6221E-01 0.077603428248
8.9828E-01 0.150183150789
1.1731E+00 0.166464255869
1.3332E+00 0.140555330769
1.8360E+00 0.178971719273

Chi Squared Value
1.3517527159810754
Average Error
0.73134556245