Energy Bin  Efficiency  Uncertainity
6.0327E-02 2.34858E-02 0.0029
8.8348E-02 2.41747E-02 0.0028
1.2213E-01 2.33833E-02 0.0028
1.5936E-01 2.13336E-02 0.0029
3.9236E-01 1.20935E-02 0.0034
5.1404E-01 1.00915E-02 0.0036
6.6221E-01 8.55027E-03 0.0038
8.9828E-01 7.04960E-03 0.0041
1.1731E+00 5.98260E-03 0.0043
1.3332E+00 5.51653E-03 0.0045
1.8360E+00 4.51987E-03 0.0048

Energy Bin   Relative Error
6.0327E-02 6.38676533232
8.8348E-02 0.875152929901
1.2213E-01 0.423251103867
1.5936E-01 0.288689973047
3.9236E-01 0.060455341046
5.1404E-01 0.0318586287727
6.6221E-01 0.0208222162105
8.9828E-01 0.283004389348
1.1731E+00 0.309513490564
1.3332E+00 0.285356021231
1.8360E+00 0.335495060259

Chi Squared Value
1.6010740983101073
Average Error
0.845487680597