Energy Bin  Efficiency  Uncertainity
6.0327E-02 2.21098E-02 0.0030
8.8348E-02 2.27042E-02 0.0029
1.2213E-01 2.18673E-02 0.0029
1.5936E-01 1.98929E-02 0.0030
3.9236E-01 1.11833E-02 0.0036
5.1404E-01 9.34533E-03 0.0038
6.6221E-01 7.91060E-03 0.0040
8.9828E-01 6.50260E-03 0.0043
1.1731E+00 5.51120E-03 0.0045
1.3332E+00 5.07287E-03 0.0047
1.8360E+00 4.16533E-03 0.0050

Energy Bin   Relative Error
6.0327E-02 5.95398513759
8.8348E-02 0.76109102289
1.2213E-01 0.330978042603
1.5936E-01 0.201662202574
3.9236E-01 0.0193583151677
5.1404E-01 0.0444374573425
6.6221E-01 0.055548395132
8.9828E-01 0.183452159296
1.1731E+00 0.206330148965
1.3332E+00 0.181982876812
1.8360E+00 0.230738414899

Chi Squared Value
1.3574345391385572
Average Error
0.742687652116