Energy Bin  Efficiency  Uncertainity
6.0327E-02 2.13491E-02 0.0030
8.8348E-02 2.18841E-02 0.0029
1.2213E-01 2.10585E-02 0.0030
1.5936E-01 1.91324E-02 0.0031
3.9236E-01 1.05463E-02 0.0037
5.1404E-01 8.77993E-03 0.0039
6.6221E-01 7.37547E-03 0.0041
8.9828E-01 6.02313E-03 0.0044
1.1731E+00 5.08233E-03 0.0046
1.3332E+00 4.66927E-03 0.0048
1.8360E+00 3.81873E-03 0.0052

Energy Bin   Relative Error
6.0327E-02 5.71472940058
8.8348E-02 0.697478530581
1.2213E-01 0.281749512292
1.5936E-01 0.155722992853
3.9236E-01 0.0752155981913
5.1404E-01 0.102249761629
6.6221E-01 0.119437908862
8.9828E-01 0.0961901707353
1.1731E+00 0.11245607236
1.3332E+00 0.0879437452984
1.8360E+00 0.128327817274

Chi Squared Value
1.2352542252157233
Average Error
0.688318319151