Energy Bin  Efficiency  Uncertainity
6.0327E-02 2.11988E-02 0.0030
8.8348E-02 2.17961E-02 0.0030
1.2213E-01 2.09917E-02 0.0030
1.5936E-01 1.90785E-02 0.0031
3.9236E-01 1.05307E-02 0.0037
5.1404E-01 8.77027E-03 0.0039
6.6221E-01 7.37147E-03 0.0041
8.9828E-01 6.01720E-03 0.0044
1.1731E+00 5.07880E-03 0.0046
1.3332E+00 4.66340E-03 0.0048
1.8360E+00 3.81560E-03 0.0052

Energy Bin   Relative Error
6.0327E-02 5.66745697088
8.8348E-02 0.690652656513
1.2213E-01 0.277683654447
1.5936E-01 0.152467077792
3.9236E-01 0.0765835316531
5.1404E-01 0.103237499265
6.6221E-01 0.119915471426
8.9828E-01 0.0951109299232
1.1731E+00 0.111683401176
1.3332E+00 0.0865760304768
1.8360E+00 0.127402989892

Chi Squared Value
1.2145157080104645
Average Error
0.68261547395