Energy Bin  Efficiency  Uncertainity
6.0327E-02 2.81246E-02 0.0026
8.8348E-02 2.93825E-02 0.0025
1.2213E-01 2.87937E-02 0.0025
1.5936E-01 2.66583E-02 0.0026
3.9236E-01 1.55542E-02 0.0030
5.1404E-01 1.30532E-02 0.0032
6.6221E-01 1.10857E-02 0.0034
8.9828E-01 9.19147E-03 0.0036
1.1731E+00 7.80627E-03 0.0038
1.3332E+00 7.20973E-03 0.0039
1.8360E+00 5.89433E-03 0.0042

Energy Bin   Relative Error
6.0327E-02 7.84576298296
8.8348E-02 1.27910505457
1.2213E-01 0.752561242828
1.5936E-01 0.610336928999
3.9236E-01 0.36391734946
5.1404E-01 0.334693261963
6.6221E-01 0.323528829177
8.9828E-01 0.67281779882
1.1731E+00 0.708691183764
1.3332E+00 0.679873012011
1.8360E+00 0.741609514994

Chi Squared Value
2.6882663711181323
Average Error
1.30117246905