Energy Bin  Efficiency  Uncertainity
6.0327E-02 1.90050E-02 0.0032
8.8348E-02 2.02431E-02 0.0031
1.2213E-01 1.97231E-02 0.0031
1.5936E-01 1.80659E-02 0.0032
3.9236E-01 1.01507E-02 0.0037
5.1404E-01 8.50740E-03 0.0039
6.6221E-01 7.15720E-03 0.0042
8.9828E-01 5.86787E-03 0.0044
1.1731E+00 4.96960E-03 0.0047
1.3332E+00 4.56813E-03 0.0048
1.8360E+00 3.74960E-03 0.0052

Energy Bin   Relative Error
6.0327E-02 4.97746191915
8.8348E-02 0.570191492563
1.2213E-01 0.200468875081
1.5936E-01 0.0912993673865
3.9236E-01 0.109904987774
5.1404E-01 0.130116028497
6.6221E-01 0.145497304078
8.9828E-01 0.0679333531158
1.1731E+00 0.0877809385064
1.3332E+00 0.0643780422229
1.8360E+00 0.10790183743

Chi Squared Value
0.9279514149079108
Average Error
0.595721285982