Energy Bin  Efficiency  Uncertainity
6.0327E-02 2.34106E-02 0.0029
8.8348E-02 2.33085E-02 0.0029
1.2213E-01 2.21639E-02 0.0029
1.5936E-01 2.00260E-02 0.0030
3.9236E-01 1.08755E-02 0.0036
5.1404E-01 9.01667E-03 0.0038
6.6221E-01 7.55400E-03 0.0040
8.9828E-01 6.14647E-03 0.0043
1.1731E+00 5.17407E-03 0.0046
1.3332E+00 4.75193E-03 0.0047
1.8360E+00 3.86927E-03 0.0051

Energy Bin   Relative Error
6.0327E-02 6.36311339144
8.8348E-02 0.807964610382
1.2213E-01 0.349030938362
1.5936E-01 0.209702319358
3.9236E-01 0.0463486946256
5.1404E-01 0.0780430320273
6.6221E-01 0.0981230977204
8.9828E-01 0.118637651639
1.1731E+00 0.132536767647
1.3332E+00 0.107203593195
1.8360E+00 0.143260972507

Chi Squared Value
1.5435173642501703
Average Error
0.768542278991