Energy Bin  Efficiency  Uncertainity
6.0327E-02 2.18530E-02 0.0030
8.8348E-02 2.24189E-02 0.0029
1.2213E-01 2.15276E-02 0.0029
1.5936E-01 1.95215E-02 0.0030
3.9236E-01 1.06997E-02 0.0036
5.1404E-01 8.88273E-03 0.0038
6.6221E-01 7.46207E-03 0.0041
8.9828E-01 6.08847E-03 0.0044
1.1731E+00 5.12667E-03 0.0046
1.3332E+00 4.70587E-03 0.0048
1.8360E+00 3.84040E-03 0.0051

Energy Bin   Relative Error
6.0327E-02 5.87321627567
8.8348E-02 0.738961228894
1.2213E-01 0.310301816408
1.5936E-01 0.179227196012
3.9236E-01 0.0617642524836
5.1404E-01 0.0917384335769
6.6221E-01 0.10909867935
8.9828E-01 0.108081839312
1.1731E+00 0.122161522861
1.3332E+00 0.0964715753613
1.8360E+00 0.134730695665

Chi Squared Value
1.3121539975973588
Average Error
0.711432137781