Energy Bin  Efficiency  Uncertainity
6.0327E-02 2.43371E-02 0.0028
8.8348E-02 2.51034E-02 0.0028
1.2213E-01 2.43143E-02 0.0028
1.5936E-01 2.22555E-02 0.0028
3.9236E-01 1.26637E-02 0.0034
5.1404E-01 1.05662E-02 0.0036
6.6221E-01 8.97200E-03 0.0038
8.9828E-01 7.40187E-03 0.0040
1.1731E+00 6.28307E-03 0.0042
1.3332E+00 5.79120E-03 0.0044
1.8360E+00 4.74707E-03 0.0047

Energy Bin   Relative Error
6.0327E-02 6.65451662575
8.8348E-02 0.947189171343
1.2213E-01 0.479917475923
1.5936E-01 0.344378805975
3.9236E-01 0.110455062836
5.1404E-01 0.080396833309
6.6221E-01 0.0711728312487
8.9828E-01 0.347116389495
1.1731E+00 0.3752824737
1.3332E+00 0.349354356842
1.8360E+00 0.402626300248

Chi Squared Value
1.7680347021179281
Average Error
0.923855120607