Energy Bin  Efficiency  Uncertainity
6.0327E-02 2.22596E-02 0.0029
8.8348E-02 2.28896E-02 0.0029
1.2213E-01 2.20732E-02 0.0029
1.5936E-01 2.01359E-02 0.0030
3.9236E-01 1.13185E-02 0.0036
5.1404E-01 9.44020E-03 0.0038
6.6221E-01 7.97500E-03 0.0040
8.9828E-01 6.54160E-03 0.0042
1.1731E+00 5.52620E-03 0.0045
1.3332E+00 5.08727E-03 0.0046
1.8360E+00 4.14560E-03 0.0050

Energy Bin   Relative Error
6.0327E-02 6.00110030705
8.8348E-02 0.775471898483
1.2213E-01 0.343510379881
1.5936E-01 0.216341003313
3.9236E-01 0.00750289183206
5.1404E-01 0.0347369739543
6.6221E-01 0.0478596378502
8.9828E-01 0.190550033103
1.1731E+00 0.209613454277
1.3332E+00 0.18533808864
1.8360E+00 0.2249087522

Chi Squared Value
1.3829053126259425
Average Error
0.748812129144