Energy Bin  Efficiency  Uncertainity
6.0327E-02 2.12891E-02 0.0030
8.8348E-02 2.18867E-02 0.0029
1.2213E-01 2.10665E-02 0.0030
1.5936E-01 1.91401E-02 0.0031
3.9236E-01 1.05551E-02 0.0037
5.1404E-01 8.78867E-03 0.0039
6.6221E-01 7.38347E-03 0.0041
8.9828E-01 6.03040E-03 0.0044
1.1731E+00 5.08513E-03 0.0046
1.3332E+00 4.67067E-03 0.0048
1.8360E+00 3.81907E-03 0.0052

Energy Bin   Relative Error
6.0327E-02 5.69585817116
8.8348E-02 0.697680204133
1.2213E-01 0.282236441375
1.5936E-01 0.156188123576
3.9236E-01 0.074443943418
5.1404E-01 0.101356094244
6.6221E-01 0.118482783734
8.9828E-01 0.0975132872115
1.1731E+00 0.113068956018
1.3332E+00 0.0882699464484
1.8360E+00 0.128428277756

Chi Squared Value
1.2278103004571665
Average Error
0.686684202643