Energy Bin  Efficiency  Uncertainity
6.0327E-02 2.21346E-02 0.0030
8.8348E-02 2.27335E-02 0.0029
1.2213E-01 2.18951E-02 0.0029
1.5936E-01 1.99176E-02 0.0030
3.9236E-01 1.10878E-02 0.0036
5.1404E-01 9.23587E-03 0.0038
6.6221E-01 7.78500E-03 0.0040
8.9828E-01 6.37373E-03 0.0043
1.1731E+00 5.37873E-03 0.0045
1.3332E+00 4.94180E-03 0.0047
1.8360E+00 4.03313E-03 0.0050

Energy Bin   Relative Error
6.0327E-02 5.96178524575
8.8348E-02 0.763363728687
1.2213E-01 0.332670121167
1.5936E-01 0.203154245283
3.9236E-01 0.0277325232191
5.1404E-01 0.055629772212
6.6221E-01 0.0705438596444
8.9828E-01 0.159998236286
1.1731E+00 0.177334185321
1.3332E+00 0.151443459152
1.8360E+00 0.191677015574

Chi Squared Value
1.3596926604936195
Average Error
0.735939308391