Energy Bin  Efficiency  Uncertainity
6.0327E-02 1.90058E-02 0.0032
8.8348E-02 2.02431E-02 0.0031
1.2213E-01 1.97217E-02 0.0031
1.5936E-01 1.80680E-02 0.0032
3.9236E-01 1.01523E-02 0.0037
5.1404E-01 8.50633E-03 0.0039
6.6221E-01 7.15360E-03 0.0042
8.9828E-01 5.86840E-03 0.0044
1.1731E+00 4.97247E-03 0.0047
1.3332E+00 4.56613E-03 0.0048
1.8360E+00 3.75047E-03 0.0052

Energy Bin   Relative Error
6.0327E-02 4.97771353554
8.8348E-02 0.570191492563
1.2213E-01 0.200383662491
1.5936E-01 0.0914262212201
3.9236E-01 0.109764686906
5.1404E-01 0.130225436289
6.6221E-01 0.145927110386
8.9828E-01 0.0680298114009
1.1731E+00 0.088409144256
1.3332E+00 0.0639120405801
1.8360E+00 0.108158898076

Chi Squared Value
0.9280534070290879
Average Error
0.595831094519