Energy Bin  Efficiency  Uncertainity
6.0327E-02 2.46257E-02 0.0028
8.8348E-02 2.54203E-02 0.0027
1.2213E-01 2.46463E-02 0.0027
1.5936E-01 2.25706E-02 0.0028
3.9236E-01 1.28684E-02 0.0033
5.1404E-01 1.07281E-02 0.0035
6.6221E-01 9.11073E-03 0.0037
8.9828E-01 7.53567E-03 0.0040
1.1731E+00 6.38933E-03 0.0042
1.3332E+00 5.89287E-03 0.0043
1.8360E+00 4.82347E-03 0.0046

Energy Bin   Relative Error
6.0327E-02 6.74528723927
8.8348E-02 0.971770074663
1.2213E-01 0.500125032875
1.5936E-01 0.363412921666
3.9236E-01 0.12840480512
5.1404E-01 0.0969511524884
6.6221E-01 0.0877358948776
8.9828E-01 0.371467556554
1.1731E+00 0.398541408529
1.3332E+00 0.373043550353
1.8360E+00 0.425200361583

Chi Squared Value
1.8278573082375538
Average Error
0.951085454362