Energy Bin  Efficiency  Uncertainity
6.0327E-02 2.19608E-02 0.0030
8.8348E-02 2.25215E-02 0.0029
1.2213E-01 2.16403E-02 0.0029
1.5936E-01 1.96321E-02 0.0030
3.9236E-01 1.07939E-02 0.0036
5.1404E-01 8.95760E-03 0.0038
6.6221E-01 7.53400E-03 0.0041
8.9828E-01 6.15273E-03 0.0043
1.1731E+00 5.17947E-03 0.0046
1.3332E+00 4.75693E-03 0.0047
1.8360E+00 3.87647E-03 0.0051

Energy Bin   Relative Error
6.0327E-02 5.90712158453
8.8348E-02 0.746919577524
1.2213E-01 0.317161429867
1.5936E-01 0.185908164579
3.9236E-01 0.0535040388873
5.1404E-01 0.0840829556464
6.6221E-01 0.100510910541
8.9828E-01 0.119776951384
1.1731E+00 0.133718757559
1.3332E+00 0.108368597302
1.8360E+00 0.145388370958

Chi Squared Value
1.3291279584604587
Average Error
0.718405576252