Energy Bin  Efficiency  Uncertainity
6.0327E-02 2.22189E-02 0.0029
8.8348E-02 2.28404E-02 0.0029
1.2213E-01 2.20107E-02 0.0029
1.5936E-01 2.00647E-02 0.0030
3.9236E-01 1.12435E-02 0.0036
5.1404E-01 9.37113E-03 0.0038
6.6221E-01 7.90880E-03 0.0040
8.9828E-01 6.48673E-03 0.0042
1.1731E+00 5.47907E-03 0.0045
1.3332E+00 5.03907E-03 0.0046
1.8360E+00 4.10747E-03 0.0050

Energy Bin   Relative Error
6.0327E-02 5.98829932309
8.8348E-02 0.771655614345
1.2213E-01 0.339706246419
1.5936E-01 0.21204005429
3.9236E-01 0.0140794950138
5.1404E-01 0.0417994003021
6.6221E-01 0.0557632982858
8.9828E-01 0.180563870648
1.1731E+00 0.199297308987
1.3332E+00 0.174107449049
1.8360E+00 0.213642404574

Chi Squared Value
1.3752360428973491
Average Error
0.744632224091