Energy Bin  Efficiency  Uncertainity
6.0327E-02 2.21096E-02 0.0030
8.8348E-02 2.27045E-02 0.0029
1.2213E-01 2.18696E-02 0.0029
1.5936E-01 1.99000E-02 0.0030
3.9236E-01 1.12607E-02 0.0036
5.1404E-01 9.45273E-03 0.0038
6.6221E-01 8.01647E-03 0.0040
8.9828E-01 6.62453E-03 0.0043
1.1731E+00 5.63600E-03 0.0045
1.3332E+00 5.18993E-03 0.0046
1.8360E+00 4.28693E-03 0.0050

Energy Bin   Relative Error
6.0327E-02 5.95392223349
8.8348E-02 0.761114292915
1.2213E-01 0.331118034714
1.5936E-01 0.202091089345
3.9236E-01 0.0125712606841
5.1404E-01 0.0334557780351
6.6221E-01 0.042908507967
8.9828E-01 0.205643024763
1.1731E+00 0.233647249159
1.3332E+00 0.209257952964
1.8360E+00 0.266667810949

Chi Squared Value
1.3595227641583654
Average Error
0.750217930454