Energy Bin  Efficiency  Uncertainity
6.0327E-02 1.90054E-02 0.0032
8.8348E-02 2.02432E-02 0.0031
1.2213E-01 1.97221E-02 0.0031
1.5936E-01 1.80669E-02 0.0032
3.9236E-01 1.01503E-02 0.0037
5.1404E-01 8.50780E-03 0.0039
6.6221E-01 7.15473E-03 0.0042
8.9828E-01 5.86827E-03 0.0044
1.1731E+00 4.97133E-03 0.0047
1.3332E+00 4.56653E-03 0.0048
1.8360E+00 3.75007E-03 0.0052

Energy Bin   Relative Error
6.0327E-02 4.97758772734
8.8348E-02 0.570199249238
1.2213E-01 0.200408008945
1.5936E-01 0.0913597739739
3.9236E-01 0.109940062991
5.1404E-01 0.130075128388
6.6221E-01 0.145792198961
8.9828E-01 0.0680061518215
1.1731E+00 0.0881596130523
1.3332E+00 0.0640052409087
1.8360E+00 0.108040709274

Chi Squared Value
0.9280046111336335
Average Error
0.595779442263