Energy Bin  Efficiency  Uncertainity
6.0327E-02 6.04067E-04 0.0181
8.8348E-02 6.33933E-04 0.0175
1.2213E-01 6.07067E-04 0.0176
1.5936E-01 5.88267E-04 0.0177
3.9236E-01 3.61600E-04 0.0200
5.1404E-01 3.07267E-04 0.0210
6.6221E-01 2.64267E-04 0.0220
8.9828E-01 2.14200E-04 0.0236
1.1731E+00 1.86200E-04 0.0244
1.3332E+00 1.72133E-04 0.0253
1.8360E+00 1.40800E-04 0.0271

Energy Bin   Relative Error
6.0327E-02 4.24694962097
8.8348E-02 0.66509022739
1.2213E-01 0.269665957086
1.5936E-01 0.155248648671
3.9236E-01 0.000183242763482
5.1404E-01 0.177154811227
6.6221E-01 0.0274995759646
8.9828E-01 0.0903261151149
1.1731E+00 0.0861761500095
1.3332E+00 0.112382910541
1.8360E+00 0.0991735056505

Chi Squared Value
0.025424304228249747
Average Error
0.539077342308