Energy Bin  Efficiency  Uncertainity
6.0327E-02 7.77867E-04 0.0159
8.8348E-02 8.05067E-04 0.0155
1.2213E-01 7.52400E-04 0.0158
1.5936E-01 7.16867E-04 0.0159
3.9236E-01 4.55000E-04 0.0180
5.1404E-01 3.88400E-04 0.0189
6.6221E-01 3.33267E-04 0.0199
8.9828E-01 2.78867E-04 0.0210
1.1731E+00 2.45733E-04 0.0214
1.3332E+00 2.23800E-04 0.0224
1.8360E+00 1.81267E-04 0.0243

Energy Bin   Relative Error
6.0327E-02 5.75658322805
8.8348E-02 1.1145912803
1.2213E-01 0.573626413743
1.5936E-01 0.407795495968
3.9236E-01 0.258065886456
5.1404E-01 0.0401151809977
6.6221E-01 0.226419866336
8.9828E-01 0.184304515669
1.1731E+00 0.205997186518
1.3332E+00 0.154041959537
1.8360E+00 0.159730938574

Chi Squared Value
0.0505334607928492
Average Error
0.825570177468