Energy Bin  Efficiency  Uncertainity
6.0327E-02 7.25733E-04 0.0165
8.8348E-02 7.48267E-04 0.0161
1.2213E-01 7.06933E-04 0.0163
1.5936E-01 6.78800E-04 0.0164
3.9236E-01 4.27133E-04 0.0185
5.1404E-01 3.66933E-04 0.0196
6.6221E-01 3.17200E-04 0.0204
8.9828E-01 2.61600E-04 0.0216
1.1731E+00 2.29733E-04 0.0221
1.3332E+00 2.10133E-04 0.0231
1.8360E+00 1.71933E-04 0.0253

Energy Bin   Relative Error
6.0327E-02 5.30374526216
8.8348E-02 0.965400238161
1.2213E-01 0.478533282225
1.5936E-01 0.333038879825
3.9236E-01 0.181014189626
5.1404E-01 0.0173723385453
6.6221E-01 0.167293436199
8.9828E-01 0.110974268375
1.1731E+00 0.127473117776
1.3332E+00 0.0835670200328
1.8360E+00 0.100012795831

Chi Squared Value
0.0416679186005137
Average Error
0.715311348069