Energy Bin  Efficiency  Uncertainity
6.0327E-02 7.62533E-04 0.0161
8.8348E-02 7.87333E-04 0.0157
1.2213E-01 7.40667E-04 0.0160
1.5936E-01 7.07733E-04 0.0160
3.9236E-01 4.46400E-04 0.0182
5.1404E-01 3.83133E-04 0.0190
6.6221E-01 3.28533E-04 0.0200
8.9828E-01 2.75000E-04 0.0211
1.1731E+00 2.43000E-04 0.0216
1.3332E+00 2.21533E-04 0.0226
1.8360E+00 1.79733E-04 0.0245

Energy Bin   Relative Error
6.0327E-02 5.62339150347
8.8348E-02 1.06801110528
1.2213E-01 0.549087127841
1.5936E-01 0.389857992833
3.9236E-01 0.234287058712
5.1404E-01 0.0260104264706
6.6221E-01 0.208998784599
8.9828E-01 0.167881971725
1.1731E+00 0.192584294026
1.3332E+00 0.142351999205
1.8360E+00 0.149916536285

Chi Squared Value
0.047850480364703935
Average Error
0.795670800041