Energy Bin  Efficiency  Uncertainity
6.0327E-02 6.44933E-04 0.0175
8.8348E-02 6.63533E-04 0.0171
1.2213E-01 6.34600E-04 0.0173
1.5936E-01 6.07933E-04 0.0174
3.9236E-01 3.73733E-04 0.0197
5.1404E-01 3.12000E-04 0.0208
6.6221E-01 2.67867E-04 0.0218
8.9828E-01 2.16067E-04 0.0235
1.1731E+00 1.89400E-04 0.0242
1.3332E+00 1.72467E-04 0.0253
1.8360E+00 1.42067E-04 0.0269

Energy Bin   Relative Error
6.0327E-02 4.60191329754
8.8348E-02 0.742837671884
1.2213E-01 0.327250561086
1.5936E-01 0.193869070902
3.9236E-01 0.0333642592154
5.1404E-01 0.164480081176
6.6221E-01 0.0142516050619
8.9828E-01 0.0823972582378
1.1731E+00 0.070471336261
1.3332E+00 0.110660613783
1.8360E+00 0.0910673467845

Chi Squared Value
0.030089283165529467
Average Error
0.584778463812