Energy Bin  Efficiency  Uncertainity
6.0327E-02 6.93667E-04 0.0169
8.8348E-02 7.13933E-04 0.0165
1.2213E-01 6.81867E-04 0.0166
1.5936E-01 6.53867E-04 0.0168
3.9236E-01 4.09800E-04 0.0189
5.1404E-01 3.44333E-04 0.0199
6.6221E-01 2.96667E-04 0.0208
8.9828E-01 2.42000E-04 0.0222
1.1731E+00 2.12667E-04 0.0229
1.3332E+00 1.94933E-04 0.0240
1.8360E+00 1.57067E-04 0.0256

Energy Bin   Relative Error
6.0327E-02 5.02521873026
8.8348E-02 0.875218455753
1.2213E-01 0.426108349095
1.5936E-01 0.284075034228
3.9236E-01 0.133088791802
5.1404E-01 0.0778939736909
6.6221E-01 0.0917321621592
8.9828E-01 0.0277361351176
1.1731E+00 0.0437173829534
1.3332E+00 0.00518704780334
1.8360E+00 0.00490138485788

Chi Squared Value
0.03672203823323614
Average Error
0.635897949793