Energy Bin  Efficiency  Uncertainity
6.0327E-02 6.38733E-04 0.0176
8.8348E-02 6.58867E-04 0.0172
1.2213E-01 6.28667E-04 0.0173
1.5936E-01 6.02667E-04 0.0175
3.9236E-01 3.71267E-04 0.0198
5.1404E-01 3.10267E-04 0.0209
6.6221E-01 2.66333E-04 0.0219
8.9828E-01 2.15400E-04 0.0235
1.1731E+00 1.88667E-04 0.0242
1.3332E+00 1.71867E-04 0.0253
1.8360E+00 1.41533E-04 0.0270

Energy Bin   Relative Error
6.0327E-02 4.54805985471
8.8348E-02 0.730581942965
1.2213E-01 0.314841834992
1.5936E-01 0.183527611354
3.9236E-01 0.0265458186088
5.1404E-01 0.169120965853
6.6221E-01 0.0198967126632
8.9828E-01 0.0852299028747
1.1731E+00 0.0740687201603
1.3332E+00 0.113754560055
1.8360E+00 0.0944838336309

Chi Squared Value
0.029336141214571978
Average Error
0.578191977988