Energy Bin  Efficiency  Uncertainity
6.0327E-02 6.53933E-04 0.0174
8.8348E-02 6.71467E-04 0.0170
1.2213E-01 6.42333E-04 0.0171
1.5936E-01 6.14600E-04 0.0173
3.9236E-01 3.80467E-04 0.0196
5.1404E-01 3.16467E-04 0.0207
6.6221E-01 2.72133E-04 0.0216
8.9828E-01 2.19800E-04 0.0232
1.1731E+00 1.92333E-04 0.0240
1.3332E+00 1.75600E-04 0.0251
1.8360E+00 1.43600E-04 0.0268

Energy Bin   Relative Error
6.0327E-02 4.68008765003
8.8348E-02 0.763677138932
1.2213E-01 0.343423943672
1.5936E-01 0.206961837861
3.9236E-01 0.0519836343349
5.1404E-01 0.152517685415
6.6221E-01 0.0014472404577
8.9828E-01 0.0665437913271
1.1731E+00 0.0560768929097
1.3332E+00 0.0945050576646
1.8360E+00 0.0812593424106

Chi Squared Value
0.031196095676357512
Average Error
0.590771292274