Energy Bin  Efficiency  Uncertainity
6.0327E-02 6.37400E-04 0.0176
8.8348E-02 6.56800E-04 0.0172
1.2213E-01 6.27000E-04 0.0174
1.5936E-01 6.01800E-04 0.0175
3.9236E-01 3.70267E-04 0.0198
5.1404E-01 3.10267E-04 0.0209
6.6221E-01 2.66333E-04 0.0219
8.9828E-01 2.15200E-04 0.0235
1.1731E+00 1.88467E-04 0.0242
1.3332E+00 1.71667E-04 0.0253
1.8360E+00 1.41733E-04 0.0270

Energy Bin   Relative Error
6.0327E-02 4.5364813645
8.8348E-02 0.725152754865
1.2213E-01 0.311355344785
1.5936E-01 0.181824982143
3.9236E-01 0.0237808386385
5.1404E-01 0.169120965853
6.6221E-01 0.0198967126632
8.9828E-01 0.0860792715814
1.1731E+00 0.0750502710196
1.3332E+00 0.114785875479
1.8360E+00 0.0932042505424

Chi Squared Value
0.02915510982538814
Average Error
0.576066602915