Energy Bin  Efficiency  Uncertainity
6.0327E-02 6.79667E-04 0.0171
8.8348E-02 7.04000E-04 0.0166
1.2213E-01 6.69400E-04 0.0168
1.5936E-01 6.47000E-04 0.0168
3.9236E-01 4.12133E-04 0.0190
5.1404E-01 3.55067E-04 0.0200
6.6221E-01 3.09600E-04 0.0208
8.9828E-01 2.55467E-04 0.0220
1.1731E+00 2.25600E-04 0.0226
1.3332E+00 2.06067E-04 0.0236
1.8360E+00 1.66467E-04 0.0254

Energy Bin   Relative Error
6.0327E-02 4.90361418193
8.8348E-02 0.849128409599
1.2213E-01 0.400033919935
1.5936E-01 0.270589503899
3.9236E-01 0.139539490072
5.1404E-01 0.0491488749452
6.6221E-01 0.139325497627
8.9828E-01 0.0849283769838
1.1731E+00 0.107189369269
1.3332E+00 0.0626003774614
1.8360E+00 0.0650417900204

Chi Squared Value
0.03492795779531186
Average Error
0.642830890159