Energy Bin  Efficiency  Uncertainity
6.0327E-02 6.29800E-04 0.0177
8.8348E-02 6.50067E-04 0.0173
1.2213E-01 6.21667E-04 0.0174
1.5936E-01 5.99467E-04 0.0175
3.9236E-01 3.70467E-04 0.0198
5.1404E-01 3.11333E-04 0.0209
6.6221E-01 2.66133E-04 0.0219
8.9828E-01 2.15000E-04 0.0235
1.1731E+00 1.88467E-04 0.0243
1.3332E+00 1.72467E-04 0.0253
1.8360E+00 1.41400E-04 0.0270

Energy Bin   Relative Error
6.0327E-02 4.47046746684
8.8348E-02 0.707467837845
1.2213E-01 0.300201504189
1.5936E-01 0.177243397425
3.9236E-01 0.0243338346326
5.1404E-01 0.166266272797
6.6221E-01 0.0206327110467
8.9828E-01 0.0869286402881
1.1731E+00 0.0750502710196
1.3332E+00 0.110660613783
1.8360E+00 0.0953347563848

Chi Squared Value
0.028246283765810544
Average Error
0.566780664204