Energy Bin  Efficiency  Uncertainity
6.0327E-02 5.83400E-04 0.0184
8.8348E-02 6.23600E-04 0.0177
1.2213E-01 5.95533E-04 0.0178
1.5936E-01 5.80533E-04 0.0178
3.9236E-01 3.58800E-04 0.0201
5.1404E-01 3.04600E-04 0.0211
6.6221E-01 2.63667E-04 0.0220
8.9828E-01 2.14867E-04 0.0236
1.1731E+00 1.86267E-04 0.0244
1.3332E+00 1.71467E-04 0.0253
1.8360E+00 1.39800E-04 0.0272

Energy Bin   Relative Error
6.0327E-02 4.06743524953
8.8348E-02 0.637949540094
1.2213E-01 0.245542874874
1.5936E-01 0.14006048913
3.9236E-01 0.00792518668014
5.1404E-01 0.184296899763
6.6221E-01 0.029707571115
8.9828E-01 0.0874934704781
1.1731E+00 0.0858473304717
1.3332E+00 0.115817190903
1.8360E+00 0.105571421093

Chi Squared Value
0.02330926353109391
Average Error
0.518877020375