Energy Bin  Efficiency  Uncertainity
6.0327E-02 6.58400E-04 0.0173
8.8348E-02 6.77400E-04 0.0170
1.2213E-01 6.46200E-04 0.0171
1.5936E-01 6.21800E-04 0.0172
3.9236E-01 3.84933E-04 0.0195
5.1404E-01 3.20200E-04 0.0206
6.6221E-01 2.76933E-04 0.0215
8.9828E-01 2.23000E-04 0.0231
1.1731E+00 1.95200E-04 0.0239
1.3332E+00 1.77467E-04 0.0250
1.8360E+00 1.45667E-04 0.0266

Energy Bin   Relative Error
6.0327E-02 4.71888818699
8.8348E-02 0.779260773668
1.2213E-01 0.351511680702
1.5936E-01 0.221101319203
3.9236E-01 0.064332034882
5.1404E-01 0.142520903822
6.6221E-01 0.0191112016612
8.9828E-01 0.0529538920198
1.1731E+00 0.0420063613419
1.3332E+00 0.0848777281809
1.8360E+00 0.0680348511903

Chi Squared Value
0.03180239937106863
Average Error
0.594963539423