Energy Bin  Efficiency  Uncertainity
6.0327E-02 6.75733E-04 0.0171
8.8348E-02 6.98200E-04 0.0167
1.2213E-01 6.64867E-04 0.0168
1.5936E-01 6.40867E-04 0.0169
3.9236E-01 4.02333E-04 0.0191
5.1404E-01 3.43133E-04 0.0201
6.6221E-01 2.98000E-04 0.0210
8.9828E-01 2.43267E-04 0.0223
1.1731E+00 2.14800E-04 0.0231
1.3332E+00 1.96733E-04 0.0239
1.8360E+00 1.58800E-04 0.0260

Energy Bin   Relative Error
6.0327E-02 4.86944330385
8.8348E-02 0.833894113043
1.2213E-01 0.390553260002
1.5936E-01 0.258545415139
3.9236E-01 0.112442686364
5.1404E-01 0.0811075118402
6.6221E-01 0.0966375913851
8.9828E-01 0.0331168858746
1.1731E+00 0.0541856228676
1.3332E+00 0.01446888662
1.8360E+00 0.0159889723203

Chi Squared Value
0.034232610374906935
Average Error
0.614580386301