Energy Bin  Efficiency  Uncertainity
6.0327E-02 6.49000E-04 0.0175
8.8348E-02 6.65533E-04 0.0171
1.2213E-01 6.36733E-04 0.0172
1.5936E-01 6.10267E-04 0.0173
3.9236E-01 3.74867E-04 0.0197
5.1404E-01 3.11867E-04 0.0208
6.6221E-01 2.68000E-04 0.0218
8.9828E-01 2.16267E-04 0.0234
1.1731E+00 1.90000E-04 0.0241
1.3332E+00 1.72533E-04 0.0252
1.8360E+00 1.42133E-04 0.0269

Energy Bin   Relative Error
6.0327E-02 4.63723941883
8.8348E-02 0.748090877593
1.2213E-01 0.331711679029
1.5936E-01 0.198452619437
3.9236E-01 0.0364997465016
5.1404E-01 0.164836248321
6.6221E-01 0.0137621661369
8.9828E-01 0.0815478895311
1.1731E+00 0.0675266836832
1.3332E+00 0.110320279693
1.8360E+00 0.0906450843652

Chi Squared Value
0.03056069773444713
Average Error
0.589148426647