Energy Bin  Efficiency  Uncertainity
6.0327E-02 7.15600E-04 0.0166
8.8348E-02 7.38267E-04 0.0162
1.2213E-01 6.96600E-04 0.0164
1.5936E-01 6.71667E-04 0.0165
3.9236E-01 4.21733E-04 0.0187
5.1404E-01 3.62200E-04 0.0196
6.6221E-01 3.13267E-04 0.0205
8.9828E-01 2.57933E-04 0.0217
1.1731E+00 2.28067E-04 0.0223
1.3332E+00 2.07467E-04 0.0233
1.8360E+00 1.68867E-04 0.0255

Energy Bin   Relative Error
6.0327E-02 5.21572962729
8.8348E-02 0.939134209616
1.2213E-01 0.456922062484
1.5936E-01 0.319030974212
3.9236E-01 0.166083297787
5.1404E-01 0.0300470685959
6.6221E-01 0.152820027988
8.9828E-01 0.0954010931375
1.1731E+00 0.119296799118
1.3332E+00 0.06981958543
1.8360E+00 0.0803967870832

Chi Squared Value
0.04007297012325352
Average Error
0.694971048431