Energy Bin  Efficiency  Uncertainity
6.0327E-02 7.68467E-04 0.0160
8.8348E-02 7.93333E-04 0.0157
1.2213E-01 7.45067E-04 0.0159
1.5936E-01 7.10867E-04 0.0160
3.9236E-01 4.49200E-04 0.0181
5.1404E-01 3.85933E-04 0.0190
6.6221E-01 3.29867E-04 0.0200
8.9828E-01 2.77533E-04 0.0210
1.1731E+00 2.43067E-04 0.0215
1.3332E+00 2.22067E-04 0.0226
1.8360E+00 1.80600E-04 0.0244

Energy Bin   Relative Error
6.0327E-02 5.67493445989
8.8348E-02 1.0837707224
1.2213E-01 0.558289621489
1.5936E-01 0.39601259485
3.9236E-01 0.242029002629
5.1404E-01 0.0335086821523
6.6221E-01 0.213907893817
8.9828E-01 0.178639226395
1.1731E+00 0.192913113564
1.3332E+00 0.145105611387
1.8360E+00 0.155463528974

Chi Squared Value
0.04884792365482414
Average Error
0.806779496141