Energy Bin  Efficiency  Uncertainity
6.0327E-02 6.68200E-04 0.0172
8.8348E-02 6.90333E-04 0.0168
1.2213E-01 6.56933E-04 0.0169
1.5936E-01 6.32000E-04 0.0170
3.9236E-01 3.91533E-04 0.0193
5.1404E-01 3.28333E-04 0.0203
6.6221E-01 2.83067E-04 0.0212
8.9828E-01 2.30733E-04 0.0227
1.1731E+00 2.01667E-04 0.0236
1.3332E+00 1.82867E-04 0.0247
1.8360E+00 1.49067E-04 0.0263

Energy Bin   Relative Error
6.0327E-02 4.80401137081
8.8348E-02 0.813230628386
1.2213E-01 0.373959490775
1.5936E-01 0.241132251104
3.9236E-01 0.0825809026855
5.1404E-01 0.120741149015
6.6221E-01 0.0416842720825
8.9828E-01 0.0201130509749
1.1731E+00 0.010267914307
1.3332E+00 0.0570322117309
1.8360E+00 0.0462819386847

Chi Squared Value
0.03316161141037554
Average Error
0.601003198233