Energy Bin  Efficiency  Uncertainity
6.0327E-02 7.19867E-04 0.0166
8.8348E-02 7.44800E-04 0.0162
1.2213E-01 7.02333E-04 0.0164
1.5936E-01 6.74733E-04 0.0165
3.9236E-01 4.24200E-04 0.0186
5.1404E-01 3.63333E-04 0.0195
6.6221E-01 3.14333E-04 0.0204
8.9828E-01 2.60533E-04 0.0216
1.1731E+00 2.29133E-04 0.0222
1.3332E+00 2.08933E-04 0.0232
1.8360E+00 1.70733E-04 0.0253

Energy Bin   Relative Error
6.0327E-02 5.25279295641
8.8348E-02 0.956293806065
1.2213E-01 0.468912493412
1.5936E-01 0.325052036683
3.9236E-01 0.172904503373
5.1404E-01 0.0270129529932
6.6221E-01 0.156742899372
8.9828E-01 0.106442886325
1.1731E+00 0.124528465198
1.3332E+00 0.0773791274884
1.8360E+00 0.0923352972995

Chi Squared Value
0.04080731952534725
Average Error
0.705490674966