Energy Bin  Efficiency  Uncertainity
8.8348E-02 3.15960E-03 0.0078
1.2213E-01 2.98927E-03 0.0079
1.5936E-01 2.66153E-03 0.0082
3.9236E-01 1.50740E-03 0.0097
5.1404E-01 1.25687E-03 0.0102
6.6221E-01 1.04900E-03 0.0110
8.9828E-01 8.66933E-04 0.0116
1.1731E+00 7.45600E-04 0.0121
1.3332E+00 6.82133E-04 0.0126
1.8360E+00 5.57467E-04 0.0135

Energy Bin   Relative Error
8.8348E-02 0.466292637363
1.2213E-01 0.3554203927
1.5936E-01 0.192736110577
3.9236E-01 0.0431187826083
5.1404E-01 0.0240435977458
6.6221E-01 0.0010294985612
8.9828E-01 0.00943405119367
1.1731E+00 0.000862129429488
1.3332E+00 0.0263246700183
1.8360E+00 0.00679472795032

Chi Squared Value
0.010008376546431354
Average Error
0.112605659815