Energy Bin  Efficiency  Uncertainity
8.8348E-02 3.47733E-03 0.0075
1.2213E-01 3.28647E-03 0.0075
1.5936E-01 2.93000E-03 0.0078
3.9236E-01 1.69580E-03 0.0093
5.1404E-01 1.42533E-03 0.0098
6.6221E-01 1.20133E-03 0.0104
8.9828E-01 9.98200E-04 0.0109
1.1731E+00 8.69000E-04 0.0115
1.3332E+00 8.04467E-04 0.0118
1.8360E+00 6.57867E-04 0.0126

Energy Bin   Relative Error
8.8348E-02 0.613743314559
1.2213E-01 0.490179360846
1.5936E-01 0.313048060323
3.9236E-01 0.173491330468
5.1404E-01 0.106765169687
6.6221E-01 0.14639348666
8.9828E-01 0.140552880209
1.1731E+00 0.166509107396
1.3332E+00 0.148294645889
1.8360E+00 0.172081885937

Chi Squared Value
0.020530487775394145
Average Error
0.247105924197