Energy Bin  Efficiency  Uncertainity
8.8348E-02 4.00720E-03 0.0069
1.2213E-01 3.75887E-03 0.0071
1.5936E-01 3.35907E-03 0.0073
3.9236E-01 1.92133E-03 0.0087
5.1404E-01 1.60807E-03 0.0092
6.6221E-01 1.36227E-03 0.0097
8.9828E-01 1.13960E-03 0.0103
1.1731E+00 9.81667E-04 0.0108
1.3332E+00 9.20667E-04 0.0111
1.8360E+00 7.50467E-04 0.0118

Energy Bin   Relative Error
8.8348E-02 0.859642947348
1.2213E-01 0.704379012772
1.5936E-01 0.505331176788
3.9236E-01 0.329557788635
5.1404E-01 0.2486623213
6.6221E-01 0.299973741663
8.9828E-01 0.302117874461
1.1731E+00 0.317748556881
1.3332E+00 0.314158302015
1.8360E+00 0.337061711096

Chi Squared Value
0.0465036909204852
Average Error
0.421863343296