Energy Bin  Efficiency  Uncertainity
8.8348E-02 3.23880E-03 0.0077
1.2213E-01 3.06720E-03 0.0078
1.5936E-01 2.73127E-03 0.0081
3.9236E-01 1.54853E-03 0.0096
5.1404E-01 1.29627E-03 0.0101
6.6221E-01 1.08380E-03 0.0108
8.9828E-01 8.92800E-04 0.0114
1.1731E+00 7.66533E-04 0.0120
1.3332E+00 7.03000E-04 0.0124
1.8360E+00 5.74000E-04 0.0134

Energy Bin   Relative Error
8.8348E-02 0.503047409131
1.2213E-01 0.390756080411
1.5936E-01 0.223989343248
3.9236E-01 0.071580687563
5.1404E-01 0.0065504034228
6.6221E-01 0.0342381034706
8.9828E-01 0.0201218307462
1.1731E+00 0.0289617095735
1.3332E+00 0.00346084557872
1.8360E+00 0.0226611192349

Chi Squared Value
0.012047480747897236
Average Error
0.130536753238