Energy Bin  Efficiency  Uncertainity
8.8348E-02 3.46433E-03 0.0075
1.2213E-01 3.28193E-03 0.0076
1.5936E-01 2.93647E-03 0.0078
3.9236E-01 1.67960E-03 0.0093
5.1404E-01 1.41187E-03 0.0097
6.6221E-01 1.18147E-03 0.0104
8.9828E-01 9.74933E-04 0.0110
1.1731E+00 8.36600E-04 0.0115
1.3332E+00 7.74333E-04 0.0119
1.8360E+00 6.31667E-04 0.0127

Energy Bin   Relative Error
8.8348E-02 0.607710334344
1.2213E-01 0.488120795182
1.5936E-01 0.315947521398
3.9236E-01 0.162280952149
5.1404E-01 0.0963135134506
6.6221E-01 0.127441679376
8.9828E-01 0.113967783171
1.1731E+00 0.123016707995
1.3332E+00 0.105281432346
1.8360E+00 0.125402928926

Chi Squared Value
0.019803287444605158
Average Error
0.226548364834