Energy Bin  Efficiency  Uncertainity
8.8348E-02 3.32207E-03 0.0076
1.2213E-01 3.14073E-03 0.0077
1.5936E-01 2.80853E-03 0.0080
3.9236E-01 1.64840E-03 0.0095
5.1404E-01 1.39467E-03 0.0099
6.6221E-01 1.18027E-03 0.0106
8.9828E-01 9.90267E-04 0.0111
1.1731E+00 8.67333E-04 0.0116
1.3332E+00 8.05333E-04 0.0119
1.8360E+00 6.64667E-04 0.0126

Energy Bin   Relative Error
8.8348E-02 0.541690967782
1.2213E-01 0.424096682456
1.5936E-01 0.258612583228
3.9236E-01 0.140690593904
5.1404E-01 0.0829577565952
6.6221E-01 0.126296555068
8.9828E-01 0.131488558431
1.1731E+00 0.164271396599
1.3332E+00 0.149530772621
1.8360E+00 0.184197035084

Chi Squared Value
0.015627769954948027
Average Error
0.220383290177