Energy Bin  Efficiency  Uncertainity
6.0327E-02 2.00515E-02 0.0031
8.8348E-02 2.07974E-02 0.0030
1.2213E-01 1.99638E-02 0.0030
1.5936E-01 1.83529E-02 0.0031
3.9236E-01 1.04535E-02 0.0037
5.1404E-01 8.72240E-03 0.0039
6.6221E-01 7.41313E-03 0.0041
8.9828E-01 6.10240E-03 0.0044
1.1731E+00 5.22487E-03 0.0046
1.3332E+00 4.77627E-03 0.0048
1.8360E+00 3.94073E-03 0.0051

Energy Bin   Relative Error
6.0327E-02 5.87993557705
8.8348E-02 0.759840082745
1.2213E-01 0.325584749678
1.5936E-01 0.209421154151
3.9236E-01 2.15074853143e-05
5.1404E-01 0.0270533307213
6.6221E-01 0.0344818079867
8.9828E-01 0.211582240987
1.1731E+00 0.24762497633
1.3332E+00 0.214045272568
1.8360E+00 0.270227711412

Chi Squared Value
36719.2224005224
Average Error
0.743619855556