Energy Bin  Efficiency  Uncertainity
6.0327E-02 1.77897E-02 0.0033
8.8348E-02 1.84663E-02 0.0032
1.2213E-01 1.76417E-02 0.0032
1.5936E-01 1.61475E-02 0.0033
3.9236E-01 9.00960E-03 0.0040
5.1404E-01 7.50153E-03 0.0042
6.6221E-01 6.31887E-03 0.0044
8.9828E-01 5.18920E-03 0.0047
1.1731E+00 4.40647E-03 0.0050
1.3332E+00 4.01113E-03 0.0052
1.8360E+00 3.31947E-03 0.0055

Energy Bin   Relative Error
6.0327E-02 5.1038820006
8.8348E-02 0.562586425226
1.2213E-01 0.171398655486
1.5936E-01 0.0640894946657
3.9236E-01 0.138144523254
5.1404E-01 0.16323619325
6.6221E-01 0.177002974726
8.9828E-01 0.0302737553965
1.1731E+00 0.0522026441711
1.3332E+00 0.0195599105904
1.8360E+00 0.0699750506123

Chi Squared Value
27377.185039634147
Average Error
0.595668329817