Energy Bin  Efficiency  Uncertainity
6.0327E-02 1.86725E-02 0.0032
8.8348E-02 1.93179E-02 0.0031
1.2213E-01 1.84621E-02 0.0032
1.5936E-01 1.69140E-02 0.0033
3.9236E-01 9.49660E-03 0.0039
5.1404E-01 7.91953E-03 0.0041
6.6221E-01 6.68400E-03 0.0043
8.9828E-01 5.48600E-03 0.0046
1.1731E+00 4.66800E-03 0.0049
1.3332E+00 4.24080E-03 0.0050
1.8360E+00 3.50293E-03 0.0054

Energy Bin   Relative Error
6.0327E-02 5.40678238848
8.8348E-02 0.634647346999
1.2213E-01 0.225872740011
1.5936E-01 0.114600384752
3.9236E-01 0.091558257807
5.1404E-01 0.116610068817
6.6221E-01 0.129446860447
8.9828E-01 0.0892009986328
1.1731E+00 0.114652305131
1.3332E+00 0.0779380545711
1.8360E+00 0.129110280871

Chi Squared Value
30784.049529675573
Average Error
0.648219971501