Energy Bin  Efficiency  Uncertainity
6.0327E-02 1.78733E-02 0.0033
8.8348E-02 1.85315E-02 0.0032
1.2213E-01 1.76999E-02 0.0032
1.5936E-01 1.61931E-02 0.0033
3.9236E-01 9.01213E-03 0.0040
5.1404E-01 7.49453E-03 0.0042
6.6221E-01 6.31200E-03 0.0044
8.9828E-01 5.17540E-03 0.0047
1.1731E+00 4.39847E-03 0.0050
1.3332E+00 4.00040E-03 0.0052
1.8360E+00 3.30607E-03 0.0056

Energy Bin   Relative Error
6.0327E-02 5.13256626932
8.8348E-02 0.568103536663
1.2213E-01 0.175263101755
1.5936E-01 0.0670944478136
3.9236E-01 0.137902504257
5.1404E-01 0.164017013516
6.6221E-01 0.177897753312
8.9828E-01 0.0275338768363
1.1731E+00 0.0502923574443
1.3332E+00 0.0168325300665
1.8360E+00 0.0656557870919

Chi Squared Value
27688.31037534621
Average Error
0.598469016189