Energy Bin  Efficiency  Uncertainity
6.0327E-02 1.60745E-02 0.0035
8.8348E-02 1.72496E-02 0.0033
1.2213E-01 1.66565E-02 0.0033
1.5936E-01 1.53543E-02 0.0034
3.9236E-01 8.69753E-03 0.0040
5.1404E-01 7.27160E-03 0.0043
6.6221E-01 6.13533E-03 0.0045
8.9828E-01 5.04933E-03 0.0048
1.1731E+00 4.30380E-03 0.0051
1.3332E+00 3.92020E-03 0.0052
1.8360E+00 3.25380E-03 0.0056

Energy Bin   Relative Error
6.0327E-02 4.51537413327
8.8348E-02 0.459631371774
1.2213E-01 0.105981946473
1.5936E-01 0.011819125434
3.9236E-01 0.167997040417
5.1404E-01 0.188883908061
6.6221E-01 0.200908020093
8.9828E-01 0.00250369639565
1.1731E+00 0.0276865018901
1.3332E+00 0.00355292361593
1.8360E+00 0.0488074360312

Chi Squared Value
21417.049505554678
Average Error
0.521195100315