Energy Bin  Efficiency  Uncertainity
6.0327E-02 1.96956E-02 0.0031
8.8348E-02 1.97730E-02 0.0031
1.2213E-01 1.86599E-02 0.0032
1.5936E-01 1.69599E-02 0.0032
3.9236E-01 9.29807E-03 0.0039
5.1404E-01 7.70113E-03 0.0041
6.6221E-01 6.46393E-03 0.0044
8.9828E-01 5.28007E-03 0.0047
1.1731E+00 4.48040E-03 0.0050
1.3332E+00 4.07180E-03 0.0051
1.8360E+00 3.35233E-03 0.0055

Energy Bin   Relative Error
6.0327E-02 5.75782156704
8.8348E-02 0.6731571233
1.2213E-01 0.239006545373
1.5936E-01 0.117625107328
3.9236E-01 0.110549574602
5.1404E-01 0.140971661104
6.6221E-01 0.158109731395
8.9828E-01 0.0483152600895
1.1731E+00 0.0698560813859
1.3332E+00 0.0349811758636
1.8360E+00 0.0805669162304

Chi Squared Value
34883.133103921486
Average Error
0.675541885792