Energy Bin  Efficiency  Uncertainity
6.0327E-02 1.95791E-02 0.0031
8.8348E-02 2.02729E-02 0.0031
1.2213E-01 1.94339E-02 0.0031
1.5936E-01 1.78545E-02 0.0032
3.9236E-01 1.01361E-02 0.0038
5.1404E-01 8.47373E-03 0.0040
6.6221E-01 7.19613E-03 0.0042
8.9828E-01 5.91613E-03 0.0045
1.1731E+00 5.06507E-03 0.0047
1.3332E+00 4.61860E-03 0.0049
1.8360E+00 3.81667E-03 0.0052

Energy Bin   Relative Error
6.0327E-02 5.71784887199
8.8348E-02 0.715457798258
1.2213E-01 0.290399696789
1.5936E-01 0.176577543428
3.9236E-01 0.0303838907564
5.1404E-01 0.0547914129291
6.6221E-01 0.062744828825
8.9828E-01 0.174599836683
1.1731E+00 0.209466998961
1.3332E+00 0.173968284013
1.8360E+00 0.230239067207

Chi Squared Value
34610.744119004295
Average Error
0.712407111804