Energy Bin  Efficiency  Uncertainity
6.0327E-02 1.85475E-02 0.0032
8.8348E-02 1.91755E-02 0.0032
1.2213E-01 1.82917E-02 0.0032
1.5936E-01 1.67186E-02 0.0033
3.9236E-01 9.29433E-03 0.0039
5.1404E-01 7.73720E-03 0.0041
6.6221E-01 6.51073E-03 0.0044
8.9828E-01 5.33373E-03 0.0047
1.1731E+00 4.52760E-03 0.0049
1.3332E+00 4.12240E-03 0.0051
1.8360E+00 3.39747E-03 0.0055

Energy Bin   Relative Error
6.0327E-02 5.3638932307
8.8348E-02 0.622597704842
1.2213E-01 0.214558278769
1.5936E-01 0.10172389692
3.9236E-01 0.110907341815
5.1404E-01 0.136948205821
6.6221E-01 0.152014296487
8.9828E-01 0.0589690197663
1.1731E+00 0.0811267730744
1.3332E+00 0.0478428212044
1.8360E+00 0.0951170322985

Chi Squared Value
30275.927172799536
Average Error
0.635063509245