Energy Bin  Efficiency  Uncertainity
6.0327E-02 1.86493E-02 0.0032
8.8348E-02 1.92971E-02 0.0031
1.2213E-01 1.84333E-02 0.0032
1.5936E-01 1.68895E-02 0.0033
3.9236E-01 9.56447E-03 0.0039
5.1404E-01 8.00500E-03 0.0041
6.6221E-01 6.77487E-03 0.0043
8.9828E-01 5.58253E-03 0.0046
1.1731E+00 4.76533E-03 0.0049
1.3332E+00 4.34973E-03 0.0050
1.8360E+00 3.60567E-03 0.0054

Energy Bin   Relative Error
6.0327E-02 5.39882216079
8.8348E-02 0.632887286908
1.2213E-01 0.223960436702
1.5936E-01 0.112985881415
3.9236E-01 0.0850658351459
5.1404E-01 0.107076253373
6.6221E-01 0.117611557665
8.9828E-01 0.108366250619
1.1731E+00 0.137893331022
1.3332E+00 0.105626177634
1.8360E+00 0.162226783415

Chi Squared Value
30710.541091123883
Average Error
0.653865632245