Energy Bin  Efficiency  Uncertainity
6.0327E-02 1.64415E-02 0.0034
8.8348E-02 1.75102E-02 0.0033
1.2213E-01 1.68686E-02 0.0033
1.5936E-01 1.55293E-02 0.0034
3.9236E-01 8.75953E-03 0.0040
5.1404E-01 7.31973E-03 0.0043
6.6221E-01 6.17053E-03 0.0045
8.9828E-01 5.07433E-03 0.0048
1.1731E+00 4.32307E-03 0.0051
1.3332E+00 3.93480E-03 0.0052
1.8360E+00 3.26553E-03 0.0056

Energy Bin   Relative Error
6.0327E-02 4.6412967005
8.8348E-02 0.481682893866
1.2213E-01 0.120065263548
1.5936E-01 0.0233512921202
3.9236E-01 0.162066140093
5.1404E-01 0.183515211006
6.6221E-01 0.196323419478
8.9828E-01 0.00746724451191
1.1731E+00 0.0322879050435
1.3332E+00 0.000158144012046
1.8360E+00 0.0525884032771

Chi Squared Value
22628.668594087958
Average Error
0.536436601587