Energy Bin  Efficiency  Uncertainity
6.0327E-02 1.88844E-02 0.0032
8.8348E-02 1.95386E-02 0.0031
1.2213E-01 1.86843E-02 0.0032
1.5936E-01 1.71357E-02 0.0032
3.9236E-01 9.69820E-03 0.0039
5.1404E-01 8.11707E-03 0.0041
6.6221E-01 6.86327E-03 0.0043
8.9828E-01 5.65373E-03 0.0046
1.1731E+00 4.82727E-03 0.0048
1.3332E+00 4.40347E-03 0.0050
1.8360E+00 3.64713E-03 0.0053

Energy Bin   Relative Error
6.0327E-02 5.47948808874
8.8348E-02 0.653322599975
1.2213E-01 0.240626691231
1.5936E-01 0.129209992491
3.9236E-01 0.072273265786
5.1404E-01 0.0945753209206
6.6221E-01 0.106097958393
8.9828E-01 0.122502435654
1.1731E+00 0.152683726005
1.3332E+00 0.119285956697
1.8360E+00 0.17559071368

Chi Squared Value
31664.64460330218
Average Error
0.667786977234