Energy Bin  Efficiency  Uncertainity
6.0327E-02 1.92658E-02 0.0032
8.8348E-02 1.94707E-02 0.0031
1.2213E-01 1.84335E-02 0.0032
1.5936E-01 1.67697E-02 0.0033
3.9236E-01 9.22853E-03 0.0039
5.1404E-01 7.64960E-03 0.0042
6.6221E-01 6.43013E-03 0.0044
8.9828E-01 5.25393E-03 0.0047
1.1731E+00 4.46027E-03 0.0050
1.3332E+00 4.05353E-03 0.0051
1.8360E+00 3.34347E-03 0.0055

Energy Bin   Relative Error
6.0327E-02 5.61035148694
8.8348E-02 0.6475770192
1.2213E-01 0.223973716586
1.5936E-01 0.105091289593
3.9236E-01 0.117201748933
5.1404E-01 0.146719613717
6.6221E-01 0.162511989941
8.9828E-01 0.0431253741791
1.1731E+00 0.0650493224094
1.3332E+00 0.0303372576744
1.8360E+00 0.0777110449773

Chi Squared Value
33108.44163481881
Average Error
0.657240896741