Energy Bin  Efficiency  Uncertainity
6.0327E-02 1.60747E-02 0.0035
8.8348E-02 1.72499E-02 0.0033
1.2213E-01 1.66562E-02 0.0033
1.5936E-01 1.53552E-02 0.0034
3.9236E-01 8.69747E-03 0.0040
5.1404E-01 7.27013E-03 0.0043
6.6221E-01 6.13373E-03 0.0045
8.9828E-01 5.05020E-03 0.0048
1.1731E+00 4.30427E-03 0.0051
1.3332E+00 3.91987E-03 0.0052
1.8360E+00 3.25467E-03 0.0056

Energy Bin   Relative Error
6.0327E-02 4.51544275593
8.8348E-02 0.459656757256
1.2213E-01 0.105962026647
1.5936E-01 0.0118784337198
3.9236E-01 0.168002779998
5.1404E-01 0.189047880317
6.6221E-01 0.201116411031
8.9828E-01 0.00267642787009
1.1731E+00 0.0277987312353
1.3332E+00 0.00363680391163
1.8360E+00 0.0490878658269

Chi Squared Value
21417.901782009572
Average Error
0.521300624885