Energy Bin  Efficiency  Uncertainity
6.0327E-02 1.85919E-02 0.0032
8.8348E-02 1.92215E-02 0.0032
1.2213E-01 1.83477E-02 0.0032
1.5936E-01 1.67858E-02 0.0033
3.9236E-01 9.36380E-03 0.0039
5.1404E-01 7.79967E-03 0.0041
6.6221E-01 6.57073E-03 0.0044
8.9828E-01 5.38687E-03 0.0047
1.1731E+00 4.57107E-03 0.0049
1.3332E+00 4.16500E-03 0.0051
1.8360E+00 3.43227E-03 0.0055

Energy Bin   Relative Error
6.0327E-02 5.37912745954
8.8348E-02 0.626490145426
1.2213E-01 0.218276646313
1.5936E-01 0.106152248928
3.9236E-01 0.104261863662
5.1404E-01 0.129979942679
6.6221E-01 0.144199636347
8.9828E-01 0.0695195376422
1.1731E+00 0.0915067935766
1.3332E+00 0.0586710048313
1.8360E+00 0.106334224128

Chi Squared Value
30453.61224779588
Average Error
0.639501773007