Energy Bin  Efficiency  Uncertainity
6.0327E-02 1.85071E-02 0.0032
8.8348E-02 1.91270E-02 0.0032
1.2213E-01 1.82320E-02 0.0032
1.5936E-01 1.66480E-02 0.0033
3.9236E-01 9.23013E-03 0.0039
5.1404E-01 7.67087E-03 0.0042
6.6221E-01 6.45320E-03 0.0044
8.9828E-01 5.28580E-03 0.0047
1.1731E+00 4.48247E-03 0.0050
1.3332E+00 4.08287E-03 0.0051
1.8360E+00 3.36560E-03 0.0055

Energy Bin   Relative Error
6.0327E-02 5.35003145491
8.8348E-02 0.618493718574
1.2213E-01 0.210594233369
1.5936E-01 0.0970714913884
3.9236E-01 0.117048693441
5.1404E-01 0.144347035567
6.6221E-01 0.159507253117
8.9828E-01 0.0494529053178
1.1731E+00 0.0703503680764
1.3332E+00 0.0377949785103
1.8360E+00 0.084844276448

Chi Squared Value
30115.03484641914
Average Error
0.630866946247