Energy Bin  Efficiency  Uncertainity
6.0327E-02 1.86493E-02 0.0032
8.8348E-02 1.92965E-02 0.0031
1.2213E-01 1.84325E-02 0.0032
1.5936E-01 1.68851E-02 0.0033
3.9236E-01 9.51807E-03 0.0039
5.1404E-01 7.95333E-03 0.0041
6.6221E-01 6.72653E-03 0.0043
8.9828E-01 5.52660E-03 0.0046
1.1731E+00 4.71193E-03 0.0049
1.3332E+00 4.29173E-03 0.0050
1.8360E+00 3.55840E-03 0.0054

Energy Bin   Relative Error
6.0327E-02 5.39882216079
8.8348E-02 0.632836515944
1.2213E-01 0.223907317166
1.5936E-01 0.112695929796
3.9236E-01 0.0895044444206
5.1404E-01 0.112839822391
6.6221E-01 0.123907568851
8.9828E-01 0.0972618007736
1.1731E+00 0.12514216712
1.3332E+00 0.0908835802076
1.8360E+00 0.146990097847

Chi Squared Value
30700.313334145347
Average Error
0.650435582301