Energy Bin  Efficiency  Uncertainity
6.0327E-02 1.77899E-02 0.0033
8.8348E-02 1.84674E-02 0.0032
1.2213E-01 1.76431E-02 0.0032
1.5936E-01 1.61520E-02 0.0033
3.9236E-01 9.02093E-03 0.0040
5.1404E-01 7.50920E-03 0.0042
6.6221E-01 6.33087E-03 0.0044
8.9828E-01 5.19553E-03 0.0047
1.1731E+00 4.41667E-03 0.0050
1.3332E+00 4.01993E-03 0.0052
1.8360E+00 3.32527E-03 0.0055

Energy Bin   Relative Error
6.0327E-02 5.10395062326
8.8348E-02 0.562679505327
1.2213E-01 0.171491614674
1.5936E-01 0.0643860360947
3.9236E-01 0.13706069905
5.1404E-01 0.162380637331
6.6221E-01 0.175440042698
8.9828E-01 0.0315305257796
1.1731E+00 0.0546382597479
1.3332E+00 0.0217967184757
1.8360E+00 0.0718445825839

Chi Squared Value
27377.63679577529
Average Error
0.596109022274