Energy Bin  Efficiency  Uncertainity
6.0327E-02 1.77906E-02 0.0033
8.8348E-02 1.84689E-02 0.0032
1.2213E-01 1.76447E-02 0.0032
1.5936E-01 1.61561E-02 0.0033
3.9236E-01 9.03040E-03 0.0040
5.1404E-01 7.51980E-03 0.0042
6.6221E-01 6.33787E-03 0.0044
8.9828E-01 5.20500E-03 0.0047
1.1731E+00 4.42567E-03 0.0050
1.3332E+00 4.02833E-03 0.0052
1.8360E+00 3.33120E-03 0.0055

Energy Bin   Relative Error
6.0327E-02 5.10419080254
8.8348E-02 0.562806432738
1.2213E-01 0.171597853747
1.5936E-01 0.0646562182857
3.9236E-01 0.136154801855
5.1404E-01 0.161198252357
6.6221E-01 0.174528332349
8.9828E-01 0.033410717806
1.1731E+00 0.0567873323156
1.3332E+00 0.0239318532754
1.8360E+00 0.0737560178582

Chi Squared Value
27380.169158748795
Average Error
0.596638055921