Energy Bin  Efficiency  Uncertainity
6.0327E-02 2.40003E-02 0.0028
8.8348E-02 2.51953E-02 0.0027
1.2213E-01 2.45263E-02 0.0027
1.5936E-01 2.28566E-02 0.0028
3.9236E-01 1.33573E-02 0.0033
5.1404E-01 1.11955E-02 0.0034
6.6221E-01 9.54080E-03 0.0036
8.9828E-01 7.90540E-03 0.0039
1.1731E+00 6.76640E-03 0.0041
1.3332E+00 6.19920E-03 0.0042
1.8360E+00 5.11187E-03 0.0045

Energy Bin   Relative Error
6.0327E-02 7.23482122684
8.8348E-02 1.13198278808
1.2213E-01 0.628532105412
1.5936E-01 0.506206406179
3.9236E-01 0.277755078975
5.1404E-01 0.248810469127
6.6221E-01 0.242635157668
8.9828E-01 0.569553331132
1.1731E+00 0.61572051359
1.3332E+00 0.575729482149
1.8360E+00 0.647724896436

Chi Squared Value
57789.9256894677
Average Error
1.15267922324