Energy Bin  Efficiency  Uncertainity
6.0327E-02 2.35152E-02 0.0029
8.8348E-02 2.46247E-02 0.0028
1.2213E-01 2.39177E-02 0.0028
1.5936E-01 2.22509E-02 0.0028
3.9236E-01 1.29321E-02 0.0033
5.1404E-01 1.08375E-02 0.0035
6.6221E-01 9.23907E-03 0.0037
8.9828E-01 7.66727E-03 0.0039
1.1731E+00 6.54733E-03 0.0041
1.3332E+00 6.00447E-03 0.0043
1.8360E+00 4.93753E-03 0.0046

Energy Bin   Relative Error
6.0327E-02 7.06837698334
8.8348E-02 1.08369960118
1.2213E-01 0.588121418135
1.5936E-01 0.466291929825
3.9236E-01 0.237080581915
5.1404E-01 0.208877089827
6.6221E-01 0.203336534269
8.9828E-01 0.522274542615
1.1731E+00 0.563409699433
1.3332E+00 0.526232482204
1.8360E+00 0.591529344037

Chi Squared Value
54826.05735892129
Average Error
1.09629365516