Energy Bin  Efficiency  Uncertainity
6.0327E-02 1.60757E-02 0.0035
8.8348E-02 1.72504E-02 0.0033
1.2213E-01 1.66567E-02 0.0033
1.5936E-01 1.53549E-02 0.0034
3.9236E-01 8.69733E-03 0.0040
5.1404E-01 7.27280E-03 0.0043
6.6221E-01 6.13527E-03 0.0045
8.9828E-01 5.04980E-03 0.0048
1.1731E+00 4.30493E-03 0.0051
1.3332E+00 3.91927E-03 0.0052
1.8360E+00 3.25473E-03 0.0056

Energy Bin   Relative Error
6.0327E-02 4.51578586919
8.8348E-02 0.459699066392
1.2213E-01 0.105995226358
1.5936E-01 0.0118586642912
3.9236E-01 0.168016172353
5.1404E-01 0.188750053159
6.6221E-01 0.200915834754
8.9828E-01 0.00259701110023
1.1731E+00 0.0279563298903
1.3332E+00 0.00378931354018
1.8360E+00 0.0491072058128

Chi Squared Value
21420.96727041764
Average Error
0.52131552244