Energy Bin  Efficiency  Uncertainity
6.0327E-02 2.14907E-02 0.0030
8.8348E-02 2.23712E-02 0.0029
1.2213E-01 2.15745E-02 0.0029
1.5936E-01 1.99269E-02 0.0030
3.9236E-01 1.14311E-02 0.0035
5.1404E-01 9.55573E-03 0.0037
6.6221E-01 8.13907E-03 0.0039
8.9828E-01 6.71547E-03 0.0042
1.1731E+00 5.74993E-03 0.0044
1.3332E+00 5.25327E-03 0.0046
1.8360E+00 4.33607E-03 0.0049

Energy Bin   Relative Error
6.0327E-02 6.37374418402
8.8348E-02 0.89301232169
1.2213E-01 0.432534296172
1.5936E-01 0.313144756232
3.9236E-01 0.0934953982671
5.1404E-01 0.0659010909872
6.6221E-01 0.0600677650425
8.9828E-01 0.333302338733
1.1731E+00 0.373001869932
1.3332E+00 0.335290427263
1.8360E+00 0.397658878589

Chi Squared Value
43657.660719213454
Average Error
0.879195756993