Energy Bin  Efficiency  Uncertainity
6.0327E-02 1.86493E-02 0.0032
8.8348E-02 1.92969E-02 0.0031
1.2213E-01 1.84348E-02 0.0032
1.5936E-01 1.68919E-02 0.0033
3.9236E-01 9.60167E-03 0.0039
5.1404E-01 8.05107E-03 0.0041
6.6221E-01 6.81960E-03 0.0043
8.9828E-01 5.63013E-03 0.0046
1.1731E+00 4.82213E-03 0.0049
1.3332E+00 4.40147E-03 0.0050
1.8360E+00 3.66667E-03 0.0054

Energy Bin   Relative Error
6.0327E-02 5.39882216079
8.8348E-02 0.632870363254
1.2213E-01 0.224060035833
1.5936E-01 0.113144036844
3.9236E-01 0.0815072949516
5.1404E-01 0.101937340568
6.6221E-01 0.111785728531
8.9828E-01 0.117816846233
1.1731E+00 0.151456366783
1.3332E+00 0.118777591269
1.8360E+00 0.181889102426

Chi Squared Value
30723.888704134642
Average Error
0.657642442499