Energy Bin  Efficiency  Uncertainity
6.0327E-02 1.60753E-02 0.0035
8.8348E-02 1.72506E-02 0.0033
1.2213E-01 1.66571E-02 0.0033
1.5936E-01 1.53545E-02 0.0034
3.9236E-01 8.69673E-03 0.0040
5.1404E-01 7.27247E-03 0.0043
6.6221E-01 6.13500E-03 0.0045
8.9828E-01 5.05020E-03 0.0048
1.1731E+00 4.30493E-03 0.0051
1.3332E+00 3.92000E-03 0.0052
1.8360E+00 3.25440E-03 0.0056

Energy Bin   Relative Error
6.0327E-02 4.51564862388
8.8348E-02 0.459715990047
1.2213E-01 0.106021786126
1.5936E-01 0.011832305053
3.9236E-01 0.168073568163
5.1404E-01 0.188786863257
6.6221E-01 0.200951000724
8.9828E-01 0.00267642787009
1.1731E+00 0.0279563298903
1.3332E+00 0.00360376015878
1.8360E+00 0.0490008358903

Chi Squared Value
21419.74446596965
Average Error
0.521297044642