Energy Bin  Efficiency  Uncertainity
6.0327E-02 2.05277E-02 0.0031
8.8348E-02 2.13122E-02 0.0030
1.2213E-01 2.04865E-02 0.0030
1.5936E-01 1.88573E-02 0.0031
3.9236E-01 1.07693E-02 0.0036
5.1404E-01 8.98253E-03 0.0039
6.6221E-01 7.64187E-03 0.0041
8.9828E-01 6.29233E-03 0.0043
1.1731E+00 5.38707E-03 0.0046
1.3332E+00 4.92813E-03 0.0047
1.8360E+00 4.07267E-03 0.0051

Energy Bin   Relative Error
6.0327E-02 6.04332611251
8.8348E-02 0.803401569979
1.2213E-01 0.360291726739
1.5936E-01 0.242660153445
3.9236E-01 0.0301878202935
5.1404E-01 0.00196306580711
6.6221E-01 0.00468971864781
8.9828E-01 0.249291308736
1.1731E+00 0.286356039718
1.3332E+00 0.252645459553
1.8360E+00 0.312756340433

Chi Squared Value
38924.678236793734
Average Error
0.780688119624