Energy Bin  Efficiency  Uncertainity
6.0327E-02 1.86501E-02 0.0032
8.8348E-02 1.92967E-02 0.0031
1.2213E-01 1.84327E-02 0.0032
1.5936E-01 1.68884E-02 0.0033
3.9236E-01 9.54407E-03 0.0039
5.1404E-01 7.97980E-03 0.0041
6.6221E-01 6.74827E-03 0.0043
8.9828E-01 5.55813E-03 0.0046
1.1731E+00 4.74080E-03 0.0049
1.3332E+00 4.31993E-03 0.0050
1.8360E+00 3.58273E-03 0.0054

Energy Bin   Relative Error
6.0327E-02 5.3990966514
8.8348E-02 0.632853439599
1.2213E-01 0.22392059705
1.5936E-01 0.112913393511
3.9236E-01 0.0870172926719
5.1404E-01 0.10988720633
6.6221E-01 0.121076056994
8.9828E-01 0.103521827658
1.1731E+00 0.132035914346
1.3332E+00 0.0980515327493
1.8360E+00 0.154832462134

Chi Squared Value
30708.61401304753
Average Error
0.652291488586