Energy Bin  Efficiency  Uncertainity
6.0327E-02 1.15407E-02 0.0041
8.8348E-02 1.21116E-02 0.0040
1.2213E-01 1.17033E-02 0.0040
1.5936E-01 1.05711E-02 0.0041
3.9236E-01 6.16680E-03 0.0048
5.1404E-01 5.18960E-03 0.0050
6.6221E-01 4.45673E-03 0.0053
8.9828E-01 3.68847E-03 0.0056
1.1731E+00 3.18207E-03 0.0059
1.3332E+00 2.97460E-03 0.0060
1.8360E+00 2.43387E-03 0.0064

Energy Bin   Relative Error
6.0327E-02 4.72912452201
8.8348E-02 0.561947822359
1.2213E-01 0.256884898644
1.5936E-01 0.128521792034
3.9236E-01 0.0318813880443
5.1404E-01 0.073674064404
6.6221E-01 0.0735295512786
8.9828E-01 0.051173403375
1.1731E+00 0.0551919702025
1.3332E+00 0.0456650691379
1.8360E+00 0.0586675253296

Chi Squared Value
0.5320044692749027
Average Error
0.551478364257