Energy Bin  Efficiency  Uncertainity
6.0327E-02 1.50667E-02 0.1140
8.8348E-02 1.19333E-02 0.1260
1.2213E-01 1.20667E-02 0.1251
1.5936E-01 1.39333E-02 0.1106
3.9236E-01 6.80000E-03 0.1480
5.1404E-01 4.66667E-03 0.1505
6.6221E-01 4.86667E-03 0.1525
8.9828E-01 3.20000E-03 0.1787
1.1731E+00 4.73333E-03 0.1618
1.3332E+00 3.46667E-03 0.1671
1.8360E+00 3.73333E-03 0.1744

Energy Bin   Relative Error
6.0327E-02 7.15948619179
8.8348E-02 0.678858610248
1.2213E-01 0.41372275013
1.5936E-01 0.622677886101
3.9236E-01 0.164571558191
5.1404E-01 0.0912894066733
6.6221E-01 0.10366102632
8.9828E-01 0.00512928396771
1.1731E+00 0.712289104543
1.3332E+00 0.329428821682
1.8360E+00 0.771524466574

Chi Squared Value
55069.285059314745
Average Error
1.00478537329