Energy Bin  Efficiency  Uncertainity
6.0327E-02 1.46000E-02 0.1153
8.8348E-02 1.06667E-02 0.1327
1.2213E-01 1.08000E-02 0.1325
1.5936E-01 1.28000E-02 0.1158
3.9236E-01 5.93333E-03 0.1571
5.1404E-01 4.60000E-03 0.1520
6.6221E-01 4.80000E-03 0.1589
8.9828E-01 3.26667E-03 0.1808
1.1731E+00 4.60000E-03 0.1627
1.3332E+00 3.26667E-03 0.1689
1.8360E+00 3.53333E-03 0.1853

Energy Bin   Relative Error
6.0327E-02 6.90674125058
8.8348E-02 0.500664622354
1.2213E-01 0.265317419129
1.5936E-01 0.490693298938
3.9236E-01 0.0161452004945
5.1404E-01 0.104271626384
6.6221E-01 0.0885416365475
8.9828E-01 0.0155982256066
1.1731E+00 0.664056780511
1.3332E+00 0.252731078795
1.8360E+00 0.676621285415

Chi Squared Value
50665.417007829594
Average Error
0.907398402251