Energy Bin    Value   Uncertainity
6.0327E-02 8.96527E-03 0.0047
8.8348E-02 9.36293E-03 0.0045
1.2213E-01 9.06513E-03 0.0045
1.5936E-01 8.39707E-03 0.0046
3.2020E-01 5.80827E-03 0.0051
3.9236E-01 5.13840E-03 0.0053
5.1404E-01 4.35000E-03 0.0055
6.6221E-01 3.79113E-03 0.0058
8.9828E-01 3.20233E-03 0.0061
1.1731E+00 2.79767E-03 0.0064
1.3332E+00 2.63133E-03 0.0065
1.8360E+00 2.20913E-03 0.0069

Energy Bin   Relative Error
6.0327E-02 3.85521028299
8.8348E-02 0.31724130355
1.2213E-01 0.0620617495989
1.5936E-01 0.0220737515851
3.2020E-01 0.216586022018
3.9236E-01 0.119994927263
5.1404E-01 0.152952516254
6.6221E-01 0.140249405299
8.9828E-01 0.0044048937276
1.1731E+00 0.0120612463333
1.3332E+00 0.00908535896333
1.8360E+00 0.0482673229643

Average Error
0.413349065045