Energy Bin  Efficiency  Uncertainity
6.0327E-02 1.62667E-02 0.1091
8.8348E-02 1.35333E-02 0.1179
1.2213E-01 1.33333E-02 0.1183
1.5936E-01 1.45333E-02 0.1066
3.9236E-01 7.80000E-03 0.1426
5.1404E-01 4.93333E-03 0.1449
6.6221E-01 5.13333E-03 0.1502
8.9828E-01 3.66667E-03 0.1729
1.1731E+00 5.33333E-03 0.1575
1.3332E+00 3.46667E-03 0.1671
1.8360E+00 3.80000E-03 0.1649

Energy Bin   Relative Error
6.0327E-02 7.80935533568
8.8348E-02 0.903957600167
1.2213E-01 0.562116365229
1.5936E-01 0.692554134488
3.9236E-01 0.335832081455
5.1404E-01 0.0393644223019
6.6221E-01 0.164134049821
8.9828E-01 0.139957065111
1.1731E+00 0.929339988958
1.3332E+00 0.329428821682
1.8360E+00 0.803160442013

Chi Squared Value
66220.28769161522
Average Error
1.15538184608