Energy Bin  Efficiency  Uncertainity
6.0327E-02 1.66000E-02 0.1078
8.8348E-02 1.43333E-02 0.1149
1.2213E-01 1.34667E-02 0.1173
1.5936E-01 1.48667E-02 0.1058
3.9236E-01 7.53333E-03 0.1355
5.1404E-01 5.00000E-03 0.1448
6.6221E-01 5.46667E-03 0.1497
8.9828E-01 3.80000E-03 0.1722
1.1731E+00 5.33333E-03 0.1575
1.3332E+00 3.53333E-03 0.1650
1.8360E+00 3.66667E-03 0.1650

Energy Bin   Relative Error
6.0327E-02 7.98985649039
8.8348E-02 1.01650709513
1.2213E-01 0.577745378536
1.5936E-01 0.731382036509
3.9236E-01 0.290162037716
5.1404E-01 0.0263822025912
6.6221E-01 0.239728730889
8.9828E-01 0.181408975288
1.1731E+00 0.929339988958
1.3332E+00 0.354992179387
1.8360E+00 0.739893236294

Chi Squared Value
69381.74332286086
Average Error
1.18885439561