Energy Bin  Efficiency  Uncertainity
6.0327E-02 1.52667E-02 0.1129
8.8348E-02 1.28000E-02 0.1213
1.2213E-01 1.22000E-02 0.1239
1.5936E-01 1.41333E-02 0.1095
3.9236E-01 7.46667E-03 0.1449
5.1404E-01 4.73333E-03 0.1491
6.6221E-01 5.00000E-03 0.1508
8.9828E-01 3.26667E-03 0.1808
1.1731E+00 4.93333E-03 0.1593
1.3332E+00 3.53333E-03 0.1671
1.8360E+00 3.80000E-03 0.1722

Energy Bin   Relative Error
6.0327E-02 7.26779771577
8.8348E-02 0.80079191935
1.2213E-01 0.429340047535
1.5936E-01 0.645969968897
3.9236E-01 0.278745811235
5.1404E-01 0.0783091341982
6.6221E-01 0.13389753807
8.9828E-01 0.0155982256066
1.1731E+00 0.784639399348
1.3332E+00 0.354992179387
1.8360E+00 0.803160442013

Chi Squared Value
57146.71730452478
Average Error
1.05393112558