Energy Bin  Efficiency  Uncertainity
6.0327E-02 1.28000E-02 0.1229
8.8348E-02 9.53333E-03 0.1418
1.2213E-01 9.66667E-03 0.1391
1.5936E-01 1.13333E-02 0.1231
3.9236E-01 5.13333E-03 0.1722
5.1404E-01 3.33333E-03 0.1738
6.6221E-01 3.60000E-03 0.1712
8.9828E-01 3.33333E-03 0.1871
1.1731E+00 3.86667E-03 0.1683
1.3332E+00 2.80000E-03 0.1869
1.8360E+00 2.86667E-03 0.1954

Energy Bin   Relative Error
6.0327E-02 5.93193753476
8.8348E-02 0.341214345976
1.2213E-01 0.132537586664
1.5936E-01 0.319880809754
3.9236E-01 0.120863218116
5.1404E-01 0.350922117473
6.6221E-01 0.183593772589
8.9828E-01 0.03632262621
1.1731E+00 0.398773572065
1.3332E+00 0.0737684004277
1.8360E+00 0.360280511659

Chi Squared Value
36927.436527928185
Average Error
0.750008590518