Energy Bin  Efficiency  Uncertainity
6.0327E-02 1.17333E-02 0.1285
8.8348E-02 8.53333E-03 0.1496
1.2213E-01 9.06667E-03 0.1434
1.5936E-01 1.04000E-02 0.1284
3.9236E-01 4.86667E-03 0.1765
5.1404E-01 3.00000E-03 0.1840
6.6221E-01 3.73333E-03 0.1707
8.9828E-01 3.40000E-03 0.1844
1.1731E+00 3.80000E-03 0.1704
1.3332E+00 2.73333E-03 0.1900
1.8360E+00 3.00000E-03 0.1970

Energy Bin   Relative Error
6.0327E-02 5.35425802161
8.8348E-02 0.200527477277
1.2213E-01 0.0622421744902
1.5936E-01 0.211188305387
3.9236E-01 0.16653154925
5.1404E-01 0.415829321555
6.6221E-01 0.153357260839
8.9828E-01 0.0570501357843
1.1731E+00 0.374655601292
1.3332E+00 0.0482012078361
1.8360E+00 0.423547717379

Chi Squared Value
30156.344251352555
Average Error
0.678853524791