Energy Bin  Efficiency  Uncertainity
6.0327E-02 1.83333E-02 0.2285
8.8348E-02 2.10000E-02 0.2100
1.2213E-01 1.26667E-02 0.2665
1.5936E-01 1.90000E-02 0.2103
3.2020E-01 1.00000E-03 0.9995
3.9236E-01 9.66667E-03 0.2442
5.1404E-01 6.66667E-03 0.2720
6.6221E-01 4.66667E-03 0.3335
8.9828E-01 3.00000E-03 0.3994
1.1731E+00 6.66667E-03 0.2983
1.3332E+00 5.66667E-03 0.3040
1.8360E+00 5.33333E-03 0.3292

Energy Bin   Relative Error
6.0327E-02 8.10116012022
8.8348E-02 1.70822222246
1.2213E-01 0.360349982112
1.5936E-01 1.02835221014
3.2020E-01 0.80799724298
3.9236E-01 0.51755904888
5.1404E-01 0.189977902933
6.6221E-01 0.0298869689358
8.9828E-01 0.14503297841
1.1731E+00 1.21070455772
1.3332E+00 0.992011993993
1.8360E+00 1.31985408952

Chi Squared Value
2.008109517139218