Energy Bin    Value   Uncertainity
6.0327E-02 8.68927E-03 0.0047
8.8348E-02 9.06307E-03 0.0046
1.2213E-01 8.78767E-03 0.0046
1.5936E-01 8.12540E-03 0.0047
3.2020E-01 5.56813E-03 0.0052
3.9236E-01 4.88893E-03 0.0054
5.1404E-01 4.11993E-03 0.0056
6.6221E-01 3.55513E-03 0.0059
8.9828E-01 2.96680E-03 0.0063
1.1731E+00 2.56527E-03 0.0066
1.3332E+00 2.41187E-03 0.0067
1.8360E+00 1.99473E-03 0.0071

Energy Bin   Relative Error
6.0327E-02 3.70574037989
8.8348E-02 0.275054939102
1.2213E-01 0.0295548078293
1.5936E-01 0.0537125522509
3.2020E-01 0.166286885213
3.9236E-01 0.162719290002
5.1404E-01 0.197752565584
6.6221E-01 0.193769369096
8.9828E-01 0.0776304873986
1.1731E+00 0.0720097962299
1.3332E+00 0.0750750743073
1.8360E+00 0.0534688872377

Average Error
0.421897919512