Energy Bin  Efficiency  Uncertainity
6.0327E-02 1.40611E-02 0.0037
8.8348E-02 1.41877E-02 0.0037
1.2213E-01 1.35229E-02 0.0037
1.5936E-01 1.21068E-02 0.0038
3.9236E-01 6.97620E-03 0.0045
5.1404E-01 5.87100E-03 0.0048
6.6221E-01 5.06280E-03 0.0050
8.9828E-01 4.20020E-03 0.0053
1.1731E+00 3.62780E-03 0.0056
1.3332E+00 3.38887E-03 0.0057
1.8360E+00 2.77987E-03 0.0061

Energy Bin   Relative Error
6.0327E-02 5.98032119512
8.8348E-02 0.82968782979
1.2213E-01 0.452302239186
1.5936E-01 0.292466028303
3.9236E-01 0.095185357191
5.1404E-01 0.047953516241
6.6221E-01 0.0524610168861
8.9828E-01 0.197010828028
1.1731E+00 0.202998497676
1.3332E+00 0.191293949724
1.8360E+00 0.20916815345

Chi Squared Value
0.8869973012117426
Average Error
0.777349873781