Energy Bin  Efficiency  Uncertainity
6.0327E-02 1.33459E-02 0.0038
8.8348E-02 1.34816E-02 0.0038
1.2213E-01 1.28654E-02 0.0038
1.5936E-01 1.15175E-02 0.0039
3.9236E-01 6.53607E-03 0.0046
5.1404E-01 5.46460E-03 0.0049
6.6221E-01 4.67520E-03 0.0051
8.9828E-01 3.84853E-03 0.0055
1.1731E+00 3.29687E-03 0.0058
1.3332E+00 3.08000E-03 0.0059
1.8360E+00 2.50553E-03 0.0063

Energy Bin   Relative Error
6.0327E-02 5.62527601951
8.8348E-02 0.738627081634
1.2213E-01 0.381689521332
1.5936E-01 0.229555083175
3.9236E-01 0.0260898709291
5.1404E-01 0.0245875004513
6.6221E-01 0.0281137421692
8.9828E-01 0.0967887438669
1.1731E+00 0.0932602836523
1.3332E+00 0.0827164704312
1.8360E+00 0.0898376843213

Chi Squared Value
0.7692530701787287
Average Error
0.674231091043