Energy Bin  Efficiency  Uncertainity
6.0327E-02 1.19333E-02 0.1275
8.8348E-02 8.73333E-03 0.1479
1.2213E-01 9.26667E-03 0.1419
1.5936E-01 1.06000E-02 0.1270
3.9236E-01 5.06667E-03 0.1740
5.1404E-01 3.13333E-03 0.1812
6.6221E-01 3.66667E-03 0.1709
8.9828E-01 3.33333E-03 0.1871
1.1731E+00 3.80000E-03 0.1704
1.3332E+00 2.66667E-03 0.1931
1.8360E+00 3.00000E-03 0.1970

Energy Bin   Relative Error
6.0327E-02 5.46256954559
8.8348E-02 0.228664851017
1.2213E-01 0.0856739785481
1.5936E-01 0.234480388183
3.9236E-01 0.132279444597
5.1404E-01 0.389866829369
6.6221E-01 0.168474382817
8.9828E-01 0.03632262621
1.1731E+00 0.374655601292
1.3332E+00 0.0226378501316
1.8360E+00 0.423547717379

Chi Squared Value
31356.582662113546
Average Error
0.687197565012