Energy Bin  Efficiency  Uncertainity
6.0327E-02 1.36000E-02 0.1192
8.8348E-02 9.93333E-03 0.1389
1.2213E-01 9.40000E-03 0.1406
1.5936E-01 1.18667E-02 0.1197
3.9236E-01 5.13333E-03 0.1722
5.1404E-01 3.33333E-03 0.1738
6.6221E-01 3.66667E-03 0.1709
8.9828E-01 3.26667E-03 0.1876
1.1731E+00 3.93333E-03 0.1611
1.3332E+00 2.66667E-03 0.1899
1.8360E+00 2.86667E-03 0.1954

Energy Bin   Relative Error
6.0327E-02 6.36518363068
8.8348E-02 0.397489093456
1.2213E-01 0.101294790723
1.5936E-01 0.382000794571
3.9236E-01 0.120863218116
5.1404E-01 0.350922117473
6.6221E-01 0.168474382817
8.9828E-01 0.0155982256066
1.1731E+00 0.422887925324
1.3332E+00 0.0226378501316
1.8360E+00 0.360280511659

Chi Squared Value
42496.31457244193
Average Error
0.791602958232