Energy Bin  Efficiency  Uncertainity
6.0327E-02 1.80667E-02 0.1036
8.8348E-02 1.48667E-02 0.1128
1.2213E-01 1.46000E-02 0.1118
1.5936E-01 1.56000E-02 0.1039
3.9236E-01 8.00000E-03 0.1310
5.1404E-01 5.40000E-03 0.1395
6.6221E-01 5.46667E-03 0.1497
8.9828E-01 4.06667E-03 0.1658
1.1731E+00 5.26667E-03 0.1630
1.3332E+00 3.93333E-03 0.1575
1.8360E+00 3.73333E-03 0.1650

Energy Bin   Relative Error
6.0327E-02 8.7841590515
8.8348E-02 1.09154947089
1.2213E-01 0.71052169623
1.5936E-01 0.81678245808
3.9236E-01 0.370084186107
5.1404E-01 0.0515072212015
6.6221E-01 0.239728730889
8.9828E-01 0.264315904615
1.1731E+00 0.905225635699
1.3332E+00 0.508387665162
1.8360E+00 0.771524466574

Chi Squared Value
83786.63891493352
Average Error
1.31943513518