Energy Bin  Efficiency  Uncertainity
6.0327E-02 1.33333E-02 0.2674
8.8348E-02 1.03333E-02 0.3027
1.2213E-01 6.00000E-03 0.4070
1.5936E-01 1.20000E-02 0.2616
3.9236E-01 6.00000E-03 0.3318
5.1404E-01 5.33333E-03 0.3171
6.6221E-01 3.66667E-03 0.3735
8.9828E-01 2.66667E-03 0.4319
1.1731E+00 3.66667E-03 0.3735
1.3332E+00 3.33333E-03 0.3450
1.8360E+00 5.00000E-03 0.3039

Energy Bin   Relative Error
6.0327E-02 5.619021029
8.8348E-02 0.332612985302
1.2213E-01 0.355625388407
1.5936E-01 0.281064553775
3.9236E-01 0.0580671220513
5.1404E-01 0.0480187486334
6.6221E-01 0.237768184249
8.9828E-01 0.240028364179
1.1731E+00 0.215888004155
1.3332E+00 0.171769900124
1.8360E+00 1.17486456822

Chi Squared Value
0.7731122669741146
Average Error
0.794066258917