Energy Bin  Efficiency  Uncertainity
6.0327E-02 1.76000E-02 0.1047
8.8348E-02 1.48000E-02 0.1129
1.2213E-01 1.41333E-02 0.1141
1.5936E-01 1.56000E-02 0.1037
3.9236E-01 7.66667E-03 0.1337
5.1404E-01 5.33333E-03 0.1396
6.6221E-01 5.53333E-03 0.1484
8.9828E-01 3.73333E-03 0.1744
1.1731E+00 5.33333E-03 0.1614
1.3332E+00 3.66667E-03 0.1630
1.8360E+00 3.66667E-03 0.1650

Energy Bin   Relative Error
6.0327E-02 8.53141411029
8.8348E-02 1.08216565675
1.2213E-01 0.655843581461
1.5936E-01 0.81678245808
3.9236E-01 0.312997915888
5.1404E-01 0.0385250014909
6.6221E-01 0.254845852866
8.9828E-01 0.160681465714
1.1731E+00 0.929339988958
1.3332E+00 0.40612656457
1.8360E+00 0.739893236294

Chi Squared Value
79009.08504248568
Average Error
1.26623780294