Energy Bin    Value   Uncertainity
6.0327E-02 7.41953E-03 0.0051
8.8348E-02 7.73487E-03 0.0050
1.2213E-01 7.51400E-03 0.0050
1.5936E-01 6.93833E-03 0.0051
3.2020E-01 4.78600E-03 0.0056
3.9236E-01 4.25400E-03 0.0058
5.1404E-01 3.59640E-03 0.0061
6.6221E-01 3.11727E-03 0.0064
8.9828E-01 2.63153E-03 0.0067
1.1731E+00 2.28080E-03 0.0071
1.3332E+00 2.14287E-03 0.0072
1.8360E+00 1.77660E-03 0.0077

Energy Bin   Relative Error
6.0327E-02 3.0181030076
8.8348E-02 0.0881946400953
1.2213E-01 0.119667121543
1.5936E-01 0.191959215874
3.2020E-01 0.00246384919726
3.9236E-01 0.271457734037
5.1404E-01 0.29969619068
6.6221E-01 0.2930670443
8.9828E-01 0.1818649577
1.1731E+00 0.174917238046
1.3332E+00 0.178233538491
1.8360E+00 0.156975041768

Average Error
0.414716631611