Energy Bin  Efficiency  Uncertainity
6.0327E-02 1.50000E-02 0.1141
8.8348E-02 1.09333E-02 0.1317
1.2213E-01 1.15333E-02 0.1281
1.5936E-01 1.36000E-02 0.1117
3.9236E-01 6.06667E-03 0.1552
5.1404E-01 4.53333E-03 0.1536
6.6221E-01 4.73333E-03 0.1556
8.9828E-01 3.40000E-03 0.1759
1.1731E+00 4.73333E-03 0.1606
1.3332E+00 3.46667E-03 0.1693
1.8360E+00 3.53333E-03 0.1814

Energy Bin   Relative Error
6.0327E-02 7.12336429855
8.8348E-02 0.538171741549
1.2213E-01 0.351230128707
1.5936E-01 0.583861630121
3.9236E-01 0.0389810786664
5.1404E-01 0.117253846095
6.6221E-01 0.0734222467749
8.9828E-01 0.0570501357843
1.1731E+00 0.712289104543
1.3332E+00 0.329428821682
1.8360E+00 0.676621285415

Chi Squared Value
54102.382066062084
Average Error
0.963788574353