Energy Bin    Value   Uncertainity
6.0327E-02 1.92110E-02 0.0032
8.8348E-02 1.92631E-02 0.0031
1.2213E-01 1.79609E-02 0.0032
1.5936E-01 1.58739E-02 0.0033
3.2020E-01 4.03333E-05 0.0688
3.9236E-01 8.91500E-03 0.0039
5.1404E-01 7.46187E-03 0.0042
6.6221E-01 6.43813E-03 0.0044
8.9828E-01 5.38980E-03 0.0046
1.1731E+00 4.63487E-03 0.0049
1.3332E+00 4.32880E-03 0.0050
1.8360E+00 3.60667E-03 0.0054

Energy Bin   Relative Error
6.0327E-02 8.53687481629
8.8348E-02 1.48422645207
1.2213E-01 0.928924660228
1.5936E-01 0.694624218347
3.2020E-01 0.9922558952
3.9236E-01 0.399555267819
5.1404E-01 0.331918396224
6.6221E-01 0.338366288742
8.9828E-01 0.536033750989
1.1731E+00 0.536948466543
1.3332E+00 0.521708784806
1.8360E+00 0.568803758451

Average Error
2.058651958491497