Energy Bin  Efficiency  Uncertainity
6.0327E-02 1.82209E-02 0.0033
8.8348E-02 1.82965E-02 0.0032
1.2213E-01 1.71519E-02 0.0032
1.5936E-01 1.51985E-02 0.0034
3.9236E-01 8.58127E-03 0.0040
5.1404E-01 7.19267E-03 0.0043
6.6221E-01 6.19647E-03 0.0045
8.9828E-01 5.18140E-03 0.0047
1.1731E+00 4.45307E-03 0.0050
1.3332E+00 4.16247E-03 0.0051
1.8360E+00 3.46680E-03 0.0055

Energy Bin   Relative Error
6.0327E-02 8.04536163345
8.8348E-02 1.35957085206
1.2213E-01 0.842041483432
1.5936E-01 0.622521635045
3.9236E-01 0.347163391259
5.1404E-01 0.28386711253
6.6221E-01 0.28812971425
8.9828E-01 0.476642041889
1.1731E+00 0.476662583397
1.3332E+00 0.46323858009
1.8360E+00 0.507964097019

Chi Squared Value
1.7518264963195287
Average Error
1.24665119313