Energy Bin  Efficiency  Uncertainity
6.0327E-02 1.26000E-02 0.1238
8.8348E-02 9.13333E-03 0.1447
1.2213E-01 9.26667E-03 0.1419
1.5936E-01 1.11333E-02 0.1241
3.9236E-01 5.13333E-03 0.1722
5.1404E-01 3.33333E-03 0.1738
6.6221E-01 3.60000E-03 0.1712
8.9828E-01 3.33333E-03 0.1871
1.1731E+00 3.86667E-03 0.1683
1.3332E+00 2.80000E-03 0.1869
1.8360E+00 2.86667E-03 0.1954

Energy Bin   Relative Error
6.0327E-02 5.82362601078
8.8348E-02 0.284939598496
1.2213E-01 0.0856739785481
1.5936E-01 0.296588726958
3.9236E-01 0.120863218116
5.1404E-01 0.350922117473
6.6221E-01 0.183593772589
8.9828E-01 0.03632262621
1.1731E+00 0.398773572065
1.3332E+00 0.0737684004277
1.8360E+00 0.360280511659

Chi Squared Value
35556.866036643296
Average Error
0.72866841212