Energy Bin  Efficiency  Uncertainity
6.0327E-02 1.68667E-02 0.1065
8.8348E-02 1.42667E-02 0.1151
1.2213E-01 1.37333E-02 0.1156
1.5936E-01 1.50667E-02 0.1052
3.9236E-01 7.60000E-03 0.1352
5.1404E-01 5.00000E-03 0.1448
6.6221E-01 5.46667E-03 0.1497
8.9828E-01 3.73333E-03 0.1744
1.1731E+00 5.20000E-03 0.1605
1.3332E+00 3.60000E-03 0.1629
1.8360E+00 3.66667E-03 0.1650

Energy Bin   Relative Error
6.0327E-02 8.13428990762
8.8348E-02 1.00713734967
1.2213E-01 0.608979973345
1.5936E-01 0.754674119305
3.9236E-01 0.301579976802
5.1404E-01 0.0263822025912
6.6221E-01 0.239728730889
8.9828E-01 0.160681465714
1.1731E+00 0.881107664926
1.3332E+00 0.380559371978
1.8360E+00 0.739893236294

Chi Squared Value
71756.36610747765
Average Error
1.20318309083