Energy Bin  Efficiency  Uncertainity
6.0327E-02 1.46667E-02 0.1150
8.8348E-02 1.07333E-02 0.1329
1.2213E-01 1.12000E-02 0.1302
1.5936E-01 1.31333E-02 0.1139
3.9236E-01 6.20000E-03 0.1585
5.1404E-01 4.53333E-03 0.1522
6.6221E-01 5.00000E-03 0.1588
8.9828E-01 3.20000E-03 0.1835
1.1731E+00 4.73333E-03 0.1630
1.3332E+00 3.33333E-03 0.1667
1.8360E+00 3.46667E-03 0.1859

Energy Bin   Relative Error
6.0327E-02 6.94286314383
8.8348E-02 0.510034367809
1.2213E-01 0.312181027245
1.5936E-01 0.529509554917
3.9236E-01 0.0618152442331
5.1404E-01 0.117253846095
6.6221E-01 0.13389753807
8.9828E-01 0.00512928396771
1.1731E+00 0.712289104543
1.3332E+00 0.278294436499
1.8360E+00 0.644990055135

Chi Squared Value
51311.56391058009
Average Error
0.931659782031