Energy Bin  Efficiency  Uncertainity
6.0327E-02 1.50667E-02 0.1140
8.8348E-02 1.15333E-02 0.1283
1.2213E-01 1.20667E-02 0.1248
1.5936E-01 1.36667E-02 0.1115
3.9236E-01 6.40000E-03 0.1517
5.1404E-01 4.60000E-03 0.1520
6.6221E-01 4.86667E-03 0.1513
8.9828E-01 3.33333E-03 0.1761
1.1731E+00 4.73333E-03 0.1593
1.3332E+00 3.40000E-03 0.1692
1.8360E+00 3.66667E-03 0.1766

Energy Bin   Relative Error
6.0327E-02 7.15948619179
8.8348E-02 0.622583862768
1.2213E-01 0.41372275013
1.5936E-01 0.591629539734
3.9236E-01 0.0960673488858
5.1404E-01 0.104271626384
6.6221E-01 0.10366102632
8.9828E-01 0.03632262621
1.1731E+00 0.712289104543
1.3332E+00 0.303861629091
1.8360E+00 0.739893236294

Chi Squared Value
54875.373835253886
Average Error
0.989435358377