Energy Bin    Value   Uncertainity
6.0327E-02 9.24027E-03 0.0046
8.8348E-02 9.66007E-03 0.0045
1.2213E-01 9.35467E-03 0.0044
1.5936E-01 8.65713E-03 0.0045
3.2020E-01 5.98320E-03 0.0050
3.9236E-01 5.29240E-03 0.0052
5.1404E-01 4.48927E-03 0.0054
6.6221E-01 3.91747E-03 0.0057
8.9828E-01 3.32400E-03 0.0060
1.1731E+00 2.89527E-03 0.0063
1.3332E+00 2.72307E-03 0.0064
1.8360E+00 2.28467E-03 0.0068

Energy Bin   Relative Error
6.0327E-02 4.00413862846
8.8348E-02 0.359044999715
1.2213E-01 0.0959839723336
1.5936E-01 0.00821294367439
3.2020E-01 0.253226431784
3.9236E-01 0.0936208066807
5.1404E-01 0.125833366125
6.6221E-01 0.111598082307
8.9828E-01 0.0334219562785
1.1731E+00 0.0473681901981
1.3332E+00 0.0442666136259
1.8360E+00 0.0841122544879

Average Error
0.438402353806