Energy Bin    Value   Uncertainity
6.0327E-02 8.69053E-03 0.0047
8.8348E-02 9.06420E-03 0.0046
1.2213E-01 8.78993E-03 0.0046
1.5936E-01 8.12913E-03 0.0047
3.2020E-01 5.60853E-03 0.0052
3.9236E-01 4.94080E-03 0.0054
5.1404E-01 4.18473E-03 0.0056
6.6221E-01 3.62860E-03 0.0059
8.9828E-01 3.05660E-03 0.0062
1.1731E+00 2.65753E-03 0.0065
1.3332E+00 2.49827E-03 0.0067
1.8360E+00 2.08047E-03 0.0071

Energy Bin   Relative Error
6.0327E-02 3.7064227425
8.8348E-02 0.275213915263
1.2213E-01 0.0298195872152
1.5936E-01 0.0532781549068
3.2020E-01 0.174748970359
3.9236E-01 0.15383600666
5.1404E-01 0.18513447893
6.6221E-01 0.177107878672
8.9828E-01 0.0497119279299
1.1731E+00 0.0386346052364
1.3332E+00 0.0419416493798
1.8360E+00 0.012783893475

Average Error
0.40821948421