Energy Bin    Value   Uncertainity
6.0327E-02 7.18687E-03 0.0052
8.8348E-02 7.48780E-03 0.0051
1.2213E-01 7.26880E-03 0.0051
1.5936E-01 6.72327E-03 0.0052
3.2020E-01 4.63060E-03 0.0057
3.9236E-01 4.12307E-03 0.0059
5.1404E-01 3.48047E-03 0.0062
6.6221E-01 3.01987E-03 0.0065
8.9828E-01 2.54120E-03 0.0069
1.1731E+00 2.20313E-03 0.0072
1.3332E+00 2.06960E-03 0.0073
1.8360E+00 1.72233E-03 0.0078

Energy Bin   Relative Error
6.0327E-02 2.89210421175
8.8348E-02 0.0534351354458
1.2213E-01 0.148394513318
1.5936E-01 0.217005192504
3.2020E-01 0.0300858545564
3.9236E-01 0.293880874348
5.1404E-01 0.322270492931
6.6221E-01 0.315155368342
8.9828E-01 0.209948292631
1.1731E+00 0.203014475033
1.3332E+00 0.206331756598
1.8360E+00 0.182727019976

Average Error
0.42286276562