Energy Bin    Value   Uncertainity
6.0327E-02 8.69207E-03 0.0047
8.8348E-02 9.06560E-03 0.0046
1.2213E-01 8.79287E-03 0.0046
1.5936E-01 8.13453E-03 0.0047
3.2020E-01 5.64193E-03 0.0052
3.9236E-01 4.98820E-03 0.0054
5.1404E-01 4.23613E-03 0.0056
6.6221E-01 3.69033E-03 0.0059
8.9828E-01 3.12193E-03 0.0062
1.1731E+00 2.72300E-03 0.0065
1.3332E+00 2.57167E-03 0.0066
1.8360E+00 2.15620E-03 0.0070

Energy Bin   Relative Error
6.0327E-02 3.70725674123
8.8348E-02 0.275410876879
1.2213E-01 0.0301640347348
1.5936E-01 0.0526492686713
3.2020E-01 0.181744852633
3.9236E-01 0.145718257857
5.1404E-01 0.175125687973
6.6221E-01 0.163108779667
8.9828E-01 0.0294010204679
1.1731E+00 0.0149507362321
1.3332E+00 0.0137935777401
1.8360E+00 0.0231511960707

Average Error
0.401039585846