Energy Bin    Value   Uncertainity
6.0327E-02 8.68980E-03 0.0047
8.8348E-02 9.06287E-03 0.0046
1.2213E-01 8.78867E-03 0.0046
1.5936E-01 8.12573E-03 0.0047
3.2020E-01 5.58373E-03 0.0052
3.9236E-01 4.90620E-03 0.0054
5.1404E-01 4.14187E-03 0.0056
6.6221E-01 3.58113E-03 0.0059
8.9828E-01 2.99500E-03 0.0063
1.1731E+00 2.59993E-03 0.0066
1.3332E+00 2.43873E-03 0.0067
1.8360E+00 2.02047E-03 0.0071

Energy Bin   Relative Error
6.0327E-02 3.70602740543
8.8348E-02 0.275026801728
1.2213E-01 0.0296719668496
1.5936E-01 0.0536741203143
3.2020E-01 0.169554423042
3.9236E-01 0.159761620765
5.1404E-01 0.193480330689
6.6221E-01 0.187873101898
8.9828E-01 0.0688631892135
1.1731E+00 0.0594714901402
1.3332E+00 0.0647745674375
1.8360E+00 0.0412548478226

Average Error
0.417452822111