Energy Bin    Value   Uncertainity
6.0327E-02 8.69147E-03 0.0047
8.8348E-02 9.06540E-03 0.0046
1.2213E-01 8.79067E-03 0.0046
1.5936E-01 8.12933E-03 0.0047
3.2020E-01 5.62420E-03 0.0052
3.9236E-01 4.96740E-03 0.0054
5.1404E-01 4.21040E-03 0.0056
6.6221E-01 3.66400E-03 0.0059
8.9828E-01 3.09320E-03 0.0062
1.1731E+00 2.69693E-03 0.0065
1.3332E+00 2.53947E-03 0.0066
1.8360E+00 2.12867E-03 0.0070

Energy Bin   Relative Error
6.0327E-02 3.70693180666
8.8348E-02 0.275382739506
1.2213E-01 0.0299062848902
1.5936E-01 0.053254862824
3.2020E-01 0.178031170216
3.9236E-01 0.149280476741
5.1404E-01 0.180135925158
6.6221E-01 0.169079884102
8.9828E-01 0.0383330941153
1.1731E+00 0.0243815971599
1.3332E+00 0.026141914345
1.8360E+00 0.0100877731842

Average Error
0.403412294075