Energy Bin    Value   Uncertainity
6.0327E-02 8.69220E-03 0.0047
8.8348E-02 9.06547E-03 0.0046
1.2213E-01 8.79140E-03 0.0046
1.5936E-01 8.13327E-03 0.0047
3.2020E-01 5.63393E-03 0.0052
3.9236E-01 4.98140E-03 0.0054
5.1404E-01 4.22420E-03 0.0056
6.6221E-01 3.68060E-03 0.0059
8.9828E-01 3.11307E-03 0.0062
1.1731E+00 2.71660E-03 0.0065
1.3332E+00 2.56127E-03 0.0066
1.8360E+00 2.14673E-03 0.0070

Energy Bin   Relative Error
6.0327E-02 3.70732714372
8.8348E-02 0.275392587586
1.2213E-01 0.029991810975
1.5936E-01 0.0527960087929
3.2020E-01 0.180069192208
3.9236E-01 0.146882829416
5.1404E-01 0.177448740037
6.6221E-01 0.165315344276
8.9828E-01 0.0321555687629
1.1731E+00 0.0172659456658
1.3332E+00 0.0177818603702
1.8360E+00 0.0186575304429

Average Error
0.401757046854