Energy Bin    Value   Uncertainity
6.0327E-02 7.92533E-03 0.0050
8.8348E-02 8.24520E-03 0.0048
1.2213E-01 7.98893E-03 0.0048
1.5936E-01 7.38553E-03 0.0049
3.2020E-01 5.11373E-03 0.0054
3.9236E-01 4.52047E-03 0.0056
5.1404E-01 3.83600E-03 0.0059
6.6221E-01 3.32807E-03 0.0062
8.9828E-01 2.81333E-03 0.0065
1.1731E+00 2.44807E-03 0.0068
1.3332E+00 2.29947E-03 0.0070
1.8360E+00 1.92280E-03 0.0074

Energy Bin   Relative Error
6.0327E-02 3.29202285175
8.8348E-02 0.159991369799
1.2213E-01 0.0640247880369
1.5936E-01 0.139878118742
3.2020E-01 0.0711093730789
3.9236E-01 0.225821942403
5.1404E-01 0.253040425828
6.6221E-01 0.245261924095
8.9828E-01 0.125343865145
1.1731E+00 0.114407068986
1.3332E+00 0.11817920581
1.8360E+00 0.0876008163413

Average Error
0.408056812501