Energy Bin  Efficiency  Uncertainity
6.0327E-02 1.42683E-02 0.0037
8.8348E-02 1.40191E-02 0.0037
1.2213E-01 1.32399E-02 0.0037
1.5936E-01 1.17913E-02 0.0039
3.9236E-01 6.65493E-03 0.0046
5.1404E-01 5.54893E-03 0.0049
6.6221E-01 4.75133E-03 0.0051
8.9828E-01 3.88827E-03 0.0054
1.1731E+00 3.33527E-03 0.0057
1.3332E+00 3.11127E-03 0.0059
1.8360E+00 2.52480E-03 0.0063

Energy Bin   Relative Error
6.0327E-02 6.08318103906
8.8348E-02 0.807944674232
1.2213E-01 0.421909236673
1.5936E-01 0.258784706077
3.9236E-01 0.0447495612412
5.1404E-01 0.00953488249447
6.6221E-01 0.0122877452474
8.9828E-01 0.108114207013
1.1731E+00 0.105993935538
1.3332E+00 0.0937088548567
1.8360E+00 0.0982196123672

Chi Squared Value
0.9022784883879181
Average Error
0.731311677709