Energy Bin  Efficiency  Uncertainity
6.0327E-02 1.54667E-02 0.1122
8.8348E-02 1.28000E-02 0.1211
1.2213E-01 1.24667E-02 0.1224
1.5936E-01 1.40667E-02 0.1083
3.9236E-01 7.60000E-03 0.1429
5.1404E-01 4.73333E-03 0.1491
6.6221E-01 5.00000E-03 0.1508
8.9828E-01 3.46667E-03 0.1798
1.1731E+00 5.13333E-03 0.1568
1.3332E+00 3.53333E-03 0.1671
1.8360E+00 3.86667E-03 0.1736

Energy Bin   Relative Error
6.0327E-02 7.37610923975
8.8348E-02 0.80079191935
1.2213E-01 0.460586358246
1.5936E-01 0.638213705325
3.9236E-01 0.301579976802
5.1404E-01 0.0783091341982
6.6221E-01 0.13389753807
8.9828E-01 0.0777776453586
1.1731E+00 0.856989694153
1.3332E+00 0.354992179387
1.8360E+00 0.834796417452

Chi Squared Value
58993.28860368266
Average Error
1.08309489165