Energy Bin  Efficiency  Uncertainity
6.0327E-02 1.36000E-02 0.1198
8.8348E-02 9.80000E-03 0.1395
1.2213E-01 1.00667E-02 0.1364
1.5936E-01 1.16667E-02 0.1213
3.9236E-01 5.60000E-03 0.1635
5.1404E-01 3.60000E-03 0.1650
6.6221E-01 4.20000E-03 0.1636
8.9828E-01 3.46667E-03 0.1798
1.1731E+00 3.93333E-03 0.1680
1.3332E+00 3.06667E-03 0.1760
1.8360E+00 3.40000E-03 0.1844

Energy Bin   Relative Error
6.0327E-02 6.36518363068
8.8348E-02 0.378731313252
1.2213E-01 0.17940470955
1.5936E-01 0.358708711775
3.9236E-01 0.0409410697249
5.1404E-01 0.298995185866
6.6221E-01 0.0475260680209
8.9828E-01 0.0777776453586
1.1731E+00 0.422887925324
1.3332E+00 0.176033335907
1.8360E+00 0.613354079696

Chi Squared Value
42704.08734999149
Average Error
0.814503970469