Energy Bin  Efficiency  Uncertainity
6.0327E-02 1.40667E-02 0.1180
8.8348E-02 1.02667E-02 0.1358
1.2213E-01 1.06667E-02 0.1327
1.5936E-01 1.26667E-02 0.1168
3.9236E-01 5.80000E-03 0.1574
5.1404E-01 4.26667E-03 0.1602
6.6221E-01 4.53333E-03 0.1631
8.9828E-01 3.13333E-03 0.1837
1.1731E+00 4.53333E-03 0.1631
1.3332E+00 3.40000E-03 0.1646
1.8360E+00 3.60000E-03 0.1846

Energy Bin   Relative Error
6.0327E-02 6.61792857189
8.8348E-02 0.444389874874
1.2213E-01 0.249700121724
1.5936E-01 0.475169125754
3.9236E-01 0.00668896507223
5.1404E-01 0.169178830466
6.6221E-01 0.0280663452521
8.9828E-01 0.025856793542
1.1731E+00 0.639938809738
1.3332E+00 0.303861629091
1.8360E+00 0.708257260855

Chi Squared Value
46622.62979791116
Average Error
0.879003302569