Energy Bin    Value   Uncertainity
6.0327E-02 8.69120E-03 0.0047
8.8348E-02 9.06573E-03 0.0046
1.2213E-01 8.79080E-03 0.0046
1.5936E-01 8.12940E-03 0.0047
3.2020E-01 5.62073E-03 0.0052
3.9236E-01 4.96000E-03 0.0054
5.1404E-01 4.20473E-03 0.0056
6.6221E-01 3.65600E-03 0.0059
8.9828E-01 3.08407E-03 0.0062
1.1731E+00 2.68747E-03 0.0065
1.3332E+00 2.52947E-03 0.0066
1.8360E+00 2.11707E-03 0.0070

Energy Bin   Relative Error
6.0327E-02 3.7067855861
8.8348E-02 0.275429166172
1.2213E-01 0.0299215155628
1.5936E-01 0.053246710595
3.2020E-01 0.177304352507
3.9236E-01 0.150547804613
5.1404E-01 0.18124000774
6.6221E-01 0.170894120163
8.9828E-01 0.041171584627
1.1731E+00 0.0278037661042
1.3332E+00 0.0299768014894
1.8360E+00 0.00458338867705

Average Error
0.404075400363