Energy Bin    Value   Uncertainity
6.0327E-02 9.51687E-03 0.0045
8.8348E-02 9.95600E-03 0.0044
1.2213E-01 9.64687E-03 0.0044
1.5936E-01 8.94027E-03 0.0044
3.2020E-01 6.17920E-03 0.0049
3.9236E-01 5.46140E-03 0.0051
5.1404E-01 4.64347E-03 0.0053
6.6221E-01 4.04387E-03 0.0056
8.9828E-01 3.44260E-03 0.0059
1.1731E+00 2.99587E-03 0.0061
1.3332E+00 2.81300E-03 0.0063
1.8360E+00 2.36740E-03 0.0067

Energy Bin   Relative Error
6.0327E-02 4.15393346613
8.8348E-02 0.400678464769
1.2213E-01 0.130217838062
1.5936E-01 0.0411875452885
3.2020E-01 0.294280112194
3.9236E-01 0.0646777782492
5.1404E-01 0.0958069932532
6.6221E-01 0.0829331525447
8.9828E-01 0.0702943521915
1.1731E+00 0.0837603884849
1.3332E+00 0.0787537537154
1.8360E+00 0.123368955374

Average Error
0.468324400021