Energy Bin  Efficiency  Uncertainity
6.0327E-02 1.72000E-02 0.1059
8.8348E-02 1.45333E-02 0.1143
1.2213E-01 1.38667E-02 0.1151
1.5936E-01 1.51333E-02 0.1049
3.9236E-01 7.73333E-03 0.1339
5.1404E-01 5.00000E-03 0.1460
6.6221E-01 5.60000E-03 0.1480
8.9828E-01 3.73333E-03 0.1744
1.1731E+00 5.26667E-03 0.1580
1.3332E+00 3.60000E-03 0.1629
1.8360E+00 3.60000E-03 0.1671

Energy Bin   Relative Error
6.0327E-02 8.31479106233
8.8348E-02 1.04464446887
1.2213E-01 0.624608986651
1.5936E-01 0.762430382876
3.9236E-01 0.324414142369
5.1404E-01 0.0263822025912
6.6221E-01 0.269965242639
8.9828E-01 0.160681465714
1.1731E+00 0.905225635699
1.3332E+00 0.380559371978
1.8360E+00 0.708257260855

Chi Squared Value
74949.40758634688
Average Error
1.22926911114