Energy Bin    Value   Uncertainity
6.0327E-02 1.06763E-02 0.0043
8.8348E-02 1.11526E-02 0.0041
1.2213E-01 1.07836E-02 0.0041
1.5936E-01 9.99467E-03 0.0042
3.2020E-01 6.90320E-03 0.0046
3.9236E-01 6.08240E-03 0.0048
5.1404E-01 5.19680E-03 0.0050
6.6221E-01 4.52313E-03 0.0053
8.9828E-01 3.84073E-03 0.0055
1.1731E+00 3.34353E-03 0.0058
1.3332E+00 3.14253E-03 0.0059
1.8360E+00 2.63273E-03 0.0063

Energy Bin   Relative Error
6.0327E-02 4.78183161737
8.8348E-02 0.569024371855
1.2213E-01 0.263396011196
1.5936E-01 0.163983405789
3.2020E-01 0.445927380647
3.9236E-01 0.0416750066974
5.1404E-01 0.0119393939148
6.6221E-01 0.0257531942744
8.9828E-01 0.194071814121
1.1731E+00 0.209526905944
1.3332E+00 0.205124789784
1.8360E+00 0.249272260658

Average Error
0.596793846021