Energy Bin  Efficiency  Uncertainity
6.0327E-02 1.15390E-02 0.0041
8.8348E-02 1.21094E-02 0.0040
1.2213E-01 1.17017E-02 0.0040
1.5936E-01 1.05698E-02 0.0041
3.9236E-01 6.16453E-03 0.0048
5.1404E-01 5.19127E-03 0.0050
6.6221E-01 4.45727E-03 0.0053
8.9828E-01 3.68820E-03 0.0056
1.1731E+00 3.18267E-03 0.0059
1.3332E+00 2.97593E-03 0.0060
1.8360E+00 2.43487E-03 0.0064

Energy Bin   Relative Error
6.0327E-02 4.72828059472
8.8348E-02 0.56166410384
1.2213E-01 0.256713065414
1.5936E-01 0.128383010041
3.9236E-01 0.0322377526498
5.1404E-01 0.0733759750884
6.6221E-01 0.0734172954223
8.9828E-01 0.0510964563431
1.1731E+00 0.0553909335132
1.3332E+00 0.0461326057956
1.8360E+00 0.0591024982432

Chi Squared Value
0.5317888027851418
Average Error
0.551435844643