Energy Bin  Efficiency  Uncertainity
6.0327E-02 1.36000E-02 0.1198
8.8348E-02 9.73333E-03 0.1397
1.2213E-01 9.93333E-03 0.1376
1.5936E-01 1.16667E-02 0.1213
3.9236E-01 5.46667E-03 0.1657
5.1404E-01 3.53333E-03 0.1671
6.6221E-01 4.20000E-03 0.1636
8.9828E-01 3.40000E-03 0.1823
1.1731E+00 3.93333E-03 0.1680
1.3332E+00 3.13333E-03 0.1762
1.8360E+00 3.26667E-03 0.1831

Energy Bin   Relative Error
6.0327E-02 6.36518363068
8.8348E-02 0.369351719716
1.2213E-01 0.163779211014
1.5936E-01 0.358708711775
3.9236E-01 0.0637752352916
5.1404E-01 0.311977405576
6.6221E-01 0.0475260680209
8.9828E-01 0.0570501357843
1.1731E+00 0.422887925324
1.3332E+00 0.201596693611
1.8360E+00 0.550086873977

Chi Squared Value
42632.882318724245
Average Error
0.810174873706