Energy Bin    Value   Uncertainity
6.0327E-02 8.68880E-03 0.0047
8.8348E-02 9.06253E-03 0.0046
1.2213E-01 8.78740E-03 0.0046
1.5936E-01 8.12493E-03 0.0047
3.2020E-01 5.56193E-03 0.0052
3.9236E-01 4.87840E-03 0.0054
5.1404E-01 4.10807E-03 0.0056
6.6221E-01 3.54047E-03 0.0059
8.9828E-01 2.94967E-03 0.0063
1.1731E+00 2.55493E-03 0.0066
1.3332E+00 2.39487E-03 0.0067
1.8360E+00 1.98433E-03 0.0072

Energy Bin   Relative Error
6.0327E-02 3.70548584781
8.8348E-02 0.274978968192
1.2213E-01 0.0295231748939
1.5936E-01 0.0537672886455
3.2020E-01 0.164988248384
3.9236E-01 0.164522663312
5.1404E-01 0.200061987
6.6221E-01 0.197093956678
8.9828E-01 0.0829561547003
1.1731E+00 0.0757503064713
1.3332E+00 0.0815943824528
1.8360E+00 0.0584038526579

Average Error
0.4240939026