Energy Bin  Efficiency  Uncertainity
6.0327E-02 1.32000E-02 0.1212
8.8348E-02 9.53333E-03 0.1418
1.2213E-01 9.80000E-03 0.1389
1.5936E-01 1.14667E-02 0.1231
3.9236E-01 5.20000E-03 0.1714
5.1404E-01 3.60000E-03 0.1671
6.6221E-01 3.86667E-03 0.1666
8.9828E-01 3.33333E-03 0.1871
1.1731E+00 3.86667E-03 0.1683
1.3332E+00 2.80000E-03 0.1869
1.8360E+00 3.00000E-03 0.1893

Energy Bin   Relative Error
6.0327E-02 6.14856058272
8.8348E-02 0.341214345976
1.2213E-01 0.148158398839
1.5936E-01 0.335416628979
3.9236E-01 0.10944527903
5.1404E-01 0.298995185866
6.6221E-01 0.123118481294
8.9828E-01 0.03632262621
1.1731E+00 0.398773572065
1.3332E+00 0.0737684004277
1.8360E+00 0.423547717379

Chi Squared Value
39628.594870371846
Average Error
0.767029201708