Energy Bin  Efficiency  Uncertainity
6.0327E-02 1.38667E-02 0.1189
8.8348E-02 1.02000E-02 0.1356
1.2213E-01 1.02667E-02 0.1352
1.5936E-01 1.24667E-02 0.1162
3.9236E-01 5.93333E-03 0.1571
5.1404E-01 4.00000E-03 0.1575
6.6221E-01 4.53333E-03 0.1605
8.9828E-01 3.46667E-03 0.1798
1.1731E+00 4.20000E-03 0.1666
1.3332E+00 3.20000E-03 0.1737
1.8360E+00 3.33333E-03 0.1806

Energy Bin   Relative Error
6.0327E-02 6.50961704791
8.8348E-02 0.435006060732
1.2213E-01 0.202836513608
1.5936E-01 0.451877042958
3.9236E-01 0.0161452004945
5.1404E-01 0.221105762073
6.6221E-01 0.0280663452521
8.9828E-01 0.0777776453586
1.1731E+00 0.519356190902
1.3332E+00 0.227163886203
1.8360E+00 0.581718104257

Chi Squared Value
44778.7524212726
Average Error
0.842788163613