Energy Bin  Efficiency  Uncertainity
6.0327E-02 1.24000E-02 0.1248
8.8348E-02 9.13333E-03 0.1447
1.2213E-01 9.26667E-03 0.1419
1.5936E-01 1.10000E-02 0.1247
3.9236E-01 5.13333E-03 0.1722
5.1404E-01 3.33333E-03 0.1738
6.6221E-01 3.60000E-03 0.1712
8.9828E-01 3.20000E-03 0.1904
1.1731E+00 3.73333E-03 0.1669
1.3332E+00 2.66667E-03 0.1899
1.8360E+00 2.86667E-03 0.1954

Energy Bin   Relative Error
6.0327E-02 5.7153144868
8.8348E-02 0.284939598496
1.2213E-01 0.0856739785481
1.5936E-01 0.281064553775
3.9236E-01 0.120863218116
5.1404E-01 0.350922117473
6.6221E-01 0.183593772589
8.9828E-01 0.00512928396771
1.1731E+00 0.350537630519
1.3332E+00 0.0226378501316
1.8360E+00 0.360280511659

Chi Squared Value
34218.165616386425
Average Error
0.705541545643