Energy Bin    Value   Uncertainity
6.0327E-02 8.89293E-03 0.0047
8.8348E-02 9.26553E-03 0.0046
1.2213E-01 8.98220E-03 0.0045
1.5936E-01 8.30833E-03 0.0046
3.2020E-01 5.76493E-03 0.0051
3.9236E-01 5.09573E-03 0.0053
5.1404E-01 4.33247E-03 0.0056
6.6221E-01 3.76673E-03 0.0058
8.9828E-01 3.19253E-03 0.0061
1.1731E+00 2.78307E-03 0.0064
1.3332E+00 2.62420E-03 0.0065
1.8360E+00 2.19793E-03 0.0069

Energy Bin   Relative Error
6.0327E-02 3.81603400476
8.8348E-02 0.303538402538
1.2213E-01 0.0523457520463
1.5936E-01 0.0324084487217
3.2020E-01 0.207508131666
3.9236E-01 0.127302613791
5.1404E-01 0.156366020252
6.6221E-01 0.145782825285
8.9828E-01 0.00745168529545
1.1731E+00 0.00677967481256
1.3332E+00 0.00635108442939
1.8360E+00 0.0429527448195

Average Error
0.408735115702