Energy Bin    Value   Uncertainity
6.0327E-02 6.97707E-03 0.0053
8.8348E-02 7.25513E-03 0.0052
1.2213E-01 7.02627E-03 0.0052
1.5936E-01 6.51800E-03 0.0053
3.2020E-01 4.48900E-03 0.0058
3.9236E-01 4.00220E-03 0.0060
5.1404E-01 3.35687E-03 0.0063
6.6221E-01 2.91720E-03 0.0066
8.9828E-01 2.45800E-03 0.0070
1.1731E+00 2.13213E-03 0.0073
1.3332E+00 2.00500E-03 0.0075
1.8360E+00 1.66453E-03 0.0080

Energy Bin   Relative Error
6.0327E-02 2.7784854231
8.8348E-02 0.0207015217055
1.2213E-01 0.176809090509
1.5936E-01 0.240911021682
3.2020E-01 0.0597450440772
3.9236E-01 0.314581133795
5.1404E-01 0.346338324882
6.6221E-01 0.338438820388
8.9828E-01 0.235814931248
1.1731E+00 0.228698829689
1.3332E+00 0.231105127551
1.8360E+00 0.21015403933

Average Error
0.431815275663