Energy Bin  Efficiency  Uncertainity
6.0327E-02 1.38667E-02 0.1189
8.8348E-02 1.01333E-02 0.1363
1.2213E-01 1.02000E-02 0.1353
1.5936E-01 1.21333E-02 0.1183
3.9236E-01 5.73333E-03 0.1605
5.1404E-01 3.80000E-03 0.1611
6.6221E-01 4.53333E-03 0.1605
8.9828E-01 3.40000E-03 0.1823
1.1731E+00 4.00000E-03 0.1710
1.3332E+00 3.13333E-03 0.1736
1.8360E+00 3.33333E-03 0.1806

Energy Bin   Relative Error
6.0327E-02 6.50961704791
8.8348E-02 0.425622246589
1.2213E-01 0.195022006955
1.5936E-01 0.413049140938
3.9236E-01 0.0181069041582
5.1404E-01 0.260050473969
6.6221E-01 0.0280663452521
8.9828E-01 0.0570501357843
1.1731E+00 0.447005896097
1.3332E+00 0.201596693611
1.8360E+00 0.581718104257

Chi Squared Value
44667.12894395181
Average Error
0.830627726865