Energy Bin  Efficiency  Uncertainity
6.0327E-02 1.36000E-02 0.1198
8.8348E-02 9.80000E-03 0.1395
1.2213E-01 1.00667E-02 0.1364
1.5936E-01 1.16667E-02 0.1213
3.9236E-01 5.60000E-03 0.1635
5.1404E-01 4.06667E-03 0.1658
6.6221E-01 4.33333E-03 0.1615
8.9828E-01 3.73333E-03 0.1816
1.1731E+00 4.00000E-03 0.1644
1.3332E+00 3.33333E-03 0.1691
1.8360E+00 3.53333E-03 0.1814

Energy Bin   Relative Error
6.0327E-02 6.36518363068
8.8348E-02 0.378731313252
1.2213E-01 0.17940470955
1.5936E-01 0.358708711775
3.9236E-01 0.0409410697249
5.1404E-01 0.208123542362
6.6221E-01 0.0172895562707
8.9828E-01 0.160681465714
1.1731E+00 0.447005896097
1.3332E+00 0.278294436499
1.8360E+00 0.676621285415

Chi Squared Value
42829.76991037313
Average Error
0.828271419758