Energy Bin  Efficiency  Uncertainity
6.0327E-02 1.38667E-02 0.1189
8.8348E-02 1.02000E-02 0.1356
1.2213E-01 1.02667E-02 0.1352
1.5936E-01 1.22667E-02 0.1175
3.9236E-01 5.93333E-03 0.1571
5.1404E-01 3.86667E-03 0.1593
6.6221E-01 4.46667E-03 0.1622
8.9828E-01 3.40000E-03 0.1823
1.1731E+00 4.00000E-03 0.1710
1.3332E+00 3.13333E-03 0.1736
1.8360E+00 3.33333E-03 0.1806

Energy Bin   Relative Error
6.0327E-02 6.50961704791
8.8348E-02 0.435006060732
1.2213E-01 0.202836513608
1.5936E-01 0.428584960162
3.9236E-01 0.0161452004945
5.1404E-01 0.247068254259
6.6221E-01 0.0129492232745
8.9828E-01 0.0570501357843
1.1731E+00 0.447005896097
1.3332E+00 0.201596693611
1.8360E+00 0.581718104257

Chi Squared Value
44683.72129859072
Average Error
0.830870735472