Energy Bin  Efficiency  Uncertainity
6.0327E-02 1.65333E-02 0.1080
8.8348E-02 1.42667E-02 0.1153
1.2213E-01 1.34667E-02 0.1176
1.5936E-01 1.47333E-02 0.1060
3.9236E-01 7.46667E-03 0.1364
5.1404E-01 5.00000E-03 0.1448
6.6221E-01 5.40000E-03 0.1510
8.9828E-01 3.66667E-03 0.1729
1.1731E+00 5.40000E-03 0.1560
1.3332E+00 3.53333E-03 0.1650
1.8360E+00 3.66667E-03 0.1650

Energy Bin   Relative Error
6.0327E-02 7.95373459714
8.8348E-02 1.00713734967
1.2213E-01 0.577745378536
1.5936E-01 0.715846217284
3.9236E-01 0.278745811235
5.1404E-01 0.0263822025912
6.6221E-01 0.224609341116
8.9828E-01 0.139957065111
1.1731E+00 0.953457959731
1.3332E+00 0.354992179387
1.8360E+00 0.739893236294

Chi Squared Value
68766.94480971909
Average Error
1.17931830346