Energy Bin  Efficiency  Uncertainity
6.0327E-02 1.30000E-02 0.1219
8.8348E-02 9.53333E-03 0.1418
1.2213E-01 9.40000E-03 0.1406
1.5936E-01 1.14000E-02 0.1223
3.9236E-01 5.13333E-03 0.1722
5.1404E-01 3.33333E-03 0.1738
6.6221E-01 3.66667E-03 0.1709
8.9828E-01 3.40000E-03 0.1844
1.1731E+00 4.00000E-03 0.1644
1.3332E+00 2.73333E-03 0.1900
1.8360E+00 3.06667E-03 0.1939

Energy Bin   Relative Error
6.0327E-02 6.04024905874
8.8348E-02 0.341214345976
1.2213E-01 0.101294790723
1.5936E-01 0.327648719366
3.9236E-01 0.120863218116
5.1404E-01 0.350922117473
6.6221E-01 0.168474382817
8.9828E-01 0.0570501357843
1.1731E+00 0.447005896097
1.3332E+00 0.0482012078361
1.8360E+00 0.455183692818

Chi Squared Value
38375.55328191548
Average Error
0.768918869613