Energy Bin  Efficiency  Uncertainity
6.0327E-02 1.36000E-02 0.1198
8.8348E-02 9.80000E-03 0.1395
1.2213E-01 1.00667E-02 0.1364
1.5936E-01 1.16667E-02 0.1213
3.9236E-01 5.53333E-03 0.1641
5.1404E-01 3.93333E-03 0.1663
6.6221E-01 4.26667E-03 0.1633
8.9828E-01 3.46667E-03 0.1798
1.1731E+00 3.86667E-03 0.1701
1.3332E+00 3.33333E-03 0.1691
1.8360E+00 3.40000E-03 0.1844

Energy Bin   Relative Error
6.0327E-02 6.36518363068
8.8348E-02 0.378731313252
1.2213E-01 0.17940470955
1.5936E-01 0.358708711775
3.9236E-01 0.0523590088109
5.1404E-01 0.234087981784
6.6221E-01 0.0324066782483
8.9828E-01 0.0777776453586
1.1731E+00 0.398773572065
1.3332E+00 0.278294436499
1.8360E+00 0.613354079696

Chi Squared Value
42695.70594473484
Average Error
0.815371069793