Energy Bin    Value   Uncertainity
6.0327E-02 8.69060E-03 0.0047
8.8348E-02 9.06347E-03 0.0046
1.2213E-01 8.78920E-03 0.0046
1.5936E-01 8.12800E-03 0.0047
3.2020E-01 5.59313E-03 0.0052
3.9236E-01 4.92307E-03 0.0054
5.1404E-01 4.16260E-03 0.0056
6.6221E-01 3.60013E-03 0.0059
8.9828E-01 3.01760E-03 0.0062
1.1731E+00 2.62367E-03 0.0065
1.3332E+00 2.46440E-03 0.0067
1.8360E+00 2.04607E-03 0.0071

Energy Bin   Relative Error
6.0327E-02 3.70646065153
8.8348E-02 0.275111213849
1.2213E-01 0.0297340611304
1.5936E-01 0.0534097551746
3.2020E-01 0.171523324041
3.9236E-01 0.156872455738
5.1404E-01 0.189443711301
6.6221E-01 0.183564291253
8.9828E-01 0.0618369147816
1.1731E+00 0.0508835101469
1.3332E+00 0.0549304121379
1.8360E+00 0.0291072406343

Average Error
0.413573128476