Energy Bin  Efficiency  Uncertainity
6.0327E-02 1.47333E-02 0.1149
8.8348E-02 1.08667E-02 0.1318
1.2213E-01 1.12000E-02 0.1302
1.5936E-01 1.33333E-02 0.1125
3.9236E-01 6.06667E-03 0.1552
5.1404E-01 4.46667E-03 0.1537
6.6221E-01 4.86667E-03 0.1573
8.9828E-01 3.33333E-03 0.1783
1.1731E+00 4.80000E-03 0.1614
1.3332E+00 3.40000E-03 0.1669
1.8360E+00 3.53333E-03 0.1834

Energy Bin   Relative Error
6.0327E-02 6.97893088132
8.8348E-02 0.528801996093
1.2213E-01 0.312181027245
1.5936E-01 0.552801637713
3.9236E-01 0.0389810786664
5.1404E-01 0.13023411857
6.6221E-01 0.10366102632
8.9828E-01 0.03632262621
1.1731E+00 0.736407075316
1.3332E+00 0.303861629091
1.8360E+00 0.676621285415

Chi Squared Value
51963.11596225983
Average Error
0.945345852905