Energy Bin  Efficiency  Uncertainity
6.0327E-02 1.33718E-02 0.0038
8.8348E-02 1.35051E-02 0.0038
1.2213E-01 1.28841E-02 0.0038
1.5936E-01 1.15359E-02 0.0039
3.9236E-01 6.54207E-03 0.0046
5.1404E-01 5.46913E-03 0.0049
6.6221E-01 4.67887E-03 0.0051
8.9828E-01 3.85160E-03 0.0055
1.1731E+00 3.29873E-03 0.0058
1.3332E+00 3.08173E-03 0.0059
1.8360E+00 2.50620E-03 0.0063

Energy Bin   Relative Error
6.0327E-02 5.6381335
8.8348E-02 0.741657711264
1.2213E-01 0.383697822205
1.5936E-01 0.231519382157
3.9236E-01 0.027031803807
5.1404E-01 0.0237789108706
6.6221E-01 0.027350818109
8.9828E-01 0.097663660119
1.1731E+00 0.0938770699156
1.3332E+00 0.0833246196175
1.8360E+00 0.0901291161734

Chi Squared Value
0.7731091692513071
Average Error
0.676196764931