Energy Bin    Value   Uncertainity
6.0327E-02 8.69047E-03 0.0047
8.8348E-02 9.06287E-03 0.0046
1.2213E-01 8.78920E-03 0.0046
1.5936E-01 8.12720E-03 0.0047
3.2020E-01 5.58833E-03 0.0052
3.9236E-01 4.91560E-03 0.0054
5.1404E-01 4.15180E-03 0.0056
6.6221E-01 3.58967E-03 0.0059
8.9828E-01 3.00780E-03 0.0063
1.1731E+00 2.60913E-03 0.0066
1.3332E+00 2.45153E-03 0.0067
1.8360E+00 2.03300E-03 0.0071

Energy Bin   Relative Error
6.0327E-02 3.70639024904
8.8348E-02 0.275026801728
1.2213E-01 0.0297340611304
1.5936E-01 0.0535029235058
3.2020E-01 0.170517927786
3.9236E-01 0.158151771846
5.1404E-01 0.191546725744
6.6221E-01 0.185936404903
8.9828E-01 0.0648837063494
1.1731E+00 0.0561433765792
1.3332E+00 0.0598659118927
1.8360E+00 0.035309163523

Average Error
0.415584085335