Energy Bin  Efficiency  Uncertainity
6.0327E-02 1.50000E-02 0.1141
8.8348E-02 1.12000E-02 0.1299
1.2213E-01 1.16000E-02 0.1275
1.5936E-01 1.36000E-02 0.1117
3.9236E-01 6.13333E-03 0.1561
5.1404E-01 4.60000E-03 0.1520
6.6221E-01 4.73333E-03 0.1543
8.9828E-01 3.33333E-03 0.1761
1.1731E+00 4.80000E-03 0.1602
1.3332E+00 3.46667E-03 0.1693
1.8360E+00 3.53333E-03 0.1814

Energy Bin   Relative Error
6.0327E-02 7.12336429855
8.8348E-02 0.575692929431
1.2213E-01 0.359044635361
1.5936E-01 0.583861630121
3.9236E-01 0.0503973051472
5.1404E-01 0.104271626384
6.6221E-01 0.0734222467749
8.9828E-01 0.03632262621
1.1731E+00 0.736407075316
1.3332E+00 0.329428821682
1.8360E+00 0.676621285415

Chi Squared Value
54183.596580929014
Average Error
0.968075861853