Energy Bin  Efficiency  Uncertainity
6.0327E-02 2.31221E-02 0.0029
8.8348E-02 2.37745E-02 0.0028
1.2213E-01 2.29744E-02 0.0028
1.5936E-01 2.09429E-02 0.0029
3.9236E-01 1.18446E-02 0.0035
5.1404E-01 9.87660E-03 0.0037
6.6221E-01 8.37920E-03 0.0039
8.9828E-01 6.89913E-03 0.0042
1.1731E+00 5.85727E-03 0.0044
1.3332E+00 5.40120E-03 0.0045
1.8360E+00 4.42707E-03 0.0049

Energy Bin   Relative Error
6.0327E-02 6.27237422998
8.8348E-02 0.844110716242
1.2213E-01 0.398362941102
1.5936E-01 0.265089119349
3.9236E-01 0.0386297872868
5.1404E-01 0.00988504513071
6.6221E-01 0.000398059250862
8.9828E-01 0.25561933623
1.1731E+00 0.282080380249
1.3332E+00 0.258484036499
1.8360E+00 0.30807525801

Chi Squared Value
1.5333207360172751
Average Error
0.812100809939