Energy Bin  Efficiency  Uncertainity
6.0327E-02 1.90058E-02 0.0032
8.8348E-02 2.02431E-02 0.0031
1.2213E-01 1.97217E-02 0.0031
1.5936E-01 1.80681E-02 0.0032
3.9236E-01 1.01526E-02 0.0037
5.1404E-01 8.50647E-03 0.0039
6.6221E-01 7.15373E-03 0.0042
8.9828E-01 5.86820E-03 0.0044
1.1731E+00 4.97287E-03 0.0047
1.3332E+00 4.56627E-03 0.0048
1.8360E+00 3.75060E-03 0.0052

Energy Bin   Relative Error
6.0327E-02 4.97771353554
8.8348E-02 0.570191492563
1.2213E-01 0.200383662491
1.5936E-01 0.0914322618788
3.9236E-01 0.109738380493
5.1404E-01 0.130211121251
6.6221E-01 0.145911589602
8.9828E-01 0.067993412048
1.1731E+00 0.0884966990643
1.3332E+00 0.0639446606951
1.8360E+00 0.108197309437

Chi Squared Value
0.9280530508349731
Average Error
0.595837647733