Energy Bin  Efficiency  Uncertainity
6.0327E-02 2.13825E-02 0.0030
8.8348E-02 2.19745E-02 0.0029
1.2213E-01 2.11435E-02 0.0030
1.5936E-01 1.92013E-02 0.0031
3.9236E-01 1.05772E-02 0.0037
5.1404E-01 8.80427E-03 0.0039
6.6221E-01 7.39620E-03 0.0041
8.9828E-01 6.03893E-03 0.0044
1.1731E+00 5.09240E-03 0.0046
1.3332E+00 4.67600E-03 0.0048
1.8360E+00 3.82213E-03 0.0052

Energy Bin   Relative Error
6.0327E-02 5.72523438496
8.8348E-02 0.704490564851
1.2213E-01 0.286923133801
1.5936E-01 0.159885006725
3.9236E-01 0.0725060376804
5.1404E-01 0.0997609899871
6.6221E-01 0.116962940874
8.9828E-01 0.0990657196107
1.1731E+00 0.114660264659
1.3332E+00 0.0895118408264
1.8360E+00 0.129332422098

Chi Squared Value
1.2415459574579573
Average Error
0.690757573279