Energy Bin  Efficiency  Uncertainity
6.0327E-02 2.21097E-02 0.0030
8.8348E-02 2.27038E-02 0.0029
1.2213E-01 2.18686E-02 0.0029
1.5936E-01 1.98960E-02 0.0030
3.9236E-01 1.12235E-02 0.0036
5.1404E-01 9.40240E-03 0.0038
6.6221E-01 7.96480E-03 0.0040
8.9828E-01 6.56093E-03 0.0043
1.1731E+00 5.57773E-03 0.0045
1.3332E+00 5.13833E-03 0.0047
1.8360E+00 4.22747E-03 0.0050

Energy Bin   Relative Error
6.0327E-02 5.95395368554
8.8348E-02 0.761059996189
1.2213E-01 0.331057168579
1.5936E-01 0.201849462995
3.9236E-01 0.0158332558623
5.1404E-01 0.0386020342692
6.6221E-01 0.0490774223886
8.9828E-01 0.194068030556
1.1731E+00 0.220892702458
1.3332E+00 0.19723511058
1.8360E+00 0.249099045413

Chi Squared Value
1.3584638310463146
Average Error
0.746611628621