Energy Bin  Efficiency  Uncertainity
6.0327E-02 2.62544E-02 0.0027
8.8348E-02 2.72552E-02 0.0026
1.2213E-01 2.65388E-02 0.0026
1.5936E-01 2.44425E-02 0.0027
3.9236E-01 1.40461E-02 0.0032
5.1404E-01 1.17657E-02 0.0034
6.6221E-01 9.98533E-03 0.0036
8.9828E-01 8.28067E-03 0.0038
1.1731E+00 7.02253E-03 0.0040
1.3332E+00 6.46407E-03 0.0041
1.8360E+00 5.29093E-03 0.0044

Energy Bin   Relative Error
6.0327E-02 7.25754676191
8.8348E-02 1.11409730566
1.2213E-01 0.615314194117
1.5936E-01 0.476488012628
3.9236E-01 0.231675012682
5.1404E-01 0.203046035629
6.6221E-01 0.192154949515
8.9828E-01 0.50705514593
1.1731E+00 0.537140670092
1.3332E+00 0.506133619532
1.8360E+00 0.563321705973

Chi Squared Value
2.196449076142812
Average Error
1.10945212851