Energy Bin  Efficiency  Uncertainity
6.0327E-02 2.21128E-02 0.0030
8.8348E-02 2.27049E-02 0.0029
1.2213E-01 2.18647E-02 0.0029
1.5936E-01 1.98845E-02 0.0030
3.9236E-01 1.10576E-02 0.0036
5.1404E-01 9.20200E-03 0.0038
6.6221E-01 7.75600E-03 0.0040
8.9828E-01 6.34660E-03 0.0043
1.1731E+00 5.35287E-03 0.0045
1.3332E+00 4.91820E-03 0.0047
1.8360E+00 4.01227E-03 0.0050

Energy Bin   Relative Error
6.0327E-02 5.95492869906
8.8348E-02 0.761145319615
1.2213E-01 0.33081979065
1.5936E-01 0.20115478724
3.9236E-01 0.0303807021003
5.1404E-01 0.0590929889544
6.6221E-01 0.074006188234
8.9828E-01 0.155060664071
1.1731E+00 0.171673766964
1.3332E+00 0.145944639767
1.8360E+00 0.185513469508

Chi Squared Value
1.3557374470267274
Average Error
0.73361100147