Energy Bin  Efficiency  Uncertainity
6.0327E-02 1.90047E-02 0.0032
8.8348E-02 2.02424E-02 0.0031
1.2213E-01 1.97225E-02 0.0031
1.5936E-01 1.80665E-02 0.0032
3.9236E-01 1.01523E-02 0.0037
5.1404E-01 8.50820E-03 0.0039
6.6221E-01 7.15693E-03 0.0042
8.9828E-01 5.86513E-03 0.0044
1.1731E+00 4.96900E-03 0.0047
1.3332E+00 4.56727E-03 0.0048
1.8360E+00 3.75167E-03 0.0052

Energy Bin   Relative Error
6.0327E-02 4.977367563
8.8348E-02 0.570137195838
1.2213E-01 0.2004323554
1.5936E-01 0.091335611339
3.9236E-01 0.109764686906
5.1404E-01 0.130034228279
6.6221E-01 0.145529539551
8.9828E-01 0.0674346819817
1.1731E+00 0.0876496062939
1.3332E+00 0.0641776615165
1.8360E+00 0.108513464485

Chi Squared Value
0.9279015255289423
Average Error
0.595670599508