Energy Bin  Efficiency  Uncertainity
6.0327E-02 1.78687E-02 0.0033
8.8348E-02 1.79465E-02 0.0032
1.2213E-01 1.68519E-02 0.0033
1.5936E-01 1.49552E-02 0.0034
3.9236E-01 8.46400E-03 0.0041
5.1404E-01 7.09087E-03 0.0043
6.6221E-01 6.10967E-03 0.0045
8.9828E-01 5.10487E-03 0.0048
1.1731E+00 4.38867E-03 0.0050
1.3332E+00 4.10133E-03 0.0052
1.8360E+00 3.41480E-03 0.0055

Energy Bin   Relative Error
6.0327E-02 7.87051975586
8.8348E-02 1.31443381502
1.2213E-01 0.809822752852
1.5936E-01 0.596548051217
3.9236E-01 0.32875331316
5.1404E-01 0.265696159037
6.6221E-01 0.270085624761
8.9828E-01 0.454831833168
1.1731E+00 0.455307188047
1.3332E+00 0.441745955089
1.8360E+00 0.48534550551

Chi Squared Value
1.6665150638330737
Average Error
1.20846272307