Energy Bin  Efficiency  Uncertainity
6.0327E-02 1.57744E-02 0.0035
8.8348E-02 1.58650E-02 0.0035
1.2213E-01 1.50311E-02 0.0035
1.5936E-01 1.34033E-02 0.0036
3.9236E-01 7.66713E-03 0.0043
5.1404E-01 6.44907E-03 0.0045
6.6221E-01 5.53913E-03 0.0047
8.9828E-01 4.61773E-03 0.0050
1.1731E+00 3.97713E-03 0.0053
1.3332E+00 3.72620E-03 0.0054
1.8360E+00 3.07833E-03 0.0058

Energy Bin   Relative Error
6.0327E-02 6.83085097611
8.8348E-02 1.04599740759
1.2213E-01 0.614276537387
1.5936E-01 0.430874377801
3.9236E-01 0.203653637751
5.1404E-01 0.151137043601
6.6221E-01 0.151481076176
8.9828E-01 0.316002288203
1.1731E+00 0.318838253229
1.3332E+00 0.309876010429
1.8360E+00 0.338990169256

Chi Squared Value
1.20368462287808
Average Error
0.973816161594