Energy Bin  Efficiency  Uncertainity
6.0327E-02 1.32884E-02 0.0038
8.8348E-02 1.33277E-02 0.0038
1.2213E-01 1.27071E-02 0.0038
1.5936E-01 1.13695E-02 0.0039
3.9236E-01 6.48967E-03 0.0046
5.1404E-01 5.41947E-03 0.0049
6.6221E-01 4.65067E-03 0.0052
8.9828E-01 3.82193E-03 0.0055
1.1731E+00 3.28267E-03 0.0058
1.3332E+00 3.06907E-03 0.0059
1.8360E+00 2.49653E-03 0.0063

Energy Bin   Relative Error
6.0327E-02 5.59673141996
8.8348E-02 0.718779681632
1.2213E-01 0.364688771163
1.5936E-01 0.213755287012
3.9236E-01 0.0188055900063
5.1404E-01 0.0326430518374
6.6221E-01 0.0332130683808
8.9828E-01 0.0892080362755
1.1731E+00 0.0885514852988
1.3332E+00 0.0788742330865
1.8360E+00 0.0859229280985

Chi Squared Value
0.7575689228863556
Average Error
0.665561232068