Energy Bin  Efficiency  Uncertainity
6.0327E-02 1.91643E-02 0.0032
8.8348E-02 1.92172E-02 0.0031
1.2213E-01 1.79245E-02 0.0032
1.5936E-01 1.58455E-02 0.0033
3.9236E-01 8.89673E-03 0.0039
5.1404E-01 7.45300E-03 0.0042
6.6221E-01 6.42460E-03 0.0044
8.9828E-01 5.37967E-03 0.0046
1.1731E+00 4.62433E-03 0.0049
1.3332E+00 4.32027E-03 0.0050
1.8360E+00 3.59807E-03 0.0054

Energy Bin   Relative Error
6.0327E-02 8.51369163718
8.8348E-02 1.47830705207
1.2213E-01 0.925015454251
1.5936E-01 0.69159236557
3.9236E-01 0.396687082205
5.1404E-01 0.330335131416
6.6221E-01 0.335553655899
8.9828E-01 0.533146812346
1.1731E+00 0.533453344385
1.3332E+00 0.518710222633
1.8360E+00 0.565062991393

Chi Squared Value
1.9900419165638588
Average Error
1.34741415903