Energy Bin  Efficiency  Uncertainity
6.0327E-02 1.31786E-02 0.0038
8.8348E-02 1.33381E-02 0.0038
1.2213E-01 1.27360E-02 0.0038
1.5936E-01 1.14133E-02 0.0039
3.9236E-01 6.49807E-03 0.0046
5.1404E-01 5.43613E-03 0.0049
6.6221E-01 4.65180E-03 0.0052
8.9828E-01 3.82920E-03 0.0055
1.1731E+00 3.28467E-03 0.0058
1.3332E+00 3.07007E-03 0.0059
1.8360E+00 2.49820E-03 0.0063

Energy Bin   Relative Error
6.0327E-02 5.54222364552
8.8348E-02 0.720120896447
1.2213E-01 0.367792508876
1.5936E-01 0.218431172633
3.9236E-01 0.0201242960354
5.1404E-01 0.0296692985449
6.6221E-01 0.0329781626075
8.9828E-01 0.0912799063578
1.1731E+00 0.0892146963345
1.3332E+00 0.0792257644081
1.8360E+00 0.0866493328642

Chi Squared Value
0.7447355951519009
Average Error
0.661609970966