Energy Bin  Efficiency  Uncertainity
6.0327E-02 1.15445E-02 0.0041
8.8348E-02 1.21133E-02 0.0040
1.2213E-01 1.17045E-02 0.0040
1.5936E-01 1.05704E-02 0.0041
3.9236E-01 6.16660E-03 0.0048
5.1404E-01 5.19133E-03 0.0050
6.6221E-01 4.45700E-03 0.0053
8.9828E-01 3.68967E-03 0.0056
1.1731E+00 3.18447E-03 0.0059
1.3332E+00 2.97353E-03 0.0060
1.8360E+00 2.43373E-03 0.0064

Energy Bin   Relative Error
6.0327E-02 4.73101094772
8.8348E-02 0.562167059396
1.2213E-01 0.257013773566
1.5936E-01 0.128447063268
3.9236E-01 0.0319127858069
5.1404E-01 0.0733652652926
6.6221E-01 0.0734734233504
8.9828E-01 0.0515153901836
1.1731E+00 0.0559878234454
1.3332E+00 0.0452889306238
1.8360E+00 0.0586066291216

Chi Squared Value
0.5324256737858696
Average Error
0.551708099252