Energy Bin  Efficiency  Uncertainity
6.0327E-02 1.23641E-02 0.0040
8.8348E-02 1.27052E-02 0.0039
1.2213E-01 1.21869E-02 0.0039
1.5936E-01 1.09623E-02 0.0040
3.9236E-01 6.32027E-03 0.0047
5.1404E-01 5.30133E-03 0.0050
6.6221E-01 4.55040E-03 0.0052
8.9828E-01 3.75387E-03 0.0055
1.1731E+00 3.23213E-03 0.0058
1.3332E+00 3.02300E-03 0.0060
1.8360E+00 2.46360E-03 0.0064

Energy Bin   Relative Error
6.0327E-02 5.13788318756
8.8348E-02 0.63850023718
1.2213E-01 0.308821492338
1.5936E-01 0.170284496487
3.9236E-01 0.00778831491448
5.1404E-01 0.0537306397115
6.6221E-01 0.0540573178402
8.9828E-01 0.0698116844457
1.1731E+00 0.0717921424264
1.3332E+00 0.0626791851018
1.8360E+00 0.0715992700522

Chi Squared Value
0.6334097357777633
Average Error
0.604267997096