Energy Bin  Efficiency  Uncertainity
6.0327E-02 1.28223E-02 0.0039
8.8348E-02 1.30166E-02 0.0038
1.2213E-01 1.24459E-02 0.0038
1.5936E-01 1.11810E-02 0.0040
3.9236E-01 6.41473E-03 0.0047
5.1404E-01 5.37587E-03 0.0049
6.6221E-01 4.61327E-03 0.0052
8.9828E-01 3.80347E-03 0.0055
1.1731E+00 3.27047E-03 0.0058
1.3332E+00 3.05833E-03 0.0059
1.8360E+00 2.49173E-03 0.0064

Energy Bin   Relative Error
6.0327E-02 5.36534641388
8.8348E-02 0.678659303851
1.2213E-01 0.336636996405
1.5936E-01 0.193631897979
3.9236E-01 0.00704084836069
5.1404E-01 0.0404255034314
6.6221E-01 0.0409878258335
8.9828E-01 0.0839471392026
1.1731E+00 0.084505897981
1.3332E+00 0.0750987866928
1.8360E+00 0.083835058113

Chi Squared Value
0.6936820360378124
Average Error
0.635465061066