Energy Bin  Efficiency  Uncertainity
6.0327E-02 3.49793E-03 0.0075
8.8348E-02 3.45127E-03 0.0075
1.2213E-01 3.25607E-03 0.0076
1.5936E-01 2.92527E-03 0.0078
3.9236E-01 1.61927E-03 0.0094
5.1404E-01 1.36320E-03 0.0098
6.6221E-01 1.15240E-03 0.0105
8.9828E-01 9.40000E-04 0.0111
1.1731E+00 7.93533E-04 0.0117
1.3332E+00 7.54133E-04 0.0120
1.8360E+00 6.06133E-04 0.0130

Energy Bin   Relative Error
6.0327E-02 3.29010058267
8.8348E-02 0.468178717139
1.2213E-01 0.353362204893
1.5936E-01 0.201684331445
3.9236E-01 0.027154950149
5.1404E-01 0.0296887345097
6.6221E-01 0.00805928944719
8.9828E-01 0.0154514140984
1.1731E+00 0.023561738904
1.3332E+00 0.0132560080077
1.8360E+00 0.0100820014464

Chi Squared Value
0.1071840093149471
Average Error
0.403689088428