Energy Bin  Efficiency  Uncertainity
6.0327E-02 3.60827E-03 0.0074
8.8348E-02 3.57193E-03 0.0074
1.2213E-01 3.37560E-03 0.0074
1.5936E-01 3.03567E-03 0.0077
3.9236E-01 1.68680E-03 0.0092
5.1404E-01 1.42287E-03 0.0096
6.6221E-01 1.20093E-03 0.0102
8.9828E-01 9.81200E-04 0.0109
1.1731E+00 8.31933E-04 0.0115
1.3332E+00 7.90133E-04 0.0117
1.8360E+00 6.33267E-04 0.0127

Energy Bin   Relative Error
6.0327E-02 3.42542910505
8.8348E-02 0.519507776879
1.2213E-01 0.403043994397
1.5936E-01 0.247036025542
3.9236E-01 0.0699913973033
5.1404E-01 0.0127837370365
6.6221E-01 0.0505107970113
8.9828E-01 0.0277011409433
1.1731E+00 0.0236892629146
1.3332E+00 0.0338481284135
1.8360E+00 0.0342324229007

Chi Squared Value
0.11829860661097963
Average Error
0.440706708036