Energy Bin  Efficiency  Uncertainity
6.0327E-02 3.47760E-03 0.0075
8.8348E-02 3.44900E-03 0.0075
1.2213E-01 3.25940E-03 0.0076
1.5936E-01 2.92933E-03 0.0078
3.9236E-01 1.61980E-03 0.0094
5.1404E-01 1.36407E-03 0.0098
6.6221E-01 1.15040E-03 0.0105
8.9828E-01 9.40933E-04 0.0111
1.1731E+00 7.94133E-04 0.0117
1.3332E+00 7.54267E-04 0.0120
1.8360E+00 6.06933E-04 0.0130

Energy Bin   Relative Error
6.0327E-02 3.26516648026
8.8348E-02 0.467213053575
1.2213E-01 0.354746295574
1.5936E-01 0.203352156427
3.9236E-01 0.0274911461655
5.1404E-01 0.0290694777601
6.6221E-01 0.00630979397782
8.9828E-01 0.0144741972573
1.1731E+00 0.0228234420006
1.3332E+00 0.0130806759444
1.8360E+00 0.00877546575399

Chi Squared Value
0.10573734726915665
Average Error
0.401136562245