Energy Bin  Efficiency  Uncertainity
6.0327E-02 3.66340E-03 0.0073
8.8348E-02 3.57160E-03 0.0074
1.2213E-01 3.34133E-03 0.0075
1.5936E-01 2.99853E-03 0.0077
3.9236E-01 1.64880E-03 0.0093
5.1404E-01 1.38407E-03 0.0098
6.6221E-01 1.16780E-03 0.0104
8.9828E-01 9.51200E-04 0.0111
1.1731E+00 8.01600E-04 0.0116
1.3332E+00 7.61400E-04 0.0120
1.8360E+00 6.10067E-04 0.0130

Energy Bin   Relative Error
6.0327E-02 3.49304430751
8.8348E-02 0.51936739407
1.2213E-01 0.38879991403
1.5936E-01 0.231779124104
3.9236E-01 0.045886777255
5.1404E-01 0.0148336904143
6.6221E-01 0.0215304045613
8.9828E-01 0.00372062243657
1.1731E+00 0.0136353370376
1.3332E+00 0.00374751469179
1.8360E+00 0.00365711217901

Chi Squared Value
0.121893887950592
Average Error
0.430909290753