Energy Bin  Efficiency  Uncertainity
6.0327E-02 3.44980E-03 0.0076
8.8348E-02 3.42413E-03 0.0075
1.2213E-01 3.23307E-03 0.0076
1.5936E-01 2.91247E-03 0.0078
3.9236E-01 1.61127E-03 0.0094
5.1404E-01 1.35900E-03 0.0098
6.6221E-01 1.14647E-03 0.0105
8.9828E-01 9.37533E-04 0.0111
1.1731E+00 7.91933E-04 0.0117
1.3332E+00 7.52533E-04 0.0120
1.8360E+00 6.04800E-04 0.0130

Energy Bin   Relative Error
6.0327E-02 3.23107065896
8.8348E-02 0.456633294618
1.2213E-01 0.343802419412
1.5936E-01 0.196426164014
3.9236E-01 0.0220802932967
5.1404E-01 0.0326782498523
6.6221E-01 0.00287203538052
8.9828E-01 0.0180353304403
1.1731E+00 0.0255305306464
1.3332E+00 0.015349525182
1.8360E+00 0.0122590165439

Chi Squared Value
0.10322341503918593
Average Error
0.396067047123