Energy Bin  Efficiency  Uncertainity
6.0327E-02 6.05533E-04 0.0181
8.8348E-02 6.35400E-04 0.0175
1.2213E-01 5.95333E-04 0.0178
1.5936E-01 5.81600E-04 0.0178
3.9236E-01 3.55600E-04 0.0202
5.1404E-01 3.14533E-04 0.0209
6.6221E-01 2.72067E-04 0.0221
8.9828E-01 2.28200E-04 0.0231
1.1731E+00 2.00467E-04 0.0237
1.3332E+00 1.82000E-04 0.0248
1.8360E+00 1.49467E-04 0.0268

Energy Bin   Relative Error
6.0327E-02 4.73783638661
8.8348E-02 0.820665585939
1.2213E-01 0.358317723318
1.5936E-01 0.245988234595
3.9236E-01 0.0726111389983
5.1404E-01 0.0811238229808
6.6221E-01 0.0922229392631
8.9828E-01 0.0572323938415
1.1731E+00 0.0732830333134
1.3332E+00 0.0238149482608
1.8360E+00 0.0432115209008

Chi Squared Value
19744.694739474086
Average Error
0.60057342982