Energy Bin  Efficiency  Uncertainity
6.0327E-02 6.52533E-04 0.0174
8.8348E-02 6.82067E-04 0.0169
1.2213E-01 6.35533E-04 0.0172
1.5936E-01 6.18000E-04 0.0172
3.9236E-01 3.80667E-04 0.0195
5.1404E-01 3.36200E-04 0.0202
6.6221E-01 2.88733E-04 0.0215
8.9828E-01 2.42600E-04 0.0225
1.1731E+00 2.14467E-04 0.0229
1.3332E+00 1.91867E-04 0.0242
1.8360E+00 1.58200E-04 0.0262

Energy Bin   Relative Error
6.0327E-02 5.18319330385
8.8348E-02 0.954384504571
1.2213E-01 0.450038445128
1.5936E-01 0.32396961654
3.9236E-01 0.148221778541
5.1404E-01 0.0178258856341
6.6221E-01 0.159129206858
8.9828E-01 0.123946444987
1.1731E+00 0.148237826204
1.3332E+00 0.0793203443843
1.8360E+00 0.104163879696

Chi Squared Value
23873.849592701044
Average Error
0.699311930582