Energy Bin  Efficiency  Uncertainity
6.0327E-02 5.08867E-04 0.0197
8.8348E-02 5.46733E-04 0.0189
1.2213E-01 5.16067E-04 0.0191
1.5936E-01 5.07333E-04 0.0190
3.9236E-01 3.12067E-04 0.0214
5.1404E-01 2.72067E-04 0.0223
6.6221E-01 2.33067E-04 0.0234
8.9828E-01 1.90733E-04 0.0248
1.1731E+00 1.69267E-04 0.0255
1.3332E+00 1.52333E-04 0.0270
1.8360E+00 1.26333E-04 0.0286

Energy Bin   Relative Error
6.0327E-02 3.82186039166
8.8348E-02 0.566600500153
1.2213E-01 0.177463625433
1.5936E-01 0.0868826496245
3.9236E-01 0.058699267959
5.1404E-01 0.205183923935
6.6221E-01 0.0643439895863
8.9828E-01 0.116349227982
1.1731E+00 0.093759076557
1.3332E+00 0.143072513663
1.8360E+00 0.118253252758

Chi Squared Value
12746.065592215613
Average Error
0.49567894721