Energy Bin  Efficiency  Uncertainity
6.0327E-02 6.56000E-04 0.0174
8.8348E-02 6.86600E-04 0.0168
1.2213E-01 6.39600E-04 0.0172
1.5936E-01 6.20533E-04 0.0172
3.9236E-01 3.82333E-04 0.0195
5.1404E-01 3.36867E-04 0.0202
6.6221E-01 2.91067E-04 0.0214
8.9828E-01 2.43733E-04 0.0224
1.1731E+00 2.16000E-04 0.0228
1.3332E+00 1.93800E-04 0.0241
1.8360E+00 1.58533E-04 0.0261

Energy Bin   Relative Error
6.0327E-02 5.21604548326
8.8348E-02 0.967373294469
1.2213E-01 0.459317752979
1.5936E-01 0.329396178091
3.9236E-01 0.153247003956
5.1404E-01 0.0158773129563
6.6221E-01 0.168499135369
8.9828E-01 0.129195543594
1.1731E+00 0.156445376025
1.3332E+00 0.090194159192
1.8360E+00 0.106488067888

Chi Squared Value
24207.53729214322
Average Error
0.708370846162