Energy Bin  Efficiency  Uncertainity
6.0327E-02 6.74733E-04 0.0171
8.8348E-02 7.04333E-04 0.0166
1.2213E-01 6.55000E-04 0.0170
1.5936E-01 6.34733E-04 0.0170
3.9236E-01 3.89067E-04 0.0193
5.1404E-01 3.45933E-04 0.0200
6.6221E-01 2.94600E-04 0.0211
8.9828E-01 2.51133E-04 0.0222
1.1731E+00 2.21467E-04 0.0225
1.3332E+00 1.98867E-04 0.0239
1.8360E+00 1.61933E-04 0.0256

Energy Bin   Relative Error
6.0327E-02 5.39355337966
8.8348E-02 1.01818516547
1.2213E-01 0.494454546906
1.5936E-01 0.359817486432
3.9236E-01 0.173559049541
5.1404E-01 0.0106080841908
6.6221E-01 0.182682493308
8.9828E-01 0.16347915321
1.1731E+00 0.185715222649
1.3332E+00 0.118697842394
1.8360E+00 0.130218517894

Chi Squared Value
25984.220925016663
Average Error
0.748270085605