Energy Bin  Efficiency  Uncertainity
6.0327E-02 5.91333E-04 0.0183
8.8348E-02 6.20000E-04 0.0177
1.2213E-01 5.82467E-04 0.0180
1.5936E-01 5.69600E-04 0.0179
3.9236E-01 3.56133E-04 0.0203
5.1404E-01 3.14933E-04 0.0211
6.6221E-01 2.71533E-04 0.0221
8.9828E-01 2.25333E-04 0.0233
1.1731E+00 2.00400E-04 0.0238
1.3332E+00 1.80467E-04 0.0250
1.8360E+00 1.48000E-04 0.0270

Energy Bin   Relative Error
6.0327E-02 4.60328174352
8.8348E-02 0.776538657983
1.2213E-01 0.328962529119
1.5936E-01 0.220280086701
3.9236E-01 0.0742188491701
5.1404E-01 0.0799552636538
6.6221E-01 0.0900791766988
8.9828E-01 0.0439498115753
1.1731E+00 0.0729243210903
1.3332E+00 0.0151912761966
1.8360E+00 0.0329725296776

Chi Squared Value
18586.42016777382
Average Error
0.576214022308