Energy Bin  Efficiency  Uncertainity
6.0327E-02 5.19867E-04 0.0195
8.8348E-02 5.55533E-04 0.0187
1.2213E-01 5.23733E-04 0.0190
1.5936E-01 5.12867E-04 0.0189
3.9236E-01 3.14000E-04 0.0214
5.1404E-01 2.75400E-04 0.0222
6.6221E-01 2.33733E-04 0.0234
8.9828E-01 1.92000E-04 0.0247
1.1731E+00 1.69333E-04 0.0255
1.3332E+00 1.53133E-04 0.0270
1.8360E+00 1.26867E-04 0.0286

Energy Bin   Relative Error
6.0327E-02 3.92609286166
8.8348E-02 0.591815887557
1.2213E-01 0.194954447656
1.5936E-01 0.098738390495
3.9236E-01 0.0528686792872
5.1404E-01 0.195446903342
6.6221E-01 0.0616703081859
8.9828E-01 0.110479318065
1.1731E+00 0.0934057182476
1.3332E+00 0.138572228176
1.8360E+00 0.114526176199

Chi Squared Value
13453.235765093421
Average Error
0.507142810806