Energy Bin  Efficiency  Uncertainity
6.0327E-02 6.66400E-04 0.0172
8.8348E-02 6.97733E-04 0.0167
1.2213E-01 6.47067E-04 0.0171
1.5936E-01 6.28800E-04 0.0170
3.9236E-01 3.86667E-04 0.0193
5.1404E-01 3.42733E-04 0.0200
6.6221E-01 2.92867E-04 0.0213
8.9828E-01 2.48400E-04 0.0223
1.1731E+00 2.20000E-04 0.0226
1.3332E+00 1.97067E-04 0.0240
1.8360E+00 1.61267E-04 0.0257

Energy Bin   Relative Error
6.0327E-02 5.3145925458
8.8348E-02 0.99927362492
1.2213E-01 0.476354534814
1.5936E-01 0.347106949644
3.9236E-01 0.166319829255
5.1404E-01 0.00125960957459
6.6221E-01 0.175725301316
8.9828E-01 0.150817382253
1.1731E+00 0.177861031137
1.3332E+00 0.108572200049
1.8360E+00 0.12557014151

Chi Squared Value
25195.720798065584
Average Error
0.731223013661