Energy Bin  Efficiency  Uncertainity
6.0327E-02 6.34600E-04 0.0176
8.8348E-02 6.65400E-04 0.0171
1.2213E-01 6.20533E-04 0.0174
1.5936E-01 6.04067E-04 0.0174
3.9236E-01 3.71467E-04 0.0198
5.1404E-01 3.29200E-04 0.0205
6.6221E-01 2.83400E-04 0.0217
8.9828E-01 2.38000E-04 0.0227
1.1731E+00 2.10533E-04 0.0231
1.3332E+00 1.87867E-04 0.0245
1.8360E+00 1.56200E-04 0.0264

Energy Bin   Relative Error
6.0327E-02 5.01326595073
8.8348E-02 0.906627133906
1.2213E-01 0.415814295199
1.5936E-01 0.294120314489
3.9236E-01 0.120471434112
5.1404E-01 0.038275673857
6.6221E-01 0.137719682972
8.9828E-01 0.102635011982
1.1731E+00 0.127175529402
1.3332E+00 0.05681891695
1.8360E+00 0.090204791457

Chi Squared Value
22255.924706443275
Average Error
0.663920794096