Energy Bin  Efficiency  Uncertainity
6.0327E-02 5.89733E-04 0.0183
8.8348E-02 6.18400E-04 0.0177
1.2213E-01 5.80667E-04 0.0180
1.5936E-01 5.67600E-04 0.0180
3.9236E-01 3.51600E-04 0.0204
5.1404E-01 3.10333E-04 0.0211
6.6221E-01 2.66867E-04 0.0222
8.9828E-01 2.20333E-04 0.0235
1.1731E+00 1.96667E-04 0.0240
1.3332E+00 1.77867E-04 0.0251
1.8360E+00 1.45667E-04 0.0272

Energy Bin   Relative Error
6.0327E-02 4.58812065698
8.8348E-02 0.771954042091
1.2213E-01 0.324855631128
1.5936E-01 0.215995395385
3.9236E-01 0.0605457718555
5.1404E-01 0.0933936959146
6.6221E-01 0.0713473487498
8.9828E-01 0.0207852104832
1.1731E+00 0.0529381609574
1.3332E+00 0.000565348364287
1.8360E+00 0.0166892532469

Chi Squared Value
18450.26675484504
Average Error
0.565199137741