Energy Bin  Efficiency  Uncertainity
6.0327E-02 5.87333E-04 0.0183
8.8348E-02 6.14467E-04 0.0178
1.2213E-01 5.78467E-04 0.0181
1.5936E-01 5.63133E-04 0.0180
3.9236E-01 3.47467E-04 0.0204
5.1404E-01 3.03400E-04 0.0212
6.6221E-01 2.62000E-04 0.0222
8.9828E-01 2.13267E-04 0.0237
1.1731E+00 1.89200E-04 0.0242
1.3332E+00 1.71333E-04 0.0255
1.8360E+00 1.40733E-04 0.0275

Energy Bin   Relative Error
6.0327E-02 4.56537902716
8.8348E-02 0.760684483153
1.2213E-01 0.319836089138
1.5936E-01 0.206425537332
3.9236E-01 0.0480792312551
5.1404E-01 0.11364775045
6.6221E-01 0.0518085989368
8.9828E-01 0.0119510037801
1.1731E+00 0.0129604867778
1.3332E+00 0.0361907333496
1.8360E+00 0.0177478174384

Chi Squared Value
18250.464103889728
Average Error
0.558610068979