Energy Bin  Efficiency  Uncertainity
6.0327E-02 5.91800E-04 0.0183
8.8348E-02 6.21600E-04 0.0177
1.2213E-01 5.82933E-04 0.0180
1.5936E-01 5.71000E-04 0.0179
3.9236E-01 3.57000E-04 0.0202
5.1404E-01 3.17333E-04 0.0211
6.6221E-01 2.72533E-04 0.0220
8.9828E-01 2.26867E-04 0.0233
1.1731E+00 2.02933E-04 0.0237
1.3332E+00 1.82667E-04 0.0250
1.8360E+00 1.49933E-04 0.0268

Energy Bin   Relative Error
6.0327E-02 4.60770688566
8.8348E-02 0.781123273874
1.2213E-01 0.330025759377
1.5936E-01 0.223279370622
3.9236E-01 0.0768340174983
5.1404E-01 0.0729439076916
6.6221E-01 0.094093713336
8.9828E-01 0.0510567111903
1.1731E+00 0.0864857846897
1.3332E+00 0.0275670612855
1.8360E+00 0.0464639884605

Chi Squared Value
18634.192060811176
Average Error
0.58159822488