Energy Bin  Efficiency  Uncertainity
6.0327E-02 5.12133E-04 0.0196
8.8348E-02 5.52600E-04 0.0188
1.2213E-01 5.19667E-04 0.0191
1.5936E-01 5.11200E-04 0.0190
3.9236E-01 3.13933E-04 0.0213
5.1404E-01 2.75467E-04 0.0222
6.6221E-01 2.34200E-04 0.0233
8.9828E-01 1.92333E-04 0.0247
1.1731E+00 1.70000E-04 0.0255
1.3332E+00 1.53000E-04 0.0269
1.8360E+00 1.26133E-04 0.0286

Energy Bin   Relative Error
6.0327E-02 3.85280795957
8.8348E-02 0.58341171355
1.2213E-01 0.185677421416
1.5936E-01 0.0951671002834
3.9236E-01 0.0530707741869
5.1404E-01 0.195251169655
6.6221E-01 0.0597955195764
8.9828E-01 0.108936555632
1.1731E+00 0.0898346577578
1.3332E+00 0.139320400638
1.8360E+00 0.119649161582

Chi Squared Value
12960.325381431447
Average Error
0.498447493986