Energy Bin  Efficiency  Uncertainity
6.0327E-02 6.64333E-04 0.0173
8.8348E-02 6.96133E-04 0.0167
1.2213E-01 6.46200E-04 0.0171
1.5936E-01 6.27267E-04 0.0171
3.9236E-01 3.85667E-04 0.0194
5.1404E-01 3.41333E-04 0.0201
6.6221E-01 2.92467E-04 0.0213
8.9828E-01 2.47733E-04 0.0223
1.1731E+00 2.19133E-04 0.0227
1.3332E+00 1.96867E-04 0.0240
1.8360E+00 1.60333E-04 0.0257

Energy Bin   Relative Error
6.0327E-02 5.29500631712
8.8348E-02 0.994689009028
1.2213E-01 0.474376378948
1.5936E-01 0.343822733751
3.9236E-01 0.163303487469
5.1404E-01 0.00283034807
6.6221E-01 0.174119486661
8.9828E-01 0.147727224468
1.1731E+00 0.173219187892
1.3332E+00 0.107447128677
1.8360E+00 0.119051247303

Chi Squared Value
25002.09930242553
Average Error
0.726872049944