Energy Bin  Efficiency  Uncertainity
6.0327E-02 5.52000E-04 0.0189
8.8348E-02 5.74667E-04 0.0184
1.2213E-01 5.42800E-04 0.0187
1.5936E-01 5.28933E-04 0.0186
3.9236E-01 3.22200E-04 0.0211
5.1404E-01 2.80400E-04 0.0220
6.6221E-01 2.35467E-04 0.0233
8.9828E-01 1.93267E-04 0.0247
1.1731E+00 1.70400E-04 0.0254
1.3332E+00 1.53400E-04 0.0269
1.8360E+00 1.27667E-04 0.0285

Energy Bin   Relative Error
6.0327E-02 4.23057485786
8.8348E-02 0.64664216285
1.2213E-01 0.238457905436
1.5936E-01 0.133157315834
3.9236E-01 0.0281346766444
5.1404E-01 0.180839911754
6.6221E-01 0.0547091016571
8.9828E-01 0.104609408148
1.1731E+00 0.0876930922466
1.3332E+00 0.137070257894
1.8360E+00 0.108942540903

Chi Squared Value
15620.559664723638
Average Error
0.540984657385