Energy Bin  Efficiency  Uncertainity
6.0327E-02 6.70467E-04 0.0172
8.8348E-02 7.00000E-04 0.0167
1.2213E-01 6.49600E-04 0.0170
1.5936E-01 6.30933E-04 0.0170
3.9236E-01 3.87467E-04 0.0193
5.1404E-01 3.44067E-04 0.0200
6.6221E-01 2.93200E-04 0.0212
8.9828E-01 2.49667E-04 0.0223
1.1731E+00 2.21133E-04 0.0226
1.3332E+00 1.97533E-04 0.0239
1.8360E+00 1.61400E-04 0.0257

Energy Bin   Relative Error
6.0327E-02 5.35313013266
8.8348E-02 1.00576945256
1.2213E-01 0.482133852932
1.5936E-01 0.351676572932
3.9236E-01 0.168732902684
5.1404E-01 0.00515675493022
6.6221E-01 0.177062142016
8.9828E-01 0.15668729217
1.1731E+00 0.183927015447
1.3332E+00 0.111193616345
1.8360E+00 0.126498420878

Chi Squared Value
25568.504738494063
Average Error
0.738360741414