Energy Bin  Efficiency  Uncertainity
6.0327E-02 5.99467E-04 0.0182
8.8348E-02 6.26133E-04 0.0176
1.2213E-01 5.88733E-04 0.0179
1.5936E-01 5.73467E-04 0.0179
3.9236E-01 3.51667E-04 0.0203
5.1404E-01 3.06400E-04 0.0211
6.6221E-01 2.60800E-04 0.0222
8.9828E-01 2.14467E-04 0.0235
1.1731E+00 1.88600E-04 0.0242
1.3332E+00 1.70067E-04 0.0256
1.8360E+00 1.41467E-04 0.0271

Energy Bin   Relative Error
6.0327E-02 4.68035691725
8.8348E-02 0.794112063772
1.2213E-01 0.343259097349
1.5936E-01 0.22856453736
3.9236E-01 0.0607478667551
5.1404E-01 0.104883555498
6.6221E-01 0.0469911549722
8.9828E-01 0.00639149951798
1.1731E+00 0.0097481385111
1.3332E+00 0.0433124351326
1.8360E+00 0.0126248320547

Chi Squared Value
19217.50390773847
Average Error
0.575544736197