Energy Bin  Efficiency  Uncertainity
6.0327E-02 6.43133E-04 0.0175
8.8348E-02 6.73733E-04 0.0170
1.2213E-01 6.28533E-04 0.0173
1.5936E-01 6.11267E-04 0.0173
3.9236E-01 3.76533E-04 0.0196
5.1404E-01 3.31800E-04 0.0203
6.6221E-01 2.86733E-04 0.0216
8.9828E-01 2.39867E-04 0.0225
1.1731E+00 2.11800E-04 0.0230
1.3332E+00 1.89267E-04 0.0244
1.8360E+00 1.57333E-04 0.0262

Energy Bin   Relative Error
6.0327E-02 5.0941219204
8.8348E-02 0.930504386546
1.2213E-01 0.434067175161
1.5936E-01 0.309545203226
3.9236E-01 0.135752221599
5.1404E-01 0.0306800382314
6.6221E-01 0.151100133584
8.9828E-01 0.11128467403
1.1731E+00 0.133958938158
1.3332E+00 0.064694416552
1.8360E+00 0.0981126149444

Chi Squared Value
23022.486857813117
Average Error
0.681256520221