Energy Bin  Efficiency  Uncertainity
6.0327E-02 5.59133E-04 0.0188
8.8348E-02 5.82133E-04 0.0183
1.2213E-01 5.48400E-04 0.0186
1.5936E-01 5.33467E-04 0.0185
3.9236E-01 3.24067E-04 0.0211
5.1404E-01 2.81667E-04 0.0219
6.6221E-01 2.36200E-04 0.0232
8.9828E-01 1.94400E-04 0.0246
1.1731E+00 1.71000E-04 0.0254
1.3332E+00 1.53867E-04 0.0268
1.8360E+00 1.28267E-04 0.0285

Energy Bin   Relative Error
6.0327E-02 4.29816487682
8.8348E-02 0.668035126754
1.2213E-01 0.25123492141
1.5936E-01 0.142870711046
3.9236E-01 0.0225031665305
5.1404E-01 0.177138500086
6.6221E-01 0.0517664463021
8.9828E-01 0.0993603095408
1.1731E+00 0.0844807439799
1.3332E+00 0.134443216242
1.8360E+00 0.104754814431

Chi Squared Value
16135.766640606162
Average Error
0.548613893922