Energy Bin  Efficiency  Uncertainity
6.0327E-02 5.11533E-04 0.0197
8.8348E-02 5.52533E-04 0.0188
1.2213E-01 5.19600E-04 0.0191
1.5936E-01 5.10467E-04 0.0190
3.9236E-01 3.12867E-04 0.0214
5.1404E-01 2.75267E-04 0.0222
6.6221E-01 2.34133E-04 0.0234
8.9828E-01 1.92200E-04 0.0247
1.1731E+00 1.69600E-04 0.0255
1.3332E+00 1.53000E-04 0.0269
1.8360E+00 1.26267E-04 0.0286

Energy Bin   Relative Error
6.0327E-02 3.84712255212
8.8348E-02 0.58321973276
1.2213E-01 0.185524553546
1.5936E-01 0.0935967609162
3.9236E-01 0.0562861945304
5.1404E-01 0.195835449318
6.6221E-01 0.0600644935311
8.9828E-01 0.109552734021
1.1731E+00 0.0919762232689
1.3332E+00 0.139320400638
1.8360E+00 0.11871390267

Chi Squared Value
12923.899418083125
Average Error
0.498292090665