Energy Bin  Efficiency  Uncertainity
6.0327E-02 5.86933E-04 0.0184
8.8348E-02 6.13467E-04 0.0178
1.2213E-01 5.77467E-04 0.0181
1.5936E-01 5.61733E-04 0.0181
3.9236E-01 3.46067E-04 0.0205
5.1404E-01 3.00533E-04 0.0213
6.6221E-01 2.58467E-04 0.0223
8.9828E-01 2.10600E-04 0.0238
1.1731E+00 1.86933E-04 0.0244
1.3332E+00 1.67467E-04 0.0258
1.8360E+00 1.39533E-04 0.0275

Energy Bin   Relative Error
6.0327E-02 4.56158875553
8.8348E-02 0.75781909822
1.2213E-01 0.317554479143
1.5936E-01 0.203426253411
3.9236E-01 0.0438563527551
5.1404E-01 0.122023399427
6.6221E-01 0.0376252409977
8.9828E-01 0.0243070020026
1.1731E+00 0.000823164243351
1.3332E+00 0.0579383629649
1.8360E+00 0.0261232703817

Chi Squared Value
18217.777409980947
Average Error
0.559371398098