Energy Bin  Efficiency  Uncertainity
6.0327E-02 5.89200E-04 0.0183
8.8348E-02 6.17133E-04 0.0177
1.2213E-01 5.80000E-04 0.0181
1.5936E-01 5.67000E-04 0.0180
3.9236E-01 3.50933E-04 0.0204
5.1404E-01 3.08467E-04 0.0212
6.6221E-01 2.66533E-04 0.0222
8.9828E-01 2.19400E-04 0.0235
1.1731E+00 1.95267E-04 0.0240
1.3332E+00 1.76667E-04 0.0252
1.8360E+00 1.44267E-04 0.0271

Energy Bin   Relative Error
6.0327E-02 4.58307012003
8.8348E-02 0.768323599382
1.2213E-01 0.323333797261
1.5936E-01 0.21470998799
3.9236E-01 0.0585338718844
5.1404E-01 0.0988450251752
6.6221E-01 0.070006493513
8.9828E-01 0.0164626959194
1.1731E+00 0.0454426816683
1.3332E+00 0.006185079866
1.8360E+00 0.00691789147972

Chi Squared Value
18403.93872416661
Average Error
0.562893749469