Energy Bin  Efficiency  Uncertainity
6.0327E-02 5.70467E-04 0.0186
8.8348E-02 5.93133E-04 0.0181
1.2213E-01 5.61133E-04 0.0184
1.5936E-01 5.44467E-04 0.0184
3.9236E-01 3.29733E-04 0.0209
5.1404E-01 2.85000E-04 0.0218
6.6221E-01 2.41600E-04 0.0229
8.9828E-01 1.97600E-04 0.0244
1.1731E+00 1.73800E-04 0.0252
1.3332E+00 1.55333E-04 0.0267
1.8360E+00 1.30933E-04 0.0282

Energy Bin   Relative Error
6.0327E-02 4.40556222363
8.8348E-02 0.699554361008
1.2213E-01 0.28028666148
1.5936E-01 0.166436513282
3.9236E-01 0.00541257397264
5.1404E-01 0.167401479493
6.6221E-01 0.0300879484614
8.9828E-01 0.0845349648419
1.1731E+00 0.0694897854018
1.3332E+00 0.126196443087
1.8360E+00 0.0861473498089

Chi Squared Value
16967.96997841735
Average Error
0.556464573133