Energy Bin  Efficiency  Uncertainity
6.0327E-02 5.93667E-04 0.0182
8.8348E-02 6.23867E-04 0.0177
1.2213E-01 5.85267E-04 0.0180
1.5936E-01 5.72600E-04 0.0179
3.9236E-01 3.60667E-04 0.0202
5.1404E-01 3.21667E-04 0.0210
6.6221E-01 2.76267E-04 0.0220
8.9828E-01 2.29933E-04 0.0231
1.1731E+00 2.07067E-04 0.0236
1.3332E+00 1.85933E-04 0.0247
1.8360E+00 1.53467E-04 0.0267

Energy Bin   Relative Error
6.0327E-02 4.62539797852
8.8348E-02 0.787619101516
1.2213E-01 0.335351037106
1.5936E-01 0.226707123674
3.9236E-01 0.0878949428265
5.1404E-01 0.0602825673833
6.6221E-01 0.109083993139
8.9828E-01 0.06526124458
1.1731E+00 0.108618864248
1.3332E+00 0.0459394767856
1.8360E+00 0.0711296973786

Chi Squared Value
18800.04428716287
Average Error
0.593026002469