Energy Bin  Efficiency  Uncertainity
6.0327E-02 5.56000E-04 0.0189
8.8348E-02 5.79067E-04 0.0183
1.2213E-01 5.44933E-04 0.0186
1.5936E-01 5.31533E-04 0.0186
3.9236E-01 3.23333E-04 0.0211
5.1404E-01 2.80600E-04 0.0220
6.6221E-01 2.35733E-04 0.0233
8.9828E-01 1.93933E-04 0.0247
1.1731E+00 1.70867E-04 0.0254
1.3332E+00 1.53600E-04 0.0269
1.8360E+00 1.28133E-04 0.0285

Energy Bin   Relative Error
6.0327E-02 4.26847757423
8.8348E-02 0.659249856552
1.2213E-01 0.243324579556
1.5936E-01 0.138727414544
3.9236E-01 0.0247171614012
5.1404E-01 0.180255632091
6.6221E-01 0.0536412349116
8.9828E-01 0.101523883283
1.1731E+00 0.0851928145123
1.3332E+00 0.135945186523
1.8360E+00 0.105690073343

Chi Squared Value
15908.468882703575
Average Error
0.545158673722