Energy Bin    Value   Uncertainity
6.0327E-02 2.77727E-03 0.0084
8.8348E-02 2.75493E-03 0.0084
1.2213E-01 2.62747E-03 0.0085
1.5936E-01 2.33467E-03 0.0088
3.2020E-01 1.54687E-03 0.0100
3.9236E-01 1.37033E-03 0.0103
5.1404E-01 1.13693E-03 0.0109
6.6221E-01 9.58800E-04 0.0115
8.9828E-01 7.82000E-04 0.0122
1.1731E+00 6.69467E-04 0.0129
1.3332E+00 6.17400E-04 0.0133
1.8360E+00 5.12667E-04 0.0141

Energy Bin   Relative Error
6.0327E-02 2.7158914959
8.8348E-02 0.278495244793
1.2213E-01 0.191369939553
1.5936E-01 0.0462573088714
3.2020E-01 0.0762396421927
3.9236E-01 0.0517334739475
5.1404E-01 0.117176706887
6.6221E-01 0.0850456785315
8.9828E-01 0.106479310435
1.1731E+00 0.101335612657
1.3332E+00 0.118724429502
1.8360E+00 0.0866121811589

Average Error
0.331280085369