Energy Bin  Efficiency  Uncertainity
6.0327E-02 2.80000E-03 0.2669
8.8348E-02 3.06667E-03 0.2475
1.2213E-01 1.86667E-03 0.3069
1.5936E-01 2.53333E-03 0.2628
3.9236E-01 9.33333E-04 0.3639
5.1404E-01 1.40000E-03 0.3191
6.6221E-01 1.20000E-03 0.3598
8.9828E-01 6.00000E-04 0.4301
1.1731E+00 1.00000E-03 0.3587
1.3332E+00 4.66667E-04 0.4283
1.8360E+00 6.00000E-04 0.4004

Energy Bin   Relative Error
6.0327E-02 2.74630345214
8.8348E-02 0.423166110337
1.2213E-01 0.153598509187
1.5936E-01 0.135284656197
3.9236E-01 0.354134813103
5.1404E-01 0.0870964882254
6.6221E-01 0.14512430722
8.9828E-01 0.314434253531
1.1731E+00 0.342358006209
1.3332E+00 0.333880423295
1.8360E+00 0.0689837483292

Chi Squared Value
8447.43800588342
Average Error
0.464033160707