Energy Bin  Efficiency  Uncertainity
6.0327E-02 2.80000E-03 0.2669
8.8348E-02 3.46667E-03 0.2335
1.2213E-01 2.40000E-03 0.2883
1.5936E-01 3.00000E-03 0.2400
3.9236E-01 7.33333E-04 0.3746
5.1404E-01 1.46667E-03 0.3080
6.6221E-01 1.26667E-03 0.3448
8.9828E-01 6.00000E-04 0.4301
1.1731E+00 1.00000E-03 0.3587
1.3332E+00 4.00000E-04 0.4712
1.8360E+00 6.66667E-04 0.3739

Energy Bin   Relative Error
6.0327E-02 2.74630345214
8.8348E-02 0.608796270783
1.2213E-01 0.0882285449224
1.5936E-01 0.344417809204
3.9236E-01 0.492534545438
5.1404E-01 0.13886557599
6.6221E-01 0.208745505188
8.9828E-01 0.314434253531
1.1731E+00 0.342358006209
1.3332E+00 0.429040770652
1.8360E+00 0.187760314246

Chi Squared Value
8991.471397513938
Average Error
0.536498640755