Energy Bin  Efficiency  Uncertainity
6.0327E-02 2.80000E-03 0.2669
8.8348E-02 3.26667E-03 0.2367
1.2213E-01 2.40000E-03 0.2883
1.5936E-01 3.26667E-03 0.2314
3.9236E-01 8.00000E-04 0.3533
5.1404E-01 1.40000E-03 0.3191
6.6221E-01 1.20000E-03 0.3422
8.9828E-01 4.66667E-04 0.5149
1.1731E+00 8.66667E-04 0.3995
1.3332E+00 3.33333E-04 0.5290
1.8360E+00 6.00000E-04 0.4004

Energy Bin   Relative Error
6.0327E-02 2.74630345214
8.8348E-02 0.51598119056
1.2213E-01 0.0882285449224
1.5936E-01 0.463923108264
3.9236E-01 0.44640107066
5.1404E-01 0.0870964882254
6.6221E-01 0.14512430722
8.9828E-01 0.466781816321
1.1731E+00 0.163377386167
1.3332E+00 0.52420111801
1.8360E+00 0.0689837483292

Chi Squared Value
8988.529369685284
Average Error
0.519672930074