Energy Bin  Efficiency  Uncertainity
6.0327E-02 4.12807E-03 0.0069
8.8348E-02 4.05980E-03 0.0069
1.2213E-01 3.83107E-03 0.0070
1.5936E-01 3.44580E-03 0.0072
3.9236E-01 1.94380E-03 0.0086
5.1404E-01 1.64380E-03 0.0091
6.6221E-01 1.40280E-03 0.0096
8.9828E-01 1.15893E-03 0.0102
1.1731E+00 9.94800E-04 0.0107
1.3332E+00 9.52667E-04 0.0109
1.8360E+00 7.64333E-04 0.0117

Energy Bin   Relative Error
6.0327E-02 4.06294737525
8.8348E-02 0.727048870659
1.2213E-01 0.592356841929
1.5936E-01 0.415515104347
3.9236E-01 0.233014748683
5.1404E-01 0.170039361952
6.6221E-01 0.227096122211
8.9828E-01 0.213854141127
1.1731E+00 0.224096265862
1.3332E+00 0.246515453666
1.8360E+00 0.248285431726

Chi Squared Value
0.17952363862267884
Average Error
0.669160883401