Energy Bin    Value   Uncertainity
6.0327E-02 2.94453E-03 0.0082
8.8348E-02 2.92373E-03 0.0082
1.2213E-01 2.78420E-03 0.0082
1.5936E-01 2.49053E-03 0.0085
3.2020E-01 1.68120E-03 0.0096
3.9236E-01 1.50053E-03 0.0099
5.1404E-01 1.25133E-03 0.0105
6.6221E-01 1.06720E-03 0.0110
8.9828E-01 8.78533E-04 0.0117
1.1731E+00 7.62467E-04 0.0123
1.3332E+00 7.14600E-04 0.0125
1.8360E+00 5.84667E-04 0.0134

Energy Bin   Relative Error
6.0327E-02 2.93967960855
8.8348E-02 0.356831172502
1.2213E-01 0.262435797822
1.5936E-01 0.116104295452
3.2020E-01 0.169700159971
3.9236E-01 0.0383647518026
5.1404E-01 0.0283453938492
6.6221E-01 0.0183972172207
8.9828E-01 0.00382021990473
1.1731E+00 0.0235036819202
1.3332E+00 0.0200186632298
1.8360E+00 0.0416658686406

Average Error
0.334905569238