Energy Bin    Value   Uncertainity
6.0327E-02 2.77747E-03 0.0084
8.8348E-02 2.75493E-03 0.0084
1.2213E-01 2.62800E-03 0.0085
1.5936E-01 2.33567E-03 0.0088
3.2020E-01 1.55053E-03 0.0100
3.9236E-01 1.37733E-03 0.0103
5.1404E-01 1.14760E-03 0.0108
6.6221E-01 9.64733E-04 0.0115
8.9828E-01 7.92467E-04 0.0122
1.1731E+00 6.81800E-04 0.0128
1.3332E+00 6.27467E-04 0.0132
1.8360E+00 5.21133E-04 0.0140

Energy Bin   Relative Error
6.0327E-02 2.71615908901
8.8348E-02 0.278495244793
1.2213E-01 0.19161025669
1.5936E-01 0.0467054481411
3.2020E-01 0.0787860986438
3.9236E-01 0.0468894833157
5.1404E-01 0.108891478652
6.6221E-01 0.0793839931025
8.9828E-01 0.094519615988
1.1731E+00 0.0847803113667
1.3332E+00 0.104354813097
1.8360E+00 0.07152882047

Average Error
0.325175387772