Energy Bin    Value   Uncertainity
6.0327E-02 3.15693E-03 0.0079
8.8348E-02 3.12527E-03 0.0079
1.2213E-01 2.94780E-03 0.0080
1.5936E-01 2.63260E-03 0.0083
3.2020E-01 1.75480E-03 0.0094
3.9236E-01 1.54727E-03 0.0098
5.1404E-01 1.29940E-03 0.0103
6.6221E-01 1.09807E-03 0.0108
8.9828E-01 9.10333E-04 0.0115
1.1731E+00 7.84733E-04 0.0121
1.3332E+00 7.33200E-04 0.0124
1.8360E+00 6.03333E-04 0.0132

Energy Bin   Relative Error
6.0327E-02 3.2238634847
8.8348E-02 0.450360928842
1.2213E-01 0.336616710301
1.5936E-01 0.179771441503
3.2020E-01 0.220907590243
3.9236E-01 0.0707087692492
5.1404E-01 0.00898084057148
6.6221E-01 0.0478555400239
8.9828E-01 0.0401552044676
1.1731E+00 0.0533926252865
1.3332E+00 0.0465682673945
1.8360E+00 0.0749219530511

Average Error
0.396175279636