Energy Bin    Value   Uncertainity
6.0327E-02 3.69527E-03 0.0073
8.8348E-02 3.65600E-03 0.0073
1.2213E-01 3.41847E-03 0.0074
1.5936E-01 3.05120E-03 0.0077
3.2020E-01 2.02680E-03 0.0087
3.9236E-01 1.77587E-03 0.0091
5.1404E-01 1.49000E-03 0.0096
6.6221E-01 1.25633E-03 0.0101
8.9828E-01 1.05560E-03 0.0107
1.1731E+00 9.07133E-04 0.0113
1.3332E+00 8.44533E-04 0.0115
1.8360E+00 6.91133E-04 0.0123

Energy Bin   Relative Error
6.0327E-02 3.944143842
8.8348E-02 0.696659666476
1.2213E-01 0.550031930817
1.5936E-01 0.367362539814
3.2020E-01 0.41015244125
3.9236E-01 0.228899663308
5.1404E-01 0.156981262468
6.6221E-01 0.198878350741
8.9828E-01 0.206138669955
1.1731E+00 0.217697245246
1.3332E+00 0.205484777097
1.8360E+00 0.231349908223

Average Error
0.617815024783