Energy Bin    Value   Uncertainity
6.0327E-02 3.57667E-03 0.0074
8.8348E-02 3.54193E-03 0.0074
1.2213E-01 3.31333E-03 0.0075
1.5936E-01 2.96067E-03 0.0078
3.2020E-01 1.96733E-03 0.0088
3.9236E-01 1.72480E-03 0.0092
5.1404E-01 1.45067E-03 0.0097
6.6221E-01 1.22027E-03 0.0103
8.9828E-01 1.02560E-03 0.0109
1.1731E+00 8.82000E-04 0.0114
1.3332E+00 8.23000E-04 0.0117
1.8360E+00 6.71333E-04 0.0125

Energy Bin   Relative Error
6.0327E-02 3.78546113149
8.8348E-02 0.643722585471
1.2213E-01 0.502358451978
1.5936E-01 0.326792491725
3.2020E-01 0.368776002686
3.9236E-01 0.193559291656
5.1404E-01 0.126441616124
6.6221E-01 0.164467365309
8.9828E-01 0.171860382631
1.1731E+00 0.183959761476
1.3332E+00 0.174748614383
1.8360E+00 0.196073444528

Average Error
0.569851761621