Energy Bin  Efficiency  Uncertainity
6.0327E-02 2.80000E-03 0.2669
8.8348E-02 3.26667E-03 0.2367
1.2213E-01 2.40000E-03 0.2883
1.5936E-01 3.26667E-03 0.2314
3.9236E-01 8.66667E-04 0.3522
5.1404E-01 1.53333E-03 0.3221
6.6221E-01 1.26667E-03 0.3284
8.9828E-01 5.33333E-04 0.4998
1.1731E+00 7.33333E-04 0.3960
1.3332E+00 2.66667E-04 0.6122
1.8360E+00 5.33333E-04 0.4328

Energy Bin   Relative Error
6.0327E-02 2.74630345214
8.8348E-02 0.51598119056
1.2213E-01 0.0882285449224
1.5936E-01 0.463923108264
3.9236E-01 0.400267595882
5.1404E-01 0.190626898779
6.6221E-01 0.208745505188
8.9828E-01 0.390608606231
1.1731E+00 0.0156045762327
1.3332E+00 0.619360037969
1.8360E+00 0.0497928175873

Chi Squared Value
9016.621367363105
Average Error
0.517222030341