Energy Bin  Efficiency  Uncertainity
6.0327E-02 3.41800E-03 0.0076
8.8348E-02 3.39733E-03 0.0075
1.2213E-01 3.21220E-03 0.0076
1.5936E-01 2.89380E-03 0.0079
3.9236E-01 1.60680E-03 0.0094
5.1404E-01 1.35527E-03 0.0099
6.6221E-01 1.14633E-03 0.0105
8.9828E-01 9.37533E-04 0.0112
1.1731E+00 7.91267E-04 0.0117
1.3332E+00 7.52467E-04 0.0120
1.8360E+00 6.06800E-04 0.0130

Energy Bin   Relative Error
6.0327E-02 3.19206896409
8.8348E-02 0.44523250893
1.2213E-01 0.335127953194
1.5936E-01 0.188756633862
3.9236E-01 0.0192448287805
5.1404E-01 0.0353332241923
6.6221E-01 0.00274957069767
8.9828E-01 0.0180353304403
1.1731E+00 0.0263500402092
1.3332E+00 0.0154358827654
1.8360E+00 0.00899267731285

Chi Squared Value
0.10047644851057322
Average Error
0.389757055862