Energy Bin    Value   Uncertainity
6.0327E-02 2.77733E-03 0.0084
8.8348E-02 2.75513E-03 0.0084
1.2213E-01 2.62707E-03 0.0085
1.5936E-01 2.33420E-03 0.0088
3.2020E-01 1.54300E-03 0.0100
3.9236E-01 1.36600E-03 0.0103
5.1404E-01 1.13167E-03 0.0109
6.6221E-01 9.52267E-04 0.0115
8.9828E-01 7.76467E-04 0.0123
1.1731E+00 6.64800E-04 0.0129
1.3332E+00 6.12733E-04 0.0133
1.8360E+00 5.09333E-04 0.0141

Energy Bin   Relative Error
6.0327E-02 2.71597177383
8.8348E-02 0.278588059874
1.2213E-01 0.191188568129
1.5936E-01 0.0460466834146
3.2020E-01 0.0735470775846
3.9236E-01 0.0547298281525
5.1404E-01 0.121261083693
6.6221E-01 0.091279926114
8.9828E-01 0.112801369227
1.1731E+00 0.107600397472
1.3332E+00 0.12538609631
1.8360E+00 0.0925521675204

Average Error
0.334246085944