Energy Bin  Efficiency  Uncertainity
6.0327E-02 3.66033E-03 0.0073
8.8348E-02 3.62447E-03 0.0073
1.2213E-01 3.42400E-03 0.0074
1.5936E-01 3.08593E-03 0.0076
3.9236E-01 1.76393E-03 0.0091
5.1404E-01 1.50180E-03 0.0095
6.6221E-01 1.28187E-03 0.0101
8.9828E-01 1.06033E-03 0.0107
1.1731E+00 9.16733E-04 0.0112
1.3332E+00 8.72800E-04 0.0114
1.8360E+00 7.04933E-04 0.0122

Energy Bin   Relative Error
6.0327E-02 3.48927904954
8.8348E-02 0.541858421656
1.2213E-01 0.423161108193
1.5936E-01 0.267682548598
3.9236E-01 0.11891743268
5.1404E-01 0.0689652717968
6.6221E-01 0.121312878656
8.9828E-01 0.110581278818
1.1731E+00 0.128035225264
1.3332E+00 0.142013618567
1.8360E+00 0.151275156565

Chi Squared Value
0.12454851443375786
Average Error
0.505734726394