Energy Bin  Efficiency  Uncertainity
6.0327E-02 3.30000E-03 0.0077
8.8348E-02 3.32147E-03 0.0076
1.2213E-01 3.14480E-03 0.0077
1.5936E-01 2.83607E-03 0.0080
3.9236E-01 1.58287E-03 0.0095
5.1404E-01 1.33727E-03 0.0099
6.6221E-01 1.13220E-03 0.0106
8.9828E-01 9.25400E-04 0.0112
1.1731E+00 7.82533E-04 0.0118
1.3332E+00 7.46267E-04 0.0121
1.8360E+00 6.00533E-04 0.0130

Energy Bin   Relative Error
6.0327E-02 3.04734569383
8.8348E-02 0.412961478996
1.2213E-01 0.307113625305
1.5936E-01 0.165041477157
3.9236E-01 0.00406526147112
5.1404E-01 0.0481454328035
6.6221E-01 0.00961061479338
8.9828E-01 0.0307433389432
1.1731E+00 0.0370971821333
1.3332E+00 0.0235482618157
1.8360E+00 0.0192277512932

Chi Squared Value
0.09098939860613228
Average Error
0.373172738049