Energy Bin    Value   Uncertainity
6.0327E-02 2.86120E-03 0.0083
8.8348E-02 2.83947E-03 0.0083
1.2213E-01 2.70687E-03 0.0083
1.5936E-01 2.41087E-03 0.0087
3.2020E-01 1.62293E-03 0.0098
3.9236E-01 1.44680E-03 0.0101
5.1404E-01 1.20920E-03 0.0106
6.6221E-01 1.02507E-03 0.0112
8.9828E-01 8.45467E-04 0.0119
1.1731E+00 7.31467E-04 0.0125
1.3332E+00 6.81333E-04 0.0128
1.8360E+00 5.64400E-04 0.0136

Energy Bin   Relative Error
6.0327E-02 2.82818694188
8.8348E-02 0.317728179204
1.2213E-01 0.227372167248
1.5936E-01 0.0804055212252
3.2020E-01 0.129158625162
3.9236E-01 0.00118366371079
5.1404E-01 0.0610592331699
6.6221E-01 0.0218061886653
8.9828E-01 0.0339613083832
1.1731E+00 0.0181094162723
1.3332E+00 0.027466588477
1.8360E+00 0.00555737926163

Average Error
0.312666267722