Energy Bin    Value   Uncertainity
6.0327E-02 3.25587E-03 0.0078
8.8348E-02 3.22287E-03 0.0077
1.2213E-01 3.03713E-03 0.0079
1.5936E-01 2.70840E-03 0.0082
3.2020E-01 1.80620E-03 0.0093
3.9236E-01 1.58967E-03 0.0096
5.1404E-01 1.33993E-03 0.0101
6.6221E-01 1.13000E-03 0.0107
8.9828E-01 9.38800E-04 0.0114
1.1731E+00 8.07733E-04 0.0119
1.3332E+00 7.52800E-04 0.0122
1.8360E+00 6.21467E-04 0.0130

Energy Bin   Relative Error
6.0327E-02 3.35624179311
8.8348E-02 0.495654687991
1.2213E-01 0.3771214836
1.5936E-01 0.213740398149
3.2020E-01 0.256669301059
3.9236E-01 0.100049512504
5.1404E-01 0.0404522839056
6.6221E-01 0.0783253892985
8.9828E-01 0.0726818713088
1.1731E+00 0.0842668594293
1.3332E+00 0.0745452696325
1.8360E+00 0.107230205205

Average Error
0.438081587933