Energy Bin  Efficiency  Uncertainity
6.0327E-02 2.93333E-03 0.2587
8.8348E-02 3.53333E-03 0.2330
1.2213E-01 2.66667E-03 0.2735
1.5936E-01 3.60000E-03 0.2171
3.9236E-01 8.66667E-04 0.3522
5.1404E-01 1.60000E-03 0.3115
6.6221E-01 1.33333E-03 0.3314
8.9828E-01 6.00000E-04 0.4004
1.1731E+00 8.66667E-04 0.3522
1.3332E+00 2.66667E-04 0.6122
1.8360E+00 6.00000E-04 0.4004

Energy Bin   Relative Error
6.0327E-02 2.92469439474
8.8348E-02 0.639731537021
1.2213E-01 0.20914433912
1.5936E-01 0.613301371045
3.9236E-01 0.400267595882
5.1404E-01 0.242395986543
6.6221E-01 0.272357160454
8.9828E-01 0.314434253531
1.1731E+00 0.163377386167
1.3332E+00 0.619360037969
1.8360E+00 0.0689837483292

Chi Squared Value
10419.065931487354
Average Error
0.588004346436