Energy Bin  Efficiency  Uncertainity
6.0327E-02 4.25613E-03 0.0068
8.8348E-02 4.18180E-03 0.0068
1.2213E-01 3.94073E-03 0.0069
1.5936E-01 3.54007E-03 0.0071
3.9236E-01 1.99727E-03 0.0085
5.1404E-01 1.68793E-03 0.0090
6.6221E-01 1.43787E-03 0.0095
8.9828E-01 1.19627E-03 0.0100
1.1731E+00 1.02513E-03 0.0105
1.3332E+00 9.77933E-04 0.0108
1.8360E+00 7.84000E-04 0.0116

Energy Bin   Relative Error
6.0327E-02 4.22000891754
8.8348E-02 0.778947969684
1.2213E-01 0.637936236533
1.5936E-01 0.454240685892
3.9236E-01 0.266932486419
5.1404E-01 0.201450626731
6.6221E-01 0.257773525267
8.9828E-01 0.252963762613
1.1731E+00 0.26141717433
1.3332E+00 0.279574706744
1.8360E+00 0.280404978554

Chi Squared Value
0.19687426616488132
Average Error
0.717422824573