Energy Bin  Efficiency  Uncertainity
6.0327E-02 2.66667E-03 0.5854
8.8348E-02 3.66667E-03 0.5052
1.2213E-01 1.00000E-03 0.9995
1.5936E-01 2.66667E-03 0.5854
3.9236E-01 6.66667E-04 0.7064
5.1404E-01 1.00000E-03 0.7447
6.6221E-01 1.00000E-03 0.7447
8.9828E-01 0.00000E+00 0.0000
1.1731E+00 1.66667E-03 0.5282
1.3332E+00 0.00000E+00 0.0000
1.8360E+00 1.33333E-03 0.7064

Energy Bin   Relative Error
6.0327E-02 2.27058646708
8.8348E-02 0.559810405089
1.2213E-01 0.584357152981
1.5936E-01 0.0954529175547
3.9236E-01 0.577111717533
5.1404E-01 0.28821063271
6.6221E-01 0.125252265318
8.9828E-01 1.0
1.1731E+00 1.05082883336
1.3332E+00 1.0
1.8360E+00 1.17755404344

Chi Squared Value
0.10900061689869908
Average Error
0.793560403187