Energy Bin    Value   Uncertainity
6.0327E-02 3.05627E-03 0.0080
8.8348E-02 3.02913E-03 0.0080
1.2213E-01 2.86207E-03 0.0081
1.5936E-01 2.55360E-03 0.0084
3.2020E-01 1.70373E-03 0.0095
3.9236E-01 1.50773E-03 0.0099
5.1404E-01 1.26360E-03 0.0104
6.6221E-01 1.06487E-03 0.0110
8.9828E-01 8.82133E-04 0.0117
1.1731E+00 7.63600E-04 0.0122
1.3332E+00 7.12067E-04 0.0125
1.8360E+00 5.85200E-04 0.0134

Energy Bin   Relative Error
6.0327E-02 3.0891838756
8.8348E-02 0.405744719779
1.2213E-01 0.297744279819
1.5936E-01 0.144368439194
3.2020E-01 0.185375477961
3.9236E-01 0.0433471421666
5.1404E-01 0.0188177696274
6.6221E-01 0.0161737675242
8.9828E-01 0.00793361438355
1.1731E+00 0.0250245735413
1.3332E+00 0.01640306391
1.8360E+00 0.042615482537

Average Error
0.357727683837