Energy Bin    Value   Uncertainity
6.0327E-02 2.96187E-03 0.0082
8.8348E-02 2.93420E-03 0.0081
1.2213E-01 2.78020E-03 0.0082
1.5936E-01 2.47433E-03 0.0086
3.2020E-01 1.65907E-03 0.0097
3.9236E-01 1.46847E-03 0.0100
5.1404E-01 1.22907E-03 0.0105
6.6221E-01 1.04040E-03 0.0111
8.9828E-01 8.60467E-04 0.0118
1.1731E+00 7.43400E-04 0.0124
1.3332E+00 6.89667E-04 0.0127
1.8360E+00 5.69733E-04 0.0135

Energy Bin   Relative Error
6.0327E-02 2.96287993064
8.8348E-02 0.361690041951
1.2213E-01 0.260622083581
1.5936E-01 0.108844439283
3.2020E-01 0.154303143233
3.9236E-01 0.0161792747093
5.1404E-01 0.045630228012
6.6221E-01 0.00717722564054
8.9828E-01 0.0168221647215
1.1731E+00 0.00209105818417
1.3332E+00 0.0155706529335
1.8360E+00 0.0150588631447

Average Error
0.330572425503