Energy Bin  Efficiency  Uncertainity
6.0327E-02 2.93333E-03 0.2587
8.8348E-02 3.73333E-03 0.2254
1.2213E-01 2.60000E-03 0.2624
1.5936E-01 3.66667E-03 0.2170
3.9236E-01 6.66667E-04 0.3739
5.1404E-01 1.80000E-03 0.2889
6.6221E-01 1.46667E-03 0.3080
8.9828E-01 6.00000E-04 0.4004
1.1731E+00 9.33333E-04 0.3347
1.3332E+00 4.00000E-04 0.4712
1.8360E+00 6.00000E-04 0.4004

Energy Bin   Relative Error
6.0327E-02 2.92469439474
8.8348E-02 0.732546617244
1.2213E-01 0.178914256999
1.5936E-01 0.643178816158
3.9236E-01 0.538667328217
5.1404E-01 0.397695484861
6.6221E-01 0.399599556392
8.9828E-01 0.314434253531
1.1731E+00 0.252867025009
1.3332E+00 0.429040770652
1.8360E+00 0.0689837483292

Chi Squared Value
10733.557454207701
Average Error
0.62551111383