Energy Bin  Efficiency  Uncertainity
6.0327E-02 3.00000E-03 0.2578
8.8348E-02 3.86667E-03 0.2217
1.2213E-01 2.66667E-03 0.2594
1.5936E-01 3.66667E-03 0.2170
3.9236E-01 6.66667E-04 0.3739
5.1404E-01 1.73333E-03 0.2823
6.6221E-01 1.53333E-03 0.2977
8.9828E-01 7.33333E-04 0.3746
1.1731E+00 9.33333E-04 0.3347
1.3332E+00 4.00000E-04 0.4712
1.8360E+00 6.00000E-04 0.4004

Energy Bin   Relative Error
6.0327E-02 3.01389655586
8.8348E-02 0.794426431229
1.2213E-01 0.20914433912
1.5936E-01 0.643178816158
3.9236E-01 0.538667328217
5.1404E-01 0.345926397097
6.6221E-01 0.463211211658
8.9828E-01 0.162086690741
1.1731E+00 0.252867025009
1.3332E+00 0.429040770652
1.8360E+00 0.0689837483292

Chi Squared Value
11326.468975781481
Average Error
0.629220846734