Energy Bin    Value   Uncertainity
6.0327E-02 2.88993E-03 0.0083
8.8348E-02 2.86980E-03 0.0082
1.2213E-01 2.73060E-03 0.0083
1.5936E-01 2.43667E-03 0.0086
3.2020E-01 1.64507E-03 0.0097
3.9236E-01 1.46687E-03 0.0100
5.1404E-01 1.22493E-03 0.0106
6.6221E-01 1.03980E-03 0.0111
8.9828E-01 8.55800E-04 0.0118
1.1731E+00 7.40267E-04 0.0124
1.3332E+00 6.93133E-04 0.0127
1.8360E+00 5.71800E-04 0.0135

Energy Bin   Relative Error
6.0327E-02 2.86662669123
8.8348E-02 0.331803586119
1.2213E-01 0.238132026985
1.5936E-01 0.0919675143843
3.2020E-01 0.144562599431
3.9236E-01 0.0150720768506
5.1404E-01 0.0488449276272
6.6221E-01 0.00774978779415
8.9828E-01 0.0221547236194
1.1731E+00 0.00629666581763
1.3332E+00 0.0106232912112
1.8360E+00 0.0187415121577

Average Error
0.316881283602