Energy Bin    Value   Uncertainity
6.0327E-02 2.83253E-03 0.0083
8.8348E-02 2.80913E-03 0.0083
1.2213E-01 2.68173E-03 0.0084
1.5936E-01 2.38620E-03 0.0087
3.2020E-01 1.60453E-03 0.0098
3.9236E-01 1.42820E-03 0.0102
5.1404E-01 1.19507E-03 0.0107
6.6221E-01 1.01307E-03 0.0113
8.9828E-01 8.33867E-04 0.0120
1.1731E+00 7.21200E-04 0.0126
1.3332E+00 6.70333E-04 0.0129
1.8360E+00 5.54467E-04 0.0137

Energy Bin   Relative Error
6.0327E-02 2.78982747046
8.8348E-02 0.303648131534
1.2213E-01 0.21597297324
1.5936E-01 0.0693499254408
3.2020E-01 0.116356767594
3.9236E-01 0.0116875113964
5.1404E-01 0.0720311427261
6.6221E-01 0.0332574317375
8.9828E-01 0.0472155794816
1.1731E+00 0.031891405922
1.3332E+00 0.043167967284
1.8360E+00 0.012139646692

Average Error
0.312212162792