Energy Bin  Efficiency  Uncertainity
6.0327E-02 3.66040E-03 0.0073
8.8348E-02 3.62447E-03 0.0073
1.2213E-01 3.42347E-03 0.0074
1.5936E-01 3.08527E-03 0.0076
3.9236E-01 1.73940E-03 0.0091
5.1404E-01 1.46820E-03 0.0096
6.6221E-01 1.24460E-03 0.0101
8.9828E-01 1.02400E-03 0.0108
1.1731E+00 8.75200E-04 0.0113
1.3332E+00 8.31267E-04 0.0115
1.8360E+00 6.70400E-04 0.0124

Energy Bin   Relative Error
6.0327E-02 3.48936490233
8.8348E-02 0.541858421656
1.2213E-01 0.422940817484
1.5936E-01 0.26741142434
3.9236E-01 0.103357266107
5.1404E-01 0.0450491490558
6.6221E-01 0.0887110305848
8.9828E-01 0.0725295233652
1.1731E+00 0.0769290831147
1.3332E+00 0.0876698380676
1.8360E+00 0.0948769102331

Chi Squared Value
0.12399159570484398
Average Error
0.480972578758