Energy Bin    Value   Uncertainity
6.0327E-02 2.77780E-03 0.0084
8.8348E-02 2.75467E-03 0.0084
1.2213E-01 2.62760E-03 0.0085
1.5936E-01 2.33380E-03 0.0088
3.2020E-01 1.54100E-03 0.0100
3.9236E-01 1.36247E-03 0.0103
5.1404E-01 1.12553E-03 0.0109
6.6221E-01 9.47533E-04 0.0115
8.9828E-01 7.70867E-04 0.0123
1.1731E+00 6.59933E-04 0.0129
1.3332E+00 6.07600E-04 0.0133
1.8360E+00 5.05400E-04 0.0141

Energy Bin   Relative Error
6.0327E-02 2.71660061763
8.8348E-02 0.278374585189
1.2213E-01 0.191428885266
1.5936E-01 0.0458674277067
3.2020E-01 0.0721555713272
3.9236E-01 0.0571725834282
5.1404E-01 0.126028778291
6.6221E-01 0.095797441506
8.9828E-01 0.119199982861
1.1731E+00 0.114133653888
1.3332E+00 0.132712930621
1.8360E+00 0.0995593559907

Average Error
0.337419317809