Energy Bin  Efficiency  Uncertainity
6.0327E-02 2.93333E-03 0.2587
8.8348E-02 3.73333E-03 0.2254
1.2213E-01 2.66667E-03 0.2735
1.5936E-01 3.66667E-03 0.2170
3.9236E-01 8.66667E-04 0.3522
5.1404E-01 1.60000E-03 0.3115
6.6221E-01 1.40000E-03 0.3191
8.9828E-01 6.66667E-04 0.3739
1.1731E+00 9.33333E-04 0.3347
1.3332E+00 3.33333E-04 0.5290
1.8360E+00 6.00000E-04 0.4004

Energy Bin   Relative Error
6.0327E-02 2.92469439474
8.8348E-02 0.732546617244
1.2213E-01 0.20914433912
1.5936E-01 0.643178816158
3.9236E-01 0.400267595882
5.1404E-01 0.242395986543
6.6221E-01 0.335978358423
8.9828E-01 0.238259900831
1.1731E+00 0.252867025009
1.3332E+00 0.52420111801
1.8360E+00 0.0689837483292

Chi Squared Value
10509.242325036144
Average Error
0.597501627299