Energy Bin  Efficiency  Uncertainity
6.0327E-02 3.26667E-03 0.2453
8.8348E-02 3.86667E-03 0.2217
1.2213E-01 2.66667E-03 0.2594
1.5936E-01 3.80000E-03 0.2151
3.9236E-01 7.33333E-04 0.3518
5.1404E-01 1.93333E-03 0.2689
6.6221E-01 1.53333E-03 0.2977
8.9828E-01 7.33333E-04 0.3746
1.1731E+00 1.00000E-03 0.3194
1.3332E+00 4.66667E-04 0.4283
1.8360E+00 6.00000E-04 0.4004

Energy Bin   Relative Error
6.0327E-02 3.37069182072
8.8348E-02 0.794426431229
1.2213E-01 0.20914433912
1.5936E-01 0.702929224992
3.9236E-01 0.492534545438
5.1404E-01 0.501225895415
6.6221E-01 0.463211211658
8.9828E-01 0.162086690741
1.1731E+00 0.342358006209
1.3332E+00 0.333880423295
1.8360E+00 0.0689837483292

Chi Squared Value
13801.56345661269
Average Error
0.676497485195