Energy Bin    Value   Uncertainity
6.0327E-02 2.99847E-03 0.0081
8.8348E-02 2.98173E-03 0.0081
1.2213E-01 2.83740E-03 0.0082
1.5936E-01 2.54327E-03 0.0085
3.2020E-01 1.72127E-03 0.0095
3.9236E-01 1.53380E-03 0.0098
5.1404E-01 1.28527E-03 0.0103
6.6221E-01 1.09860E-03 0.0109
8.9828E-01 9.02733E-04 0.0115
1.1731E+00 7.81800E-04 0.0121
1.3332E+00 7.35667E-04 0.0123
1.8360E+00 5.97267E-04 0.0132

Energy Bin   Relative Error
6.0327E-02 3.01184946862
8.8348E-02 0.383747545766
1.2213E-01 0.286558197235
1.5936E-01 0.139739160538
3.2020E-01 0.197578987838
3.9236E-01 0.0613875472765
5.1404E-01 0.00199106898468
6.6221E-01 0.0483613032596
8.9828E-01 0.031471371679
1.1731E+00 0.0494554892543
1.3332E+00 0.0500896584415
1.8360E+00 0.0641145273555

Average Error
0.360528693854