Energy Bin  Efficiency  Uncertainity
6.0327E-02 3.54027E-03 0.0075
8.8348E-02 3.48127E-03 0.0074
1.2213E-01 3.27753E-03 0.0076
1.5936E-01 2.94247E-03 0.0078
3.9236E-01 1.62800E-03 0.0094
5.1404E-01 1.36887E-03 0.0098
6.6221E-01 1.15587E-03 0.0104
8.9828E-01 9.43867E-04 0.0111
1.1731E+00 7.95533E-04 0.0117
1.3332E+00 7.56333E-04 0.0120
1.8360E+00 6.07067E-04 0.0130

Energy Bin   Relative Error
6.0327E-02 3.34202925439
8.8348E-02 0.480940790669
1.2213E-01 0.36228190039
1.5936E-01 0.208749993931
3.9236E-01 0.032692669439
5.1404E-01 0.0256528887971
6.6221E-01 0.0110946640865
8.9828E-01 0.0114011487987
1.1731E+00 0.0211007492259
1.3332E+00 0.0103774218931
1.8360E+00 0.00855662102551

Chi Squared Value
0.11083279441654525
Average Error
0.410443463877