Energy Bin    Value   Uncertainity
6.0327E-02 2.77787E-03 0.0084
8.8348E-02 2.75460E-03 0.0084
1.2213E-01 2.62820E-03 0.0085
1.5936E-01 2.33807E-03 0.0088
3.2020E-01 1.56133E-03 0.0100
3.9236E-01 1.39073E-03 0.0103
5.1404E-01 1.16040E-03 0.0108
6.6221E-01 9.84200E-04 0.0114
8.9828E-01 8.05267E-04 0.0122
1.1731E+00 6.99333E-04 0.0127
1.3332E+00 6.48067E-04 0.0131
1.8360E+00 5.35600E-04 0.0139

Energy Bin   Relative Error
6.0327E-02 2.71669427521
8.8348E-02 0.278342099911
1.2213E-01 0.191700942402
1.5936E-01 0.0477809823885
3.2020E-01 0.0863002324337
3.9236E-01 0.0376167012493
5.1404E-01 0.0989523107595
6.6221E-01 0.0608072140287
8.9828E-01 0.0798942133966
1.1731E+00 0.0612447484438
1.3332E+00 0.0749504127857
1.8360E+00 0.0457538406582

Average Error
0.315003164473