Energy Bin    Value   Uncertainity
6.0327E-02 4.12020E-03 0.0069
8.8348E-02 4.06980E-03 0.0069
1.2213E-01 3.79060E-03 0.0070
1.5936E-01 3.39353E-03 0.0073
3.2020E-01 2.24687E-03 0.0083
3.9236E-01 1.96013E-03 0.0086
5.1404E-01 1.64060E-03 0.0091
6.6221E-01 1.38740E-03 0.0096
8.9828E-01 1.15127E-03 0.0102
1.1731E+00 9.87667E-04 0.0108
1.3332E+00 9.18467E-04 0.0110
1.8360E+00 7.51200E-04 0.0118

Energy Bin   Relative Error
6.0327E-02 4.51268552982
8.8348E-02 0.888694067457
1.2213E-01 0.718766300993
1.5936E-01 0.520774056023
3.2020E-01 0.563266832283
3.9236E-01 0.356407336708
5.1404E-01 0.273921784702
6.6221E-01 0.323954553197
8.9828E-01 0.315452128229
1.1731E+00 0.325802704919
1.3332E+00 0.311018026253
1.8360E+00 0.338367652908

Average Error
0.787425914458