Energy Bin  Efficiency  Uncertainity
6.0327E-02 3.18487E-03 0.0079
8.8348E-02 3.24727E-03 0.0077
1.2213E-01 3.07767E-03 0.0078
1.5936E-01 2.78587E-03 0.0080
3.9236E-01 1.56053E-03 0.0096
5.1404E-01 1.32200E-03 0.0100
6.6221E-01 1.11893E-03 0.0106
8.9828E-01 9.19133E-04 0.0113
1.1731E+00 7.76800E-04 0.0118
1.3332E+00 7.41333E-04 0.0121
1.8360E+00 5.98467E-04 0.0131

Energy Bin   Relative Error
6.0327E-02 2.90614238785
8.8348E-02 0.38139661713
1.2213E-01 0.279211520985
1.5936E-01 0.144419601761
3.9236E-01 0.0101057177889
5.1404E-01 0.059014456442
6.6221E-01 0.0212185172326
8.9828E-01 0.0373073453133
1.1731E+00 0.0441516090454
1.3332E+00 0.0300041454019
1.8360E+00 0.0226018797188

Chi Squared Value
0.08223517941405271
Average Error
0.357779436243