Energy Bin    Value   Uncertainity
6.0327E-02 2.77733E-03 0.0084
8.8348E-02 2.75487E-03 0.0084
1.2213E-01 2.62793E-03 0.0085
1.5936E-01 2.33593E-03 0.0088
3.2020E-01 1.55360E-03 0.0100
3.9236E-01 1.38220E-03 0.0103
5.1404E-01 1.14973E-03 0.0109
6.6221E-01 9.69400E-04 0.0114
8.9828E-01 7.95067E-04 0.0122
1.1731E+00 6.86200E-04 0.0128
1.3332E+00 6.31600E-04 0.0132
1.8360E+00 5.24333E-04 0.0140

Energy Bin   Relative Error
6.0327E-02 2.71597177383
8.8348E-02 0.278467400269
1.2213E-01 0.191578516691
1.5936E-01 0.0468219643513
3.2020E-01 0.0809220607489
3.9236E-01 0.0435194498334
5.1404E-01 0.107237538995
6.6221E-01 0.0749304138177
8.9828E-01 0.0915488310866
1.1731E+00 0.0788739361393
1.3332E+00 0.0984553768599
1.8360E+00 0.0658275738122

Average Error
0.32284623637