Energy Bin  Efficiency  Uncertainity
6.0327E-02 3.00000E-03 0.2578
8.8348E-02 3.80000E-03 0.2222
1.2213E-01 2.60000E-03 0.2624
1.5936E-01 3.66667E-03 0.2170
3.9236E-01 6.66667E-04 0.3739
5.1404E-01 1.73333E-03 0.2823
6.6221E-01 1.46667E-03 0.3080
8.9828E-01 7.33333E-04 0.3746
1.1731E+00 9.33333E-04 0.3347
1.3332E+00 4.00000E-04 0.4712
1.8360E+00 6.00000E-04 0.4004

Energy Bin   Relative Error
6.0327E-02 3.01389655586
8.8348E-02 0.763486524237
1.2213E-01 0.178914256999
1.5936E-01 0.643178816158
3.9236E-01 0.538667328217
5.1404E-01 0.345926397097
6.6221E-01 0.399599556392
8.9828E-01 0.162086690741
1.1731E+00 0.252867025009
1.3332E+00 0.429040770652
1.8360E+00 0.0689837483292

Chi Squared Value
11208.175819285732
Average Error
0.617877060881