Energy Bin    Value   Uncertainity
6.0327E-02 2.77780E-03 0.0084
8.8348E-02 2.75413E-03 0.0084
1.2213E-01 2.62640E-03 0.0085
1.5936E-01 2.33220E-03 0.0088
3.2020E-01 1.52900E-03 0.0100
3.9236E-01 1.34707E-03 0.0103
5.1404E-01 1.11153E-03 0.0109
6.6221E-01 9.31200E-04 0.0116
8.9828E-01 7.54333E-04 0.0124
1.1731E+00 6.40600E-04 0.0130
1.3332E+00 5.90400E-04 0.0134
1.8360E+00 4.86733E-04 0.0143

Energy Bin   Relative Error
6.0327E-02 2.71660061763
8.8348E-02 0.278123984473
1.2213E-01 0.190884770993
1.5936E-01 0.0451504048752
3.2020E-01 0.0638065337828
3.9236E-01 0.067829362818
5.1404E-01 0.136899743173
6.6221E-01 0.111383537598
8.9828E-01 0.138091889614
1.1731E+00 0.140085461222
1.3332E+00 0.157264177483
1.8360E+00 0.132817222041

Average Error
0.348244808808