Energy Bin    Value   Uncertainity
6.0327E-02 2.86133E-03 0.0083
8.8348E-02 2.83987E-03 0.0083
1.2213E-01 2.70760E-03 0.0083
1.5936E-01 2.41207E-03 0.0087
3.2020E-01 1.62560E-03 0.0098
3.9236E-01 1.44980E-03 0.0101
5.1404E-01 1.21013E-03 0.0106
6.6221E-01 1.02900E-03 0.0112
8.9828E-01 8.47400E-04 0.0119
1.1731E+00 7.34667E-04 0.0125
1.3332E+00 6.84400E-04 0.0128
1.8360E+00 5.66200E-04 0.0136

Energy Bin   Relative Error
6.0327E-02 2.8283608774
8.8348E-02 0.317913809364
1.2213E-01 0.227703170097
1.5936E-01 0.0809432883489
3.2020E-01 0.131016286015
3.9236E-01 0.00325965969582
5.1404E-01 0.0603370905027
6.6221E-01 0.0180559065591
8.9828E-01 0.03175264407
1.1731E+00 0.0138138706524
1.3332E+00 0.0230887585859
1.8360E+00 0.00876433050661

Average Error
0.312084140983