Energy Bin    Value   Uncertainity
6.0327E-02 3.06416E-03 0.1601
8.8348E-02 2.29812E-03 0.1833
1.2213E-01 2.95850E-03 0.1590
1.5936E-01 2.21888E-03 0.1780
3.2020E-01 1.63774E-03 0.2000
3.9236E-01 1.13585E-03 0.2241
5.1404E-01 1.08302E-03 0.2273
6.6221E-01 1.08302E-03 0.2247
8.9828E-01 7.39625E-04 0.2623
1.1731E+00 6.33965E-04 0.2825
1.3332E+00 4.49058E-04 0.2563
1.8360E+00 4.75473E-04 0.2938

Energy Bin   Relative Error
6.0327E-02 3.09974042354
8.8348E-02 0.0665009608101
1.2213E-01 0.341468395897
1.5936E-01 0.00563273717117
3.2020E-01 0.139462728998
3.9236E-01 0.213993320137
5.1404E-01 0.159037686659
6.6221E-01 0.0334937726709
8.9828E-01 0.15489739128
1.1731E+00 0.148992006594
1.3332E+00 0.359015475969
1.8360E+00 0.152878483718

Average Error
0.40625944862