Energy Bin    Value   Uncertainity
6.0327E-02 2.77727E-03 0.0084
8.8348E-02 2.75467E-03 0.0084
1.2213E-01 2.62813E-03 0.0085
1.5936E-01 2.33693E-03 0.0088
3.2020E-01 1.55613E-03 0.0100
3.9236E-01 1.38580E-03 0.0103
5.1404E-01 1.15387E-03 0.0108
6.6221E-01 9.75000E-04 0.0114
8.9828E-01 7.97400E-04 0.0122
1.1731E+00 6.91933E-04 0.0128
1.3332E+00 6.36600E-04 0.0131
1.8360E+00 5.28933E-04 0.0140

Energy Bin   Relative Error
6.0327E-02 2.7158914959
8.8348E-02 0.278374585189
1.2213E-01 0.191669202403
1.5936E-01 0.047270103621
3.2020E-01 0.0826823161645
3.9236E-01 0.0410282546514
5.1404E-01 0.10402283938
6.6221E-01 0.069586500384
8.9828E-01 0.0888831229424
1.1731E+00 0.0711781976897
1.3332E+00 0.091318386493
1.8360E+00 0.0576320317417

Average Error
0.319961419713