Energy Bin    Value   Uncertainity
6.0327E-02 2.77807E-03 0.0084
8.8348E-02 2.75413E-03 0.0084
1.2213E-01 2.62840E-03 0.0085
1.5936E-01 2.33787E-03 0.0088
3.2020E-01 1.56240E-03 0.0100
3.9236E-01 1.39313E-03 0.0103
5.1404E-01 1.16373E-03 0.0108
6.6221E-01 9.86067E-04 0.0114
8.9828E-01 8.09333E-04 0.0121
1.1731E+00 7.01800E-04 0.0127
1.3332E+00 6.53000E-04 0.0131
1.8360E+00 5.39800E-04 0.0139

Energy Bin   Relative Error
6.0327E-02 2.71696186832
8.8348E-02 0.278123984473
1.2213E-01 0.191791628114
1.5936E-01 0.0476913545346
3.2020E-01 0.0870446882814
3.9236E-01 0.0359559044613
5.1404E-01 0.0963665741125
6.6221E-01 0.0590255914607
8.9828E-01 0.0752483628547
1.1731E+00 0.0579331512425
1.3332E+00 0.0679090580897
1.8360E+00 0.0382709544199

Average Error
0.312693593363