Energy Bin    Value   Uncertainity
6.0327E-02 2.86593E-03 0.0083
8.8348E-02 2.84260E-03 0.0083
1.2213E-01 2.70793E-03 0.0083
1.5936E-01 2.40427E-03 0.0087
3.2020E-01 1.60987E-03 0.0098
3.9236E-01 1.42907E-03 0.0102
5.1404E-01 1.19667E-03 0.0107
6.6221E-01 1.00813E-03 0.0113
8.9828E-01 8.31067E-04 0.0120
1.1731E+00 7.23800E-04 0.0126
1.3332E+00 6.70133E-04 0.0129
1.8360E+00 5.53333E-04 0.0137

Energy Bin   Relative Error
6.0327E-02 2.83451551878
8.8348E-02 0.319180735209
1.2213E-01 0.227852801522
1.5936E-01 0.0774478020449
3.2020E-01 0.120072089301
3.9236E-01 0.0110854725607
5.1404E-01 0.0707887467395
6.6221E-01 0.0379715268022
8.9828E-01 0.0504148862984
1.1731E+00 0.0284012751059
1.3332E+00 0.0434534468987
1.8360E+00 0.0141600259763

Average Error
0.31961202727