Energy Bin    Value   Uncertainity
6.0327E-02 4.36720E-03 0.0067
8.8348E-02 4.29653E-03 0.0067
1.2213E-01 4.04293E-03 0.0068
1.5936E-01 3.63013E-03 0.0070
3.2020E-01 9.06667E-06 0.1460
3.9236E-01 2.03900E-03 0.0084
5.1404E-01 1.72953E-03 0.0088
6.6221E-01 1.47113E-03 0.0093
8.9828E-01 1.22280E-03 0.0099
1.1731E+00 1.05180E-03 0.0104
1.3332E+00 9.97667E-04 0.0107
1.8360E+00 8.04000E-04 0.0114

Energy Bin   Relative Error
6.0327E-02 4.35623276185
8.8348E-02 0.827754392889
1.2213E-01 0.680414935498
1.5936E-01 0.491236823305
3.2020E-01 0.994217516316
3.9236E-01 0.293403165225
5.1404E-01 0.23106106441
6.6221E-01 0.286867634922
8.9828E-01 0.280751075362
1.1731E+00 0.294234471686
1.3332E+00 0.305395624192
1.8360E+00 0.313068370864

Average Error
0.23007821379754337