Energy Bin    Value   Uncertainity
6.0327E-02 3.95387E-03 0.0071
8.8348E-02 3.90440E-03 0.0070
1.2213E-01 3.63267E-03 0.0072
1.5936E-01 3.24527E-03 0.0074
3.2020E-01 2.14667E-03 0.0085
3.9236E-01 1.87567E-03 0.0088
5.1404E-01 1.57393E-03 0.0093
6.6221E-01 1.33160E-03 0.0099
8.9828E-01 1.11387E-03 0.0104
1.1731E+00 9.56067E-04 0.0110
1.3332E+00 8.90733E-04 0.0112
1.8360E+00 7.33267E-04 0.0120

Energy Bin   Relative Error
6.0327E-02 4.29014172511
8.8348E-02 0.811935996113
1.2213E-01 0.647156328451
1.5936E-01 0.454332927892
3.2020E-01 0.493552368787
3.9236E-01 0.297961129743
5.1404E-01 0.222152696938
6.6221E-01 0.270706272911
8.9828E-01 0.272718530033
1.1731E+00 0.283384191922
1.3332E+00 0.271430568087
1.8360E+00 0.30641751031

Average Error
0.718490853858