Energy Bin  Efficiency  Uncertainity
6.0327E-02 3.88293E-03 0.0071
8.8348E-02 3.83813E-03 0.0071
1.2213E-01 3.61900E-03 0.0072
1.5936E-01 3.25333E-03 0.0074
3.9236E-01 1.84827E-03 0.0089
5.1404E-01 1.56227E-03 0.0093
6.6221E-01 1.33120E-03 0.0098
8.9828E-01 1.09733E-03 0.0105
1.1731E+00 9.46067E-04 0.0109
1.3332E+00 9.01467E-04 0.0111
1.8360E+00 7.21467E-04 0.0120

Energy Bin   Relative Error
6.0327E-02 3.76229091362
8.8348E-02 0.632749909341
1.2213E-01 0.504211463362
1.5936E-01 0.336449519539
3.9236E-01 0.172417002546
5.1404E-01 0.112007174837
6.6221E-01 0.164464184408
8.9828E-01 0.149334786987
1.1731E+00 0.164130560872
1.3332E+00 0.179522904089
1.8360E+00 0.178277982988

Chi Squared Value
0.14907412748862298
Average Error
0.577805127508