Energy Bin  Efficiency  Uncertainity
6.0327E-02 4.00413E-03 0.0070
8.8348E-02 3.94867E-03 0.0070
1.2213E-01 3.72280E-03 0.0071
1.5936E-01 3.35013E-03 0.0073
3.9236E-01 1.89887E-03 0.0087
5.1404E-01 1.60333E-03 0.0092
6.6221E-01 1.36420E-03 0.0097
8.9828E-01 1.12960E-03 0.0103
1.1731E+00 9.67533E-04 0.0108
1.3332E+00 9.23867E-04 0.0110
1.8360E+00 7.44400E-04 0.0118

Energy Bin   Relative Error
6.0327E-02 3.91093888274
8.8348E-02 0.679773896277
1.2213E-01 0.547355190882
1.5936E-01 0.37621441074
3.9236E-01 0.204514207136
5.1404E-01 0.141233246258
6.6221E-01 0.193330859653
8.9828E-01 0.183134130462
1.1731E+00 0.190544363086
1.3332E+00 0.208832144529
1.8360E+00 0.21573146178

Chi Squared Value
0.1637104582402681
Average Error
0.622872981231