Energy Bin  Efficiency  Uncertainity
6.0327E-02 3.77287E-03 0.0072
8.8348E-02 3.72973E-03 0.0072
1.2213E-01 3.52187E-03 0.0073
1.5936E-01 3.16807E-03 0.0075
3.9236E-01 1.79607E-03 0.0090
5.1404E-01 1.52460E-03 0.0094
6.6221E-01 1.29700E-03 0.0100
8.9828E-01 1.07073E-03 0.0106
1.1731E+00 9.20600E-04 0.0111
1.3332E+00 8.74800E-04 0.0113
1.8360E+00 7.05533E-04 0.0122

Energy Bin   Relative Error
6.0327E-02 3.62730580239
8.8348E-02 0.58663628365
1.2213E-01 0.463840073631
1.5936E-01 0.301425194913
3.9236E-01 0.139304866584
5.1404E-01 0.085194069371
6.6221E-01 0.134547811882
8.9828E-01 0.12147415679
1.1731E+00 0.132793548806
1.3332E+00 0.144630515035
1.8360E+00 0.152255058335

Chi Squared Value
0.13635267829266023
Average Error
0.535400671035