Energy Bin  Efficiency  Uncertainity
6.0327E-02 2.72312E-02 0.0027
8.8348E-02 2.83717E-02 0.0026
1.2213E-01 2.77129E-02 0.0026
1.5936E-01 2.55832E-02 0.0026
3.9236E-01 1.48174E-02 0.0031
5.1404E-01 1.24131E-02 0.0033
6.6221E-01 1.05571E-02 0.0035
8.9828E-01 8.74187E-03 0.0037
1.1731E+00 7.41933E-03 0.0039
1.3332E+00 6.83720E-03 0.0040
1.8360E+00 5.59787E-03 0.0043

Energy Bin   Relative Error
6.0327E-02 7.56477037688
8.8348E-02 1.20070058289
1.2213E-01 0.686777123689
1.5936E-01 0.545393806881
3.9236E-01 0.299308799803
5.1404E-01 0.269242862292
6.6221E-01 0.260418936332
8.9828E-01 0.590992053608
1.1731E+00 0.623995039941
1.3332E+00 0.593073216018
1.8360E+00 0.6540138838

Chi Squared Value
2.4437553342419025
Average Error
1.20806242565