Energy Bin  Efficiency  Uncertainity
6.0327E-02 2.10939E-02 0.0030
8.8348E-02 2.17158E-02 0.0030
1.2213E-01 2.09245E-02 0.0030
1.5936E-01 1.90418E-02 0.0031
3.9236E-01 1.05561E-02 0.0037
5.1404E-01 8.79427E-03 0.0039
6.6221E-01 7.40840E-03 0.0041
8.9828E-01 6.05513E-03 0.0044
1.1731E+00 5.11180E-03 0.0046
1.3332E+00 4.69420E-03 0.0048
1.8360E+00 3.83813E-03 0.0051

Energy Bin   Relative Error
6.0327E-02 5.63446377144
8.8348E-02 0.684424046426
1.2213E-01 0.273593450149
1.5936E-01 0.150250156034
3.9236E-01 0.0743562553756
5.1404E-01 0.100783492716
6.6221E-01 0.115506375053
8.9828E-01 0.102014067192
1.1731E+00 0.118906672862
1.3332E+00 0.0937524557757
1.8360E+00 0.13405997421

Chi Squared Value
1.199830280213062
Average Error
0.680191883385