Energy Bin  Efficiency  Uncertainity
6.0327E-02 2.21104E-02 0.0030
8.8348E-02 2.27045E-02 0.0029
1.2213E-01 2.18671E-02 0.0029
1.5936E-01 1.98895E-02 0.0030
3.9236E-01 1.11237E-02 0.0036
5.1404E-01 9.27867E-03 0.0038
6.6221E-01 7.84207E-03 0.0040
8.9828E-01 6.42880E-03 0.0043
1.1731E+00 5.44033E-03 0.0045
1.3332E+00 5.00240E-03 0.0047
1.8360E+00 4.09067E-03 0.0050

Energy Bin   Relative Error
6.0327E-02 5.95417384989
8.8348E-02 0.761114292915
1.2213E-01 0.330965869375
1.5936E-01 0.201456820177
3.9236E-01 0.0245845224961
5.1404E-01 0.0512534605327
6.6221E-01 0.0637302357612
8.9828E-01 0.170020798094
1.1731E+00 0.190817625802
1.3332E+00 0.165563308929
1.8360E+00 0.208678474856

Chi Squared Value
1.3564636776652346
Average Error
0.738396296257