Energy Bin  Efficiency  Uncertainity
6.0327E-02 2.66571E-02 0.0027
8.8348E-02 2.77038E-02 0.0026
1.2213E-01 2.70021E-02 0.0026
1.5936E-01 2.48919E-02 0.0027
3.9236E-01 1.43455E-02 0.0032
5.1404E-01 1.20241E-02 0.0033
6.6221E-01 1.02163E-02 0.0035
8.9828E-01 8.45853E-03 0.0037
1.1731E+00 7.18160E-03 0.0040
1.3332E+00 6.61373E-03 0.0041
1.8360E+00 5.41180E-03 0.0044

Energy Bin   Relative Error
6.0327E-02 7.38420416337
8.8348E-02 1.14889375005
1.2213E-01 0.643513474647
1.5936E-01 0.503634733008
3.9236E-01 0.257928812583
5.1404E-01 0.229467506141
6.6221E-01 0.219730605872
8.9828E-01 0.539425090421
1.1731E+00 0.571959028489
1.3332E+00 0.541004522461
1.8360E+00 0.599035407458

Chi Squared Value
2.2948807640001077
Average Error
1.14898155405