Energy Bin  Efficiency  Uncertainity
6.0327E-02 1.99003E-02 0.0031
8.8348E-02 2.08823E-02 0.0030
1.2213E-01 2.02383E-02 0.0030
1.5936E-01 1.84714E-02 0.0031
3.9236E-01 1.03063E-02 0.0037
5.1404E-01 8.61787E-03 0.0039
6.6221E-01 7.24480E-03 0.0041
8.9828E-01 5.92633E-03 0.0044
1.1731E+00 5.01520E-03 0.0047
1.3332E+00 4.60460E-03 0.0048
1.8360E+00 3.77727E-03 0.0052

Energy Bin   Relative Error
6.0327E-02 5.25905211416
8.8348E-02 0.619772159657
1.2213E-01 0.231827108038
1.5936E-01 0.115794238579
3.9236E-01 0.0962607283729
5.1404E-01 0.118820440852
6.6221E-01 0.135038683924
8.9828E-01 0.0785728839546
1.1731E+00 0.0977621866543
1.3332E+00 0.072875582179
1.8360E+00 0.116077547864

Chi Squared Value
1.0398890148456699
Average Error
0.631077606749