Energy Bin  Efficiency  Uncertainity
6.0327E-02 2.10934E-02 0.0030
8.8348E-02 2.17115E-02 0.0030
1.2213E-01 2.09134E-02 0.0030
1.5936E-01 1.90199E-02 0.0031
3.9236E-01 1.05037E-02 0.0037
5.1404E-01 8.75320E-03 0.0039
6.6221E-01 7.35600E-03 0.0041
8.9828E-01 6.00813E-03 0.0044
1.1731E+00 5.07140E-03 0.0047
1.3332E+00 4.65840E-03 0.0048
1.8360E+00 3.81173E-03 0.0052

Energy Bin   Relative Error
6.0327E-02 5.6343065112
8.8348E-02 0.684090509398
1.2213E-01 0.272917836046
1.5936E-01 0.14892725177
3.9236E-01 0.0789511087986
5.1404E-01 0.104982911423
6.6221E-01 0.121762444643
8.9828E-01 0.0934602192714
1.1731E+00 0.110063637223
1.3332E+00 0.0854110263699
1.8360E+00 0.126259513225

Chi Squared Value
1.1995338916028908
Average Error
0.678284815397