Energy Bin  Efficiency  Uncertainity
6.0327E-02 2.10931E-02 0.0030
8.8348E-02 2.17124E-02 0.0030
1.2213E-01 2.09168E-02 0.0030
1.5936E-01 1.90260E-02 0.0031
3.9236E-01 1.05181E-02 0.0037
5.1404E-01 8.76473E-03 0.0039
6.6221E-01 7.36993E-03 0.0041
8.9828E-01 6.02013E-03 0.0044
1.1731E+00 5.08067E-03 0.0046
1.3332E+00 4.66673E-03 0.0048
1.8360E+00 3.81760E-03 0.0052

Energy Bin   Relative Error
6.0327E-02 5.63421215505
8.8348E-02 0.684160319473
1.2213E-01 0.273124780906
1.5936E-01 0.149295731953
3.9236E-01 0.0776884009877
5.1404E-01 0.103803965777
6.6221E-01 0.120099333013
8.9828E-01 0.0956441804425
1.1731E+00 0.112092719905
1.3332E+00 0.0873519232121
1.8360E+00 0.127993933906

Chi Squared Value
1.1995421937910535
Average Error
0.678678858602