Energy Bin  Efficiency  Uncertainity
6.0327E-02 1.90042E-02 0.0032
8.8348E-02 2.02429E-02 0.0031
1.2213E-01 1.97216E-02 0.0031
1.5936E-01 1.80661E-02 0.0032
3.9236E-01 1.01495E-02 0.0037
5.1404E-01 8.50587E-03 0.0039
6.6221E-01 7.15900E-03 0.0042
8.9828E-01 5.86733E-03 0.0044
1.1731E+00 4.96767E-03 0.0047
1.3332E+00 4.57000E-03 0.0048
1.8360E+00 3.75140E-03 0.0052

Energy Bin   Relative Error
6.0327E-02 4.97721030275
8.8348E-02 0.570175979213
1.2213E-01 0.200377575878
1.5936E-01 0.091311448704
3.9236E-01 0.110010213425
5.1404E-01 0.130272471415
6.6221E-01 0.145282400924
8.9828E-01 0.0678350748631
1.1731E+00 0.0873584865562
1.3332E+00 0.0648137537589
1.8360E+00 0.108433687043

Chi Squared Value
0.9278590367863964
Average Error
0.59573467223