Energy Bin  Efficiency  Uncertainity
6.0327E-02 2.28815E-02 0.0029
8.8348E-02 2.29425E-02 0.0029
1.2213E-01 2.18893E-02 0.0029
1.5936E-01 1.97938E-02 0.0030
3.9236E-01 1.07979E-02 0.0036
5.1404E-01 8.95520E-03 0.0038
6.6221E-01 7.51013E-03 0.0041
8.9828E-01 6.11493E-03 0.0044
1.1731E+00 5.15140E-03 0.0046
1.3332E+00 4.72913E-03 0.0048
1.8360E+00 3.85833E-03 0.0051

Energy Bin   Relative Error
6.0327E-02 6.1967006
8.8348E-02 0.779575179599
1.2213E-01 0.332317097581
1.5936E-01 0.195675909762
3.9236E-01 0.0531532867176
5.1404E-01 0.0843283563013
6.6221E-01 0.103360765142
8.9828E-01 0.112897473695
1.1731E+00 0.127574598886
1.3332E+00 0.101891174467
1.8360E+00 0.140028508751

Chi Squared Value
1.4609932895228144
Average Error
0.747954813718