Energy Bin  Efficiency  Uncertainity
6.0327E-02 2.75340E-02 0.0026
8.8348E-02 2.87059E-02 0.0026
1.2213E-01 2.80662E-02 0.0026
1.5936E-01 2.59384E-02 0.0026
3.9236E-01 1.50604E-02 0.0031
5.1404E-01 1.26147E-02 0.0032
6.6221E-01 1.07327E-02 0.0034
8.9828E-01 8.89440E-03 0.0036
1.1731E+00 7.54267E-03 0.0039
1.3332E+00 6.95747E-03 0.0040
1.8360E+00 5.69513E-03 0.0043

Energy Bin   Relative Error
6.0327E-02 7.66000718136
8.8348E-02 1.226623391
1.2213E-01 0.708281129325
1.5936E-01 0.566850226727
3.9236E-01 0.320616994112
5.1404E-01 0.289856517305
6.6221E-01 0.281383932896
8.9828E-01 0.618752020061
1.1731E+00 0.650992565084
1.3332E+00 0.621096224806
1.8360E+00 0.6827514912

Chi Squared Value
2.5238962264876394
Average Error
1.2388374249