Energy Bin  Efficiency  Uncertainity
6.0327E-02 2.21114E-02 0.0030
8.8348E-02 2.27051E-02 0.0029
1.2213E-01 2.18664E-02 0.0029
1.5936E-01 1.98872E-02 0.0030
3.9236E-01 1.10915E-02 0.0036
5.1404E-01 9.24287E-03 0.0038
6.6221E-01 7.79607E-03 0.0040
8.9828E-01 6.38627E-03 0.0043
1.1731E+00 5.39733E-03 0.0045
1.3332E+00 4.96093E-03 0.0047
1.8360E+00 4.05200E-03 0.0050

Energy Bin   Relative Error
6.0327E-02 5.95448837038
8.8348E-02 0.761160832965
1.2213E-01 0.330923263081
1.5936E-01 0.201317885026
3.9236E-01 0.0274080774621
5.1404E-01 0.0549140203018
6.6221E-01 0.0692222052482
8.9828E-01 0.16228047571
1.1731E+00 0.181405483908
1.3332E+00 0.155900764865
1.8360E+00 0.197252572346

Chi Squared Value
1.3560660964952285
Average Error
0.736024904663