Energy Bin  Efficiency  Uncertainity
6.0327E-02 2.69393E-02 0.0027
8.8348E-02 2.80323E-02 0.0026
1.2213E-01 2.73594E-02 0.0026
1.5936E-01 2.52491E-02 0.0027
3.9236E-01 1.45825E-02 0.0031
5.1404E-01 1.22126E-02 0.0033
6.6221E-01 1.03825E-02 0.0035
8.9828E-01 8.59767E-03 0.0037
1.1731E+00 7.29640E-03 0.0039
1.3332E+00 6.72440E-03 0.0040
1.8360E+00 5.50573E-03 0.0043

Energy Bin   Relative Error
6.0327E-02 7.47296184575
8.8348E-02 1.17437442768
1.2213E-01 0.665260944825
1.5936E-01 0.525211966029
3.9236E-01 0.278710878638
5.1404E-01 0.248741682579
6.6221E-01 0.23957333041
8.9828E-01 0.564748120201
1.1731E+00 0.597087258475
1.3332E+00 0.566790723365
1.8360E+00 0.626789093075

Chi Squared Value
2.3675936229847565
Average Error
1.17820457009