Energy Bin  Efficiency  Uncertainity
6.0327E-02 2.40558E-02 0.0028
8.8348E-02 2.47949E-02 0.0028
1.2213E-01 2.40003E-02 0.0028
1.5936E-01 2.19355E-02 0.0029
3.9236E-01 1.24682E-02 0.0034
5.1404E-01 1.04035E-02 0.0036
6.6221E-01 8.83487E-03 0.0038
8.9828E-01 7.28007E-03 0.0040
1.1731E+00 6.18520E-03 0.0043
1.3332E+00 5.70273E-03 0.0044
1.8360E+00 4.66393E-03 0.0047

Energy Bin   Relative Error
6.0327E-02 6.56604201182
8.8348E-02 0.92325982873
1.2213E-01 0.460805509408
1.5936E-01 0.325048698006
3.9236E-01 0.093312050542
5.1404E-01 0.0637607139114
6.6221E-01 0.0548007926453
8.9828E-01 0.324949183608
1.1731E+00 0.353860000976
1.3332E+00 0.328740774174
1.8360E+00 0.378060757586

Chi Squared Value
1.7112278167562014
Average Error
0.897512756491