Energy Bin  Efficiency  Uncertainity
6.0327E-02 2.21098E-02 0.0030
8.8348E-02 2.27047E-02 0.0029
1.2213E-01 2.18685E-02 0.0029
1.5936E-01 1.98979E-02 0.0030
3.9236E-01 1.12438E-02 0.0036
5.1404E-01 9.43340E-03 0.0038
6.6221E-01 7.99433E-03 0.0040
8.9828E-01 6.59473E-03 0.0043
1.1731E+00 5.60893E-03 0.0045
1.3332E+00 5.16660E-03 0.0046
1.8360E+00 4.26160E-03 0.0050

Energy Bin   Relative Error
6.0327E-02 5.95398513759
8.8348E-02 0.761129806265
1.2213E-01 0.331051081965
1.5936E-01 0.201964235511
3.9236E-01 0.0140531886011
5.1404E-01 0.0354322758099
6.6221E-01 0.0455518167592
8.9828E-01 0.200219521188
1.1731E+00 0.227721977507
1.3332E+00 0.203822043801
1.8360E+00 0.259183505012

Chi Squared Value
1.3590531550178555
Average Error
0.748555871819