Energy Bin  Efficiency  Uncertainity
6.0327E-02 2.23806E-02 0.0029
8.8348E-02 2.29992E-02 0.0029
1.2213E-01 2.21635E-02 0.0029
1.5936E-01 2.01819E-02 0.0030
3.9236E-01 1.13636E-02 0.0036
5.1404E-01 9.49660E-03 0.0038
6.6221E-01 8.03947E-03 0.0040
8.9828E-01 6.62073E-03 0.0042
1.1731E+00 5.61253E-03 0.0045
1.3332E+00 5.17280E-03 0.0046
1.8360E+00 4.23987E-03 0.0050

Energy Bin   Relative Error
6.0327E-02 6.03915728638
8.8348E-02 0.783973214368
1.2213E-01 0.349006591908
1.5936E-01 0.219119706334
3.9236E-01 0.00354816111877
5.1404E-01 0.0289700585638
6.6221E-01 0.0401625232235
8.9828E-01 0.204951437059
1.1731E+00 0.228509970781
1.3332E+00 0.205266648894
1.8360E+00 0.2527628983

Chi Squared Value
1.4032348891111364
Average Error
0.759584408812