Energy Bin  Efficiency  Uncertainity
6.0327E-02 2.15708E-02 0.0030
8.8348E-02 2.21438E-02 0.0029
1.2213E-01 2.12993E-02 0.0030
1.5936E-01 1.93290E-02 0.0030
3.9236E-01 1.06277E-02 0.0037
5.1404E-01 8.83513E-03 0.0039
6.6221E-01 7.42300E-03 0.0041
8.9828E-01 6.05673E-03 0.0044
1.1731E+00 5.10440E-03 0.0046
1.3332E+00 4.68800E-03 0.0048
1.8360E+00 3.83073E-03 0.0051

Energy Bin   Relative Error
6.0327E-02 5.78445859329
8.8348E-02 0.717622615757
1.2213E-01 0.296406077696
1.5936E-01 0.167598927937
3.9236E-01 0.0680777915381
5.1404E-01 0.0966055465661
6.6221E-01 0.113763271694
8.9828E-01 0.102305262015
1.1731E+00 0.117286908909
1.3332E+00 0.0923078506831
1.8360E+00 0.131873481358

Chi Squared Value
1.269400096939501
Average Error
0.698936938859