Energy Bin  Efficiency  Uncertainity
6.0327E-02 2.18551E-02 0.0030
8.8348E-02 2.22217E-02 0.0029
1.2213E-01 2.13286E-02 0.0029
1.5936E-01 1.93440E-02 0.0030
3.9236E-01 1.06301E-02 0.0037
5.1404E-01 8.83940E-03 0.0039
6.6221E-01 7.42020E-03 0.0041
8.9828E-01 6.05107E-03 0.0044
1.1731E+00 5.10660E-03 0.0046
1.3332E+00 4.68807E-03 0.0048
1.8360E+00 3.83387E-03 0.0051

Energy Bin   Relative Error
6.0327E-02 5.8738767687
8.8348E-02 0.723665065642
1.2213E-01 0.298189455463
1.5936E-01 0.168505026748
3.9236E-01 0.0678673402363
5.1404E-01 0.0961689379009
6.6221E-01 0.114097565489
8.9828E-01 0.101275160329
1.1731E+00 0.117768460354
1.3332E+00 0.0923241607406
1.8360E+00 0.13280126346

Chi Squared Value
1.3073380158240515
Average Error
0.70786720046