Energy Bin  Efficiency  Uncertainity
6.0327E-02 2.51831E-02 0.0028
8.8348E-02 2.60579E-02 0.0027
1.2213E-01 2.53106E-02 0.0027
1.5936E-01 2.32089E-02 0.0028
3.9236E-01 1.32634E-02 0.0033
5.1404E-01 1.10835E-02 0.0035
6.6221E-01 9.40593E-03 0.0037
8.9828E-01 7.78360E-03 0.0039
1.1731E+00 6.59100E-03 0.0041
1.3332E+00 6.08233E-03 0.0042
1.8360E+00 4.97653E-03 0.0046

Energy Bin   Relative Error
6.0327E-02 6.92060096059
8.8348E-02 1.02122663496
1.2213E-01 0.540558406621
1.5936E-01 0.401970446407
3.9236E-01 0.163041581877
5.1404E-01 0.13329089947
6.6221E-01 0.122980012107
8.9828E-01 0.416590014317
1.1731E+00 0.442684354011
1.3332E+00 0.417187885974
1.8360E+00 0.470425306973

Chi Squared Value
1.9486258518151909
Average Error
1.00459604575