Energy Bin  Efficiency  Uncertainity
6.0327E-02 3.04593E-03 0.0080
8.8348E-02 3.02780E-03 0.0080
1.2213E-01 2.85867E-03 0.0081
1.5936E-01 2.55567E-03 0.0084
3.9236E-01 1.49327E-03 0.0098
5.1404E-01 1.24920E-03 0.0103
6.6221E-01 1.04460E-03 0.0109
8.9828E-01 8.55733E-04 0.0117
1.1731E+00 7.37067E-04 0.0123
1.3332E+00 6.78467E-04 0.0125
1.8360E+00 5.56400E-04 0.0135

Energy Bin   Relative Error
6.0327E-02 3.07534931214
8.8348E-02 0.405127499496
1.2213E-01 0.296202622714
1.5936E-01 0.145296087483
3.9236E-01 0.0333408415188
5.1404E-01 0.0299993335063
6.6221E-01 0.00316929056527
8.9828E-01 0.0222312784611
1.1731E+00 0.0105922114375
1.3332E+00 0.0315575113552
1.8360E+00 0.00869573738276

Chi Squared Value
9955.329796627837
Average Error
0.369232884187