Energy Bin  Efficiency  Uncertainity
6.0327E-02 3.40167E-03 0.0076
8.8348E-02 3.38880E-03 0.0076
1.2213E-01 3.18407E-03 0.0077
1.5936E-01 2.85740E-03 0.0079
3.9236E-01 1.68873E-03 0.0093
5.1404E-01 1.42220E-03 0.0098
6.6221E-01 1.19760E-03 0.0103
8.9828E-01 1.00127E-03 0.0109
1.1731E+00 8.63400E-04 0.0115
1.3332E+00 8.07533E-04 0.0117
1.8360E+00 6.58000E-04 0.0126

Energy Bin   Relative Error
6.0327E-02 3.55131716573
8.8348E-02 0.572658719298
1.2213E-01 0.443748276263
1.5936E-01 0.28051314934
3.9236E-01 0.16859889993
5.1404E-01 0.104334732539
6.6221E-01 0.142834058605
8.9828E-01 0.144060691612
1.1731E+00 0.158991902561
1.3332E+00 0.152671048382
1.8360E+00 0.172318844001

Chi Squared Value
13674.182914515708
Average Error
0.535640680751