Energy Bin  Efficiency  Uncertainity
6.0327E-02 2.72747E-03 0.0085
8.8348E-02 2.76920E-03 0.0084
1.2213E-01 2.63340E-03 0.0084
1.5936E-01 2.35713E-03 0.0087
3.9236E-01 1.39960E-03 0.0102
5.1404E-01 1.17020E-03 0.0107
6.6221E-01 9.79667E-04 0.0113
8.9828E-01 8.06067E-04 0.0120
1.1731E+00 6.99133E-04 0.0126
1.3332E+00 6.42533E-04 0.0129
1.8360E+00 5.31333E-04 0.0138

Energy Bin   Relative Error
6.0327E-02 2.64926081307
8.8348E-02 0.285117600767
1.2213E-01 0.194058770916
1.5936E-01 0.0563225168696
3.9236E-01 0.0314786731202
5.1404E-01 0.0913426353419
6.6221E-01 0.0651329210992
8.9828E-01 0.0789801257347
1.1731E+00 0.061513220045
1.3332E+00 0.0828496337237
1.8360E+00 0.0533560967484

Chi Squared Value
7338.976234843987
Average Error
0.331764818858