Energy Bin  Efficiency  Uncertainity
6.0327E-02 2.92787E-03 0.0082
8.8348E-02 2.91760E-03 0.0081
1.2213E-01 2.75280E-03 0.0082
1.5936E-01 2.44880E-03 0.0086
3.9236E-01 1.43373E-03 0.0100
5.1404E-01 1.19400E-03 0.0106
6.6221E-01 9.96267E-04 0.0112
8.9828E-01 8.16467E-04 0.0120
1.1731E+00 7.06600E-04 0.0125
1.3332E+00 6.46533E-04 0.0128
1.8360E+00 5.35933E-04 0.0138

Energy Bin   Relative Error
6.0327E-02 2.91738910301
8.8348E-02 0.353986390293
1.2213E-01 0.248198141026
1.5936E-01 0.0974034437262
3.9236E-01 0.00786075879729
5.1404E-01 0.0728619950421
6.6221E-01 0.0492920348493
8.9828E-01 0.0670969861292
1.1731E+00 0.0514898328127
1.3332E+00 0.0771400414302
1.8360E+00 0.0451605546779

Chi Squared Value
8930.11585616455
Average Error
0.362534480163