Energy Bin  Efficiency  Uncertainity
6.0327E-02 2.68507E-03 0.0086
8.8348E-02 2.73853E-03 0.0084
1.2213E-01 2.61047E-03 0.0085
1.5936E-01 2.33633E-03 0.0088
3.9236E-01 1.39220E-03 0.0102
5.1404E-01 1.16340E-03 0.0107
6.6221E-01 9.74933E-04 0.0113
8.9828E-01 8.03600E-04 0.0121
1.1731E+00 6.96733E-04 0.0126
1.3332E+00 6.41133E-04 0.0129
1.8360E+00 5.29333E-04 0.0138

Energy Bin   Relative Error
6.0327E-02 2.59253107509
8.8348E-02 0.270884408215
1.2213E-01 0.183661654027
1.5936E-01 0.0470012200592
3.9236E-01 0.0365994632166
5.1404E-01 0.0966228182847
6.6221E-01 0.0696504364912
8.9828E-01 0.0817989435622
1.1731E+00 0.0647348792599
1.3332E+00 0.0848479910264
1.8360E+00 0.0569193759095

Chi Squared Value
7025.489202360791
Average Error
0.325932024103