Energy Bin  Efficiency  Uncertainity
6.0327E-02 2.88693E-03 0.0083
8.8348E-02 2.87787E-03 0.0082
1.2213E-01 2.71527E-03 0.0083
1.5936E-01 2.42120E-03 0.0086
3.9236E-01 1.42360E-03 0.0101
5.1404E-01 1.18600E-03 0.0106
6.6221E-01 9.90867E-04 0.0112
8.9828E-01 8.11600E-04 0.0120
1.1731E+00 7.04067E-04 0.0125
1.3332E+00 6.44800E-04 0.0129
1.8360E+00 5.35533E-04 0.0138

Energy Bin   Relative Error
6.0327E-02 2.86261279467
8.8348E-02 0.335548674606
1.2213E-01 0.231180967155
1.5936E-01 0.0850347998815
3.9236E-01 0.0148707052401
5.1404E-01 0.0790739749748
6.6221E-01 0.0544450942318
8.9828E-01 0.0726580669426
1.1731E+00 0.0548900256424
1.3332E+00 0.0796137222914
1.8360E+00 0.0458732105101

Chi Squared Value
8586.30900799685
Average Error
0.355982003286