Energy Bin  Efficiency  Uncertainity
6.0327E-02 2.88713E-03 0.0083
8.8348E-02 2.87847E-03 0.0082
1.2213E-01 2.71607E-03 0.0083
1.5936E-01 2.42300E-03 0.0086
3.9236E-01 1.42853E-03 0.0101
5.1404E-01 1.19027E-03 0.0106
6.6221E-01 9.94667E-04 0.0112
8.9828E-01 8.16800E-04 0.0120
1.1731E+00 7.08800E-04 0.0125
1.3332E+00 6.49400E-04 0.0128
1.8360E+00 5.37400E-04 0.0137

Energy Bin   Relative Error
6.0327E-02 2.86288038778
8.8348E-02 0.335827119847
1.2213E-01 0.231543710003
1.5936E-01 0.0858414505671
3.9236E-01 0.011459151838
5.1404E-01 0.0757583306857
6.6221E-01 0.0508188672589
8.9828E-01 0.0667164971399
1.1731E+00 0.048536645199
1.3332E+00 0.0730476911539
1.8360E+00 0.0425468894132

Chi Squared Value
8584.453420596254
Average Error
0.353179703717