Energy Bin  Efficiency  Uncertainity
6.0327E-02 3.18380E-03 0.0079
8.8348E-02 3.17107E-03 0.0078
1.2213E-01 2.99540E-03 0.0079
1.5936E-01 2.68733E-03 0.0082
3.9236E-01 1.58087E-03 0.0096
5.1404E-01 1.32360E-03 0.0100
6.6221E-01 1.10280E-03 0.0107
8.9828E-01 9.15467E-04 0.0113
1.1731E+00 7.86200E-04 0.0119
1.3332E+00 7.24400E-04 0.0122
1.8360E+00 5.92800E-04 0.0131

Energy Bin   Relative Error
6.0327E-02 3.25981461819
8.8348E-02 0.471615582213
1.2213E-01 0.358199909775
1.5936E-01 0.204298103736
3.9236E-01 0.0939599242815
5.1404E-01 0.0277720798679
6.6221E-01 0.0523692383349
8.9828E-01 0.0460213620382
1.1731E+00 0.0553618644816
1.3332E+00 0.0340071643488
1.8360E+00 0.0561559433492

Chi Squared Value
11289.319406956229
Average Error
0.423597799147