Energy Bin  Efficiency  Uncertainity
6.0327E-02 3.11607E-03 0.0080
8.8348E-02 3.09867E-03 0.0079
1.2213E-01 2.92493E-03 0.0080
1.5936E-01 2.62060E-03 0.0083
3.9236E-01 1.55493E-03 0.0097
5.1404E-01 1.31620E-03 0.0102
6.6221E-01 1.10520E-03 0.0107
8.9828E-01 9.18133E-04 0.0114
1.1731E+00 7.96267E-04 0.0120
1.3332E+00 7.37867E-04 0.0122
1.8360E+00 6.03333E-04 0.0131

Energy Bin   Relative Error
6.0327E-02 3.16919421361
8.8348E-02 0.438016523173
1.2213E-01 0.326246799125
1.5936E-01 0.174393770267
3.9236E-01 0.0760094789977
5.1404E-01 0.0220259984302
6.6221E-01 0.0546594869493
8.9828E-01 0.0490675591717
1.1731E+00 0.0688753825301
1.3332E+00 0.0532299342029
1.8360E+00 0.0749219530511

Chi Squared Value
10632.651438273384
Average Error
0.40969464541