Energy Bin  Efficiency  Uncertainity
6.0327E-02 2.86280E-03 0.0083
8.8348E-02 2.86167E-03 0.0082
1.2213E-01 2.70527E-03 0.0083
1.5936E-01 2.41580E-03 0.0086
3.9236E-01 1.42460E-03 0.0101
5.1404E-01 1.18653E-03 0.0106
6.6221E-01 9.92733E-04 0.0112
8.9828E-01 8.15533E-04 0.0120
1.1731E+00 7.07333E-04 0.0125
1.3332E+00 6.48667E-04 0.0128
1.8360E+00 5.36200E-04 0.0138

Energy Bin   Relative Error
6.0327E-02 2.83032768671
8.8348E-02 0.328030653108
1.2213E-01 0.226646681551
1.5936E-01 0.082614847825
3.9236E-01 0.0141787065784
5.1404E-01 0.0786624313042
6.6221E-01 0.0526644259341
8.9828E-01 0.0681641834745
1.1731E+00 0.0505058843941
1.3332E+00 0.0740939739417
1.8360E+00 0.0446848569098

Chi Squared Value
8388.28252767186
Average Error
0.350052211976