Energy Bin  Efficiency  Uncertainity
6.0327E-02 3.74407E-03 0.0073
8.8348E-02 3.72300E-03 0.0072
1.2213E-01 3.47600E-03 0.0073
1.5936E-01 3.12513E-03 0.0076
3.9236E-01 1.83473E-03 0.0089
5.1404E-01 1.54567E-03 0.0094
6.6221E-01 1.30440E-03 0.0099
8.9828E-01 1.08773E-03 0.0105
1.1731E+00 9.42133E-04 0.0111
1.3332E+00 8.77800E-04 0.0113
1.8360E+00 7.15467E-04 0.0121

Energy Bin   Relative Error
6.0327E-02 4.00943655931
8.8348E-02 0.727752718351
1.2213E-01 0.576117675896
1.5936E-01 0.400493476026
3.9236E-01 0.269630704534
5.1404E-01 0.200208877825
6.6221E-01 0.244750121948
8.9828E-01 0.242850715678
1.1731E+00 0.264679775464
1.3332E+00 0.252970028804
1.8360E+00 0.274704325776

Chi Squared Value
17929.617967530587
Average Error
0.67850863451