Energy Bin  Efficiency  Uncertainity
6.0327E-02 2.68607E-03 0.0086
8.8348E-02 2.73860E-03 0.0084
1.2213E-01 2.61193E-03 0.0085
1.5936E-01 2.33660E-03 0.0088
3.9236E-01 1.39193E-03 0.0102
5.1404E-01 1.16327E-03 0.0107
6.6221E-01 9.77400E-04 0.0113
8.9828E-01 8.04333E-04 0.0121
1.1731E+00 6.97133E-04 0.0126
1.3332E+00 6.40267E-04 0.0129
1.8360E+00 5.28333E-04 0.0139

Energy Bin   Relative Error
6.0327E-02 2.5938690406
8.8348E-02 0.270916893493
1.2213E-01 0.184323659725
1.5936E-01 0.047122217662
3.9236E-01 0.0367863028553
5.1404E-01 0.0967237629586
6.6221E-01 0.0672962517696
8.9828E-01 0.080961410742
1.1731E+00 0.0641979360574
1.3332E+00 0.086084117758
1.8360E+00 0.05870101549

Chi Squared Value
7032.7732339045615
Average Error
0.326089328101