Energy Bin  Efficiency  Uncertainity
6.0327E-02 3.21220E-03 0.0078
8.8348E-02 3.19900E-03 0.0078
1.2213E-01 3.02340E-03 0.0079
1.5936E-01 2.71487E-03 0.0081
3.9236E-01 1.59840E-03 0.0095
5.1404E-01 1.33913E-03 0.0100
6.6221E-01 1.11620E-03 0.0106
8.9828E-01 9.27133E-04 0.0112
1.1731E+00 7.96333E-04 0.0118
1.3332E+00 7.35600E-04 0.0121
1.8360E+00 6.00333E-04 0.0130

Energy Bin   Relative Error
6.0327E-02 3.29781283892
8.8348E-02 0.484577208166
1.2213E-01 0.370895909466
1.5936E-01 0.216639859225
3.9236E-01 0.106090660821
5.1404E-01 0.0398310859123
6.6221E-01 0.0651564597655
8.9828E-01 0.0593510453687
1.1731E+00 0.0689639781585
1.3332E+00 0.0499940227706
1.8360E+00 0.0695770343095

Chi Squared Value
11582.35226103732
Average Error
0.438990009353