Energy Bin  Efficiency  Uncertainity
6.0327E-02 3.70973E-03 0.0073
8.8348E-02 3.68740E-03 0.0072
1.2213E-01 3.44533E-03 0.0074
1.5936E-01 3.09447E-03 0.0076
3.9236E-01 1.81980E-03 0.0090
5.1404E-01 1.53107E-03 0.0094
6.6221E-01 1.29193E-03 0.0100
8.9828E-01 1.07733E-03 0.0105
1.1731E+00 9.32867E-04 0.0111
1.3332E+00 8.70667E-04 0.0113
1.8360E+00 7.09133E-04 0.0121

Energy Bin   Relative Error
6.0327E-02 3.9634908234
8.8348E-02 0.711231634071
1.2213E-01 0.562211021949
1.5936E-01 0.386753526016
3.9236E-01 0.259299164515
5.1404E-01 0.188872014448
6.6221E-01 0.232850371855
8.9828E-01 0.230967576073
1.1731E+00 0.252241486178
1.3332E+00 0.242788398346
1.8360E+00 0.263419420673

Chi Squared Value
17464.220417063152
Average Error
0.663102312502