Energy Bin  Efficiency  Uncertainity
6.0327E-02 3.07153E-03 0.0080
8.8348E-02 3.05713E-03 0.0080
1.2213E-01 2.88773E-03 0.0081
1.5936E-01 2.58260E-03 0.0083
3.9236E-01 1.50887E-03 0.0098
5.1404E-01 1.26460E-03 0.0103
6.6221E-01 1.05787E-03 0.0109
8.9828E-01 8.68200E-04 0.0116
1.1731E+00 7.47000E-04 0.0122
1.3332E+00 6.87267E-04 0.0125
1.8360E+00 5.63133E-04 0.0134

Energy Bin   Relative Error
6.0327E-02 3.10960122941
8.8348E-02 0.41873883101
1.2213E-01 0.309379256679
1.5936E-01 0.157364478017
3.9236E-01 0.0441360206409
5.1404E-01 0.0180412721358
6.6221E-01 0.00949387573206
8.9828E-01 0.00798636485904
1.1731E+00 0.00274143063818
1.3332E+00 0.0189964083096
1.8360E+00 0.00330004191307

Chi Squared Value
10194.004339096673
Average Error
0.37270720085