Energy Bin  Efficiency  Uncertainity
6.0327E-02 2.68587E-03 0.0086
8.8348E-02 2.73853E-03 0.0084
1.2213E-01 2.61153E-03 0.0085
1.5936E-01 2.33640E-03 0.0088
3.9236E-01 1.39167E-03 0.0102
5.1404E-01 1.16320E-03 0.0107
6.6221E-01 9.76600E-04 0.0113
8.9828E-01 8.04467E-04 0.0121
1.1731E+00 6.97467E-04 0.0126
1.3332E+00 6.41000E-04 0.0129
1.8360E+00 5.28533E-04 0.0138

Energy Bin   Relative Error
6.0327E-02 2.5936014475
8.8348E-02 0.270884408215
1.2213E-01 0.184142288301
1.5936E-01 0.047032589808
3.9236E-01 0.0369662225073
5.1404E-01 0.096778117783
6.6221E-01 0.0680596679744
8.9828E-01 0.0808083010586
1.1731E+00 0.0637495884834
1.3332E+00 0.0850378349702
1.8360E+00 0.0583446875739

Chi Squared Value
7031.0791707171375
Average Error
0.325945923107