Energy Bin  Efficiency  Uncertainity
6.0327E-02 2.68587E-03 0.0086
8.8348E-02 2.73880E-03 0.0084
1.2213E-01 2.61000E-03 0.0085
1.5936E-01 2.33607E-03 0.0088
3.9236E-01 1.39180E-03 0.0102
5.1404E-01 1.16360E-03 0.0107
6.6221E-01 9.76400E-04 0.0113
8.9828E-01 8.03867E-04 0.0121
1.1731E+00 6.97267E-04 0.0126
1.3332E+00 6.41333E-04 0.0129
1.8360E+00 5.29200E-04 0.0138

Energy Bin   Relative Error
6.0327E-02 2.5936014475
8.8348E-02 0.271009708573
1.2213E-01 0.183448542603
1.5936E-01 0.046884703849
3.9236E-01 0.0368762626813
5.1404E-01 0.0964675187864
6.6221E-01 0.0682505220256
8.9828E-01 0.081493866805
1.1731E+00 0.0640180600846
1.3332E+00 0.0845625114118
1.8360E+00 0.0571563339737

Chi Squared Value
7030.771968429029
Average Error
0.325797225299