Energy Bin  Efficiency  Uncertainity
6.0327E-02 2.96620E-03 0.0082
8.8348E-02 2.94573E-03 0.0081
1.2213E-01 2.77880E-03 0.0082
1.5936E-01 2.47520E-03 0.0085
3.9236E-01 1.44207E-03 0.0100
5.1404E-01 1.20253E-03 0.0105
6.6221E-01 1.00120E-03 0.0112
8.9828E-01 8.19667E-04 0.0119
1.1731E+00 7.10200E-04 0.0125
1.3332E+00 6.49000E-04 0.0128
1.8360E+00 5.37067E-04 0.0137

Energy Bin   Relative Error
6.0327E-02 2.96867332134
8.8348E-02 0.367040831326
1.2213E-01 0.259987283596
1.5936E-01 0.109234320447
3.9236E-01 0.00208948995893
5.1404E-01 0.0662384714388
6.6221E-01 0.0445846196764
8.9828E-01 0.0634406354814
1.1731E+00 0.0466573439903
1.3332E+00 0.0736186503832
1.8360E+00 0.0431401753935

Chi Squared Value
9253.657989780853
Average Error
0.367700467548