Energy Bin  Efficiency  Uncertainity
6.0327E-02 3.25513E-03 0.0078
8.8348E-02 3.23547E-03 0.0077
1.2213E-01 3.05107E-03 0.0078
1.5936E-01 2.73220E-03 0.0081
3.9236E-01 1.62193E-03 0.0095
5.1404E-01 1.36920E-03 0.0100
6.6221E-01 1.14693E-03 0.0105
8.9828E-01 9.58333E-04 0.0112
1.1731E+00 8.27867E-04 0.0117
1.3332E+00 7.75000E-04 0.0120
1.8360E+00 6.31333E-04 0.0128

Energy Bin   Relative Error
6.0327E-02 3.35525169863
8.8348E-02 0.501502038045
1.2213E-01 0.383442277732
1.5936E-01 0.224406112769
3.9236E-01 0.12237338933
5.1404E-01 0.0631803654844
6.6221E-01 0.0944811847329
8.9828E-01 0.0950004641851
1.1731E+00 0.111293895526
1.3332E+00 0.106233506861
1.8360E+00 0.124807861306

Chi Squared Value
12048.219824991818
Average Error
0.471088435873