Energy Bin  Efficiency  Uncertainity
6.0327E-02 3.08680E-03 0.0080
8.8348E-02 3.07000E-03 0.0079
1.2213E-01 2.90267E-03 0.0080
1.5936E-01 2.59867E-03 0.0083
3.9236E-01 1.56520E-03 0.0097
5.1404E-01 1.32960E-03 0.0102
6.6221E-01 1.12753E-03 0.0107
8.9828E-01 9.37733E-04 0.0114
1.1731E+00 8.20667E-04 0.0119
1.3332E+00 7.66000E-04 0.0122
1.8360E+00 6.27333E-04 0.0130

Energy Bin   Relative Error
6.0327E-02 3.13003196288
8.8348E-02 0.424711481423
1.2213E-01 0.316153479371
1.5936E-01 0.164566076081
3.9236E-01 0.0831163052531
5.1404E-01 0.0324310648175
6.6221E-01 0.0759683417662
8.9828E-01 0.0714627068897
1.1731E+00 0.101628917882
1.3332E+00 0.093386924201
1.8360E+00 0.117681302984

Chi Squared Value
10386.822618434511
Average Error
0.419194414868