Energy Bin  Efficiency  Uncertainity
6.0327E-02 2.81727E-03 0.0084
8.8348E-02 2.82993E-03 0.0083
1.2213E-01 2.68093E-03 0.0084
1.5936E-01 2.39747E-03 0.0087
3.9236E-01 1.41633E-03 0.0101
5.1404E-01 1.18100E-03 0.0106
6.6221E-01 9.88867E-04 0.0112
8.9828E-01 8.11333E-04 0.0120
1.1731E+00 7.04267E-04 0.0125
1.3332E+00 6.46667E-04 0.0129
1.8360E+00 5.34533E-04 0.0138

Energy Bin   Relative Error
6.0327E-02 2.76941011665
8.8348E-02 0.313300899877
1.2213E-01 0.215610230391
1.5936E-01 0.0744004550107
3.9236E-01 0.0199015355104
5.1404E-01 0.0829564624327
6.6221E-01 0.0563536347438
8.9828E-01 0.0729631436998
1.1731E+00 0.0546215540412
1.3332E+00 0.0769487700884
1.8360E+00 0.0476548500906

Chi Squared Value
8026.755271146052
Average Error
0.344011059321