Energy Bin  Efficiency  Uncertainity
6.0327E-02 2.88713E-03 0.0083
8.8348E-02 2.87840E-03 0.0082
1.2213E-01 2.71573E-03 0.0083
1.5936E-01 2.42247E-03 0.0086
3.9236E-01 1.42773E-03 0.0101
5.1404E-01 1.18867E-03 0.0106
6.6221E-01 9.93800E-04 0.0112
8.9828E-01 8.15000E-04 0.0120
1.1731E+00 7.07800E-04 0.0125
1.3332E+00 6.47400E-04 0.0128
1.8360E+00 5.36800E-04 0.0138

Energy Bin   Relative Error
6.0327E-02 2.86288038778
8.8348E-02 0.335794634569
1.2213E-01 0.231389544293
1.5936E-01 0.0856039367541
3.9236E-01 0.0120127507673
5.1404E-01 0.0770007266722
6.6221E-01 0.0516462195709
8.9828E-01 0.0687731943793
1.1731E+00 0.0498790032052
1.3332E+00 0.0759024873006
1.8360E+00 0.0436158731615

Chi Squared Value
8585.58498812197
Average Error
0.354045341677