Energy Bin  Efficiency  Uncertainity
6.0327E-02 3.00027E-03 0.0081
8.8348E-02 2.95813E-03 0.0081
1.2213E-01 2.77987E-03 0.0082
1.5936E-01 2.47820E-03 0.0085
3.9236E-01 1.45127E-03 0.0100
5.1404E-01 1.20367E-03 0.0105
6.6221E-01 1.00547E-03 0.0112
8.9828E-01 8.24867E-04 0.0119
1.1731E+00 7.14267E-04 0.0125
1.3332E+00 6.53867E-04 0.0128
1.8360E+00 5.39867E-04 0.0137

Energy Bin   Relative Error
6.0327E-02 3.01425780655
8.8348E-02 0.3727953663
1.2213E-01 0.260472452156
1.5936E-01 0.110578738256
3.9236E-01 0.00427689772848
5.1404E-01 0.0653532642984
6.6221E-01 0.0405098856832
8.9828E-01 0.0574990656786
1.1731E+00 0.0411979739791
1.3332E+00 0.0666715039601
1.8360E+00 0.038151584568

Chi Squared Value
9534.477695258292
Average Error
0.370160412651