Energy Bin  Efficiency  Uncertainity
6.0327E-02 3.37167E-03 0.0076
8.8348E-02 3.35753E-03 0.0076
1.2213E-01 3.15507E-03 0.0077
1.5936E-01 2.83447E-03 0.0080
3.9236E-01 1.67660E-03 0.0094
5.1404E-01 1.41313E-03 0.0098
6.6221E-01 1.18647E-03 0.0104
8.9828E-01 9.92000E-04 0.0110
1.1731E+00 8.57600E-04 0.0115
1.3332E+00 8.00800E-04 0.0118
1.8360E+00 6.50533E-04 0.0126

Energy Bin   Relative Error
6.0327E-02 3.51117820017
8.8348E-02 0.558147081505
1.2213E-01 0.430598848012
1.5936E-01 0.270237315885
3.9236E-01 0.160204956164
5.1404E-01 0.09729190029
6.6221E-01 0.132213030656
8.9828E-01 0.133468700829
1.1731E+00 0.151206226125
1.3332E+00 0.143060377154
1.8360E+00 0.159015341253

Chi Squared Value
13330.102162536314
Average Error
0.522420179822