Energy Bin  Efficiency  Uncertainity
6.0327E-02 3.13587E-03 0.0079
8.8348E-02 3.11380E-03 0.0079
1.2213E-01 2.94540E-03 0.0080
1.5936E-01 2.62507E-03 0.0083
3.9236E-01 1.49880E-03 0.0098
5.1404E-01 1.24973E-03 0.0103
6.6221E-01 1.04513E-03 0.0110
8.9828E-01 8.66000E-04 0.0116
1.1731E+00 7.43867E-04 0.0122
1.3332E+00 6.82333E-04 0.0126
1.8360E+00 5.59533E-04 0.0135

Energy Bin   Relative Error
6.0327E-02 3.19568593088
8.8348E-02 0.445037983991
1.2213E-01 0.335528481756
1.5936E-01 0.176396952802
3.9236E-01 0.0371675941179
5.1404E-01 0.0295877898358
6.6221E-01 0.00266352732958
8.9828E-01 0.0105001059294
1.1731E+00 0.00146417699527
1.3332E+00 0.0260391904036
1.8360E+00 0.0031138605769

Chi Squared Value
0.10057198153792042
Average Error
0.387562326783