Energy Bin  Efficiency  Uncertainity
6.0327E-02 2.92320E-03 0.0082
8.8348E-02 2.97907E-03 0.0081
1.2213E-01 2.82287E-03 0.0081
1.5936E-01 2.52300E-03 0.0084
3.9236E-01 1.45567E-03 0.0099
5.1404E-01 1.21780E-03 0.0104
6.6221E-01 1.01840E-03 0.0111
8.9828E-01 8.48467E-04 0.0117
1.1731E+00 7.27800E-04 0.0123
1.3332E+00 6.71267E-04 0.0127
1.8360E+00 5.49333E-04 0.0136

Energy Bin   Relative Error
6.0327E-02 2.91114080403
8.8348E-02 0.382513105199
1.2213E-01 0.279969880252
1.5936E-01 0.130655377541
3.9236E-01 0.00732169183985
5.1404E-01 0.0543813547422
6.6221E-01 0.0281711712729
8.9828E-01 0.0305334796508
1.1731E+00 0.023031843081
1.3332E+00 0.0418347774835
1.8360E+00 0.0212865842985

Chi Squared Value
0.0824124640383717
Average Error
0.3555309154