Energy Bin  Efficiency  Uncertainity
6.0327E-02 3.13587E-03 0.0079
8.8348E-02 3.11313E-03 0.0079
1.2213E-01 2.94400E-03 0.0080
1.5936E-01 2.62307E-03 0.0083
3.9236E-01 1.49487E-03 0.0098
5.1404E-01 1.24620E-03 0.0103
6.6221E-01 1.04120E-03 0.0110
8.9828E-01 8.61000E-04 0.0116
1.1731E+00 7.40533E-04 0.0122
1.3332E+00 6.78933E-04 0.0126
1.8360E+00 5.54533E-04 0.0136

Energy Bin   Relative Error
6.0327E-02 3.19568593088
8.8348E-02 0.444727053473
1.2213E-01 0.334893681772
1.5936E-01 0.175500674263
3.9236E-01 0.0344480393775
5.1404E-01 0.0323288259811
6.6221E-01 0.00641380943573
8.9828E-01 0.0162131538167
1.1731E+00 0.00593959858797
1.3332E+00 0.0308923438531
1.8360E+00 0.0120220584796

Chi Squared Value
0.10054992264097395
Average Error
0.389915015447