Energy Bin  Efficiency  Uncertainity
6.0327E-02 3.16060E-03 0.0079
8.8348E-02 3.13020E-03 0.0079
1.2213E-01 2.95853E-03 0.0080
1.5936E-01 2.63353E-03 0.0082
3.9236E-01 1.50073E-03 0.0098
5.1404E-01 1.24833E-03 0.0103
6.6221E-01 1.04440E-03 0.0110
8.9828E-01 8.62267E-04 0.0116
1.1731E+00 7.41733E-04 0.0122
1.3332E+00 6.80267E-04 0.0126
1.8360E+00 5.55200E-04 0.0136

Energy Bin   Relative Error
6.0327E-02 3.22877381816
8.8348E-02 0.45264882057
1.2213E-01 0.341481998754
1.5936E-01 0.180188211024
3.9236E-01 0.0385031515349
5.1404E-01 0.030674886324
6.6221E-01 0.00336014461648
8.9828E-01 0.014765467482
1.1731E+00 0.00432876898052
1.3332E+00 0.0289881948232
1.8360E+00 0.0108337048794

Chi Squared Value
0.10280422658705285
Average Error
0.394049742468