Energy Bin  Efficiency  Uncertainity
6.0327E-02 3.99980E-03 0.0070
8.8348E-02 3.94667E-03 0.0070
1.2213E-01 3.70627E-03 0.0071
1.5936E-01 3.31353E-03 0.0073
3.9236E-01 1.89360E-03 0.0088
5.1404E-01 1.58973E-03 0.0092
6.6221E-01 1.34433E-03 0.0098
8.9828E-01 1.12567E-03 0.0103
1.1731E+00 9.68000E-04 0.0109
1.3332E+00 9.06467E-04 0.0112
1.8360E+00 7.39267E-04 0.0119

Energy Bin   Relative Error
6.0327E-02 4.35159448138
8.8348E-02 0.831552463318
1.2213E-01 0.680528670496
1.5936E-01 0.484922914444
3.9236E-01 0.310368665747
5.1404E-01 0.234421357305
6.6221E-01 0.282854133271
8.9828E-01 0.286201323047
1.1731E+00 0.29940255001
1.3332E+00 0.293889249373
1.8360E+00 0.317107347793

Chi Squared Value
0.21286147823683524
Average Error
0.761167559653