Energy Bin  Efficiency  Uncertainity
6.0327E-02 2.96880E-03 0.0081
8.8348E-02 3.00847E-03 0.0080
1.2213E-01 2.84973E-03 0.0081
1.5936E-01 2.54080E-03 0.0084
3.9236E-01 1.46627E-03 0.0099
5.1404E-01 1.22387E-03 0.0104
6.6221E-01 1.02447E-03 0.0111
8.9828E-01 8.51400E-04 0.0117
1.1731E+00 7.30333E-04 0.0123
1.3332E+00 6.73533E-04 0.0127
1.8360E+00 5.50000E-04 0.0136

Energy Bin   Relative Error
6.0327E-02 2.97215203168
8.8348E-02 0.396156921992
1.2213E-01 0.292148971384
1.5936E-01 0.138632256542
3.9236E-01 0.0146568776536
5.1404E-01 0.0496680149683
6.6221E-01 0.0223787508189
8.9828E-01 0.0271822057602
1.1731E+00 0.0196316502513
1.3332E+00 0.0386002934493
1.8360E+00 0.0200982306983

Chi Squared Value
0.08613412991687909
Average Error
0.362846018655