Energy Bin  Efficiency  Uncertainity
6.0327E-02 3.98293E-03 0.0070
8.8348E-02 3.92940E-03 0.0070
1.2213E-01 3.69000E-03 0.0071
1.5936E-01 3.29807E-03 0.0074
3.9236E-01 1.88680E-03 0.0088
5.1404E-01 1.58620E-03 0.0092
6.6221E-01 1.33793E-03 0.0098
8.9828E-01 1.12100E-03 0.0103
1.1731E+00 9.62733E-04 0.0109
1.3332E+00 9.00733E-04 0.0112
1.8360E+00 7.37467E-04 0.0119

Energy Bin   Relative Error
6.0327E-02 4.32902300308
8.8348E-02 0.823537881141
1.2213E-01 0.673151387818
1.5936E-01 0.477994681334
3.9236E-01 0.305663074848
5.1404E-01 0.231680321159
6.6221E-01 0.276746803632
8.9828E-01 0.28086533632
1.1731E+00 0.292332350392
1.3332E+00 0.28570454882
1.8360E+00 0.313900396548

Chi Squared Value
0.21008256164867412
Average Error
0.753690889554