Energy Bin  Efficiency  Uncertainity
6.0327E-02 3.14633E-03 0.0079
8.8348E-02 3.12187E-03 0.0079
1.2213E-01 2.95107E-03 0.0080
1.5936E-01 2.62947E-03 0.0083
3.9236E-01 1.49787E-03 0.0098
5.1404E-01 1.24807E-03 0.0103
6.6221E-01 1.04200E-03 0.0110
8.9828E-01 8.61800E-04 0.0116
1.1731E+00 7.41467E-04 0.0122
1.3332E+00 6.79067E-04 0.0126
1.8360E+00 5.54800E-04 0.0136

Energy Bin   Relative Error
6.0327E-02 3.2096810502
8.8348E-02 0.448783072478
1.2213E-01 0.338099421693
1.5936E-01 0.178368765589
3.9236E-01 0.0365240353625
5.1404E-01 0.0308767756718
6.6221E-01 0.00565039323092
8.9828E-01 0.0152990661547
1.1731E+00 0.00468583621017
1.3332E+00 0.0307010725112
1.8360E+00 0.0115463607116

Chi Squared Value
0.10153233423635852
Average Error
0.391837804529