Energy Bin  Efficiency  Uncertainity
6.0327E-02 3.17907E-03 0.0079
8.8348E-02 3.15393E-03 0.0078
1.2213E-01 2.98367E-03 0.0079
1.5936E-01 2.65620E-03 0.0082
3.9236E-01 1.50533E-03 0.0098
5.1404E-01 1.25560E-03 0.0102
6.6221E-01 1.04780E-03 0.0110
8.9828E-01 8.65867E-04 0.0116
1.1731E+00 7.44867E-04 0.0121
1.3332E+00 6.81733E-04 0.0126
1.8360E+00 5.56933E-04 0.0135

Energy Bin   Relative Error
6.0327E-02 3.25348604128
8.8348E-02 0.463661329838
1.2213E-01 0.352881192762
1.5936E-01 0.190347528269
3.9236E-01 0.0416863453786
5.1404E-01 0.0250297495601
6.6221E-01 0.000115625746021
8.9828E-01 0.0106520730032
1.1731E+00 0.000121818989063
1.3332E+00 0.0268956292476
1.8360E+00 0.00774612348633

Chi Squared Value
0.10480894923742247
Average Error
0.397511223415