Energy Bin  Efficiency  Uncertainity
6.0327E-02 3.58240E-03 0.0074
8.8348E-02 3.54340E-03 0.0074
1.2213E-01 3.34313E-03 0.0075
1.5936E-01 2.98020E-03 0.0078
3.9236E-01 1.72240E-03 0.0092
5.1404E-01 1.44860E-03 0.0097
6.6221E-01 1.22440E-03 0.0103
8.9828E-01 1.01613E-03 0.0109
1.1731E+00 8.81533E-04 0.0114
1.3332E+00 8.20467E-04 0.0117
1.8360E+00 6.67533E-04 0.0125

Energy Bin   Relative Error
6.0327E-02 3.79312767391
8.8348E-02 0.64440477631
1.2213E-01 0.515870623078
1.5936E-01 0.335544651663
3.9236E-01 0.191898494868
5.1404E-01 0.124834266317
6.6221E-01 0.168408501466
8.9828E-01 0.161039869933
1.1731E+00 0.183332880288
1.3332E+00 0.171133015063
1.8360E+00 0.189303214122

Chi Squared Value
0.1521339990749967
Average Error
0.588990724274