Energy Bin  Efficiency  Uncertainity
6.0327E-02 3.20933E-03 0.0078
8.8348E-02 3.16300E-03 0.0078
1.2213E-01 2.98327E-03 0.0079
1.5936E-01 2.65527E-03 0.0082
3.9236E-01 1.51020E-03 0.0097
5.1404E-01 1.25373E-03 0.0103
6.6221E-01 1.05127E-03 0.0110
8.9828E-01 8.65867E-04 0.0116
1.1731E+00 7.44533E-04 0.0121
1.3332E+00 6.82333E-04 0.0126
1.8360E+00 5.56933E-04 0.0136

Energy Bin   Relative Error
6.0327E-02 3.29397287788
8.8348E-02 0.467870493726
1.2213E-01 0.352699821338
1.5936E-01 0.189930758748
3.9236E-01 0.045056378861
5.1404E-01 0.0264817998694
6.6221E-01 0.00319569204236
8.9828E-01 0.0106520730032
1.1731E+00 0.000570166563137
1.3332E+00 0.0260391904036
1.8360E+00 0.00774612348633

Chi Squared Value
0.10728619480998565
Average Error
0.402201397811