Energy Bin  Efficiency  Uncertainity
6.0327E-02 3.17113E-03 0.0079
8.8348E-02 3.14647E-03 0.0078
1.2213E-01 2.97467E-03 0.0079
1.5936E-01 2.65093E-03 0.0082
3.9236E-01 1.50333E-03 0.0098
5.1404E-01 1.25313E-03 0.0103
6.6221E-01 1.04660E-03 0.0110
8.9828E-01 8.65000E-04 0.0116
1.1731E+00 7.44200E-04 0.0122
1.3332E+00 6.81133E-04 0.0126
1.8360E+00 5.56400E-04 0.0136

Energy Bin   Relative Error
6.0327E-02 3.24286259507
8.8348E-02 0.460199327346
1.2213E-01 0.348800335719
1.5936E-01 0.187985834318
3.9236E-01 0.0403023480553
5.1404E-01 0.0269476983644
6.6221E-01 0.00126075005324
8.9828E-01 0.0116427155069
1.1731E+00 0.0010171717792
1.3332E+00 0.0277520680916
1.8360E+00 0.00869573738276

Chi Squared Value
0.10400789812614424
Average Error
0.396133325607