Energy Bin  Efficiency  Uncertainity
6.0327E-02 3.36087E-03 0.0076
8.8348E-02 3.27193E-03 0.0077
1.2213E-01 3.06140E-03 0.0078
1.5936E-01 2.72193E-03 0.0081
3.9236E-01 1.53693E-03 0.0096
5.1404E-01 1.27140E-03 0.0102
6.6221E-01 1.06507E-03 0.0109
8.9828E-01 8.76133E-04 0.0115
1.1731E+00 7.51267E-04 0.0121
1.3332E+00 6.88933E-04 0.0125
1.8360E+00 5.60400E-04 0.0135

Energy Bin   Relative Error
6.0327E-02 3.49672817257
8.8348E-02 0.51842222717
1.2213E-01 0.388126194761
1.5936E-01 0.219803722469
3.9236E-01 0.0635535030875
5.1404E-01 0.012761089193
6.6221E-01 0.0163646215754
8.9828E-01 0.00107795691886
1.1731E+00 0.00846927225067
1.3332E+00 0.0166183631194
1.8360E+00 0.00156917906057

Chi Squared Value
0.12197196355092887
Average Error
0.431226754743