Energy Bin  Efficiency  Uncertainity
6.0327E-02 1.31221E-02 0.0038
8.8348E-02 1.32856E-02 0.0038
1.2213E-01 1.26919E-02 0.0038
1.5936E-01 1.13710E-02 0.0039
3.9236E-01 6.48320E-03 0.0047
5.1404E-01 5.42473E-03 0.0049
6.6221E-01 4.64160E-03 0.0052
8.9828E-01 3.82307E-03 0.0055
1.1731E+00 3.27900E-03 0.0058
1.3332E+00 3.06647E-03 0.0059
1.8360E+00 2.49607E-03 0.0063

Energy Bin   Relative Error
6.0327E-02 5.51417547379
8.8348E-02 0.713350340891
1.2213E-01 0.36305635548
1.5936E-01 0.213915420081
3.9236E-01 0.0177898723862
5.1404E-01 0.0317041597415
6.6221E-01 0.0350985510037
8.9828E-01 0.0895329237437
1.1731E+00 0.0873344930483
1.3332E+00 0.0779602516504
1.8360E+00 0.0857228405582

Chi Squared Value
0.7364561737960765
Average Error
0.657240062034