Energy Bin  Efficiency  Uncertainity
6.0327E-02 1.70532E-02 0.0034
8.8348E-02 1.71341E-02 0.0033
1.2213E-01 1.61515E-02 0.0034
1.5936E-01 1.43512E-02 0.0035
3.9236E-01 8.16547E-03 0.0041
5.1404E-01 6.82993E-03 0.0044
6.6221E-01 5.89460E-03 0.0046
8.9828E-01 4.91780E-03 0.0049
1.1731E+00 4.23593E-03 0.0051
1.3332E+00 3.96587E-03 0.0053
1.8360E+00 3.29827E-03 0.0056

Energy Bin   Relative Error
6.0327E-02 7.46568287009
8.8348E-02 1.2096643039
1.2213E-01 0.734602756525
1.5936E-01 0.532067802011
3.9236E-01 0.281887442817
5.1404E-01 0.219119257227
6.6221E-01 0.225376611783
8.9828E-01 0.401518939592
1.1731E+00 0.40465776125
1.3332E+00 0.394127522269
1.8360E+00 0.434658111883

Chi Squared Value
1.4767871126027314
Average Error
1.11848757994