Energy Bin  Efficiency  Uncertainity
6.0327E-02 1.83209E-02 0.0032
8.8348E-02 1.83937E-02 0.0032
1.2213E-01 1.72325E-02 0.0032
1.5936E-01 1.52668E-02 0.0034
3.9236E-01 8.61347E-03 0.0040
5.1404E-01 7.22173E-03 0.0043
6.6221E-01 6.22227E-03 0.0045
8.9828E-01 5.20120E-03 0.0047
1.1731E+00 4.47240E-03 0.0050
1.3332E+00 4.17933E-03 0.0051
1.8360E+00 3.48207E-03 0.0055

Energy Bin   Relative Error
6.0327E-02 8.09500441527
8.8348E-02 1.37210605206
1.2213E-01 0.850697582381
1.5936E-01 0.629813027464
3.9236E-01 0.352218431038
5.1404E-01 0.289054223615
6.6221E-01 0.293493049605
8.9828E-01 0.482284824232
1.1731E+00 0.483072518057
1.3332E+00 0.469165398171
1.8360E+00 0.514606133411

Chi Squared Value
1.7762968025323287
Average Error
1.25741051412