Energy Bin  Efficiency  Uncertainity
6.0327E-02 1.33078E-02 0.0038
8.8348E-02 1.34523E-02 0.0038
1.2213E-01 1.28337E-02 0.0038
1.5936E-01 1.14949E-02 0.0039
3.9236E-01 6.52653E-03 0.0046
5.1404E-01 5.45640E-03 0.0049
6.6221E-01 4.67020E-03 0.0051
8.9828E-01 3.84393E-03 0.0055
1.1731E+00 3.29333E-03 0.0058
1.3332E+00 3.07720E-03 0.0059
1.8360E+00 2.50347E-03 0.0063

Energy Bin   Relative Error
6.0327E-02 5.60636211963
8.8348E-02 0.734848466819
1.2213E-01 0.378285075468
1.5936E-01 0.227142411599
3.9236E-01 0.0245921976531
5.1404E-01 0.0260511725401
6.6221E-01 0.0291531482457
8.9828E-01 0.0954777944338
1.1731E+00 0.0920864001191
1.3332E+00 0.0817321827308
1.8360E+00 0.0889416401191

Chi Squared Value
0.7636687877925298
Average Error
0.671333873578