Energy Bin  Efficiency  Uncertainity
6.0327E-02 1.44493E-02 0.0037
8.8348E-02 1.45777E-02 0.0036
1.2213E-01 1.38897E-02 0.0036
1.5936E-01 1.24347E-02 0.0038
3.9236E-01 7.09933E-03 0.0044
5.1404E-01 5.95080E-03 0.0047
6.6221E-01 5.10907E-03 0.0049
8.9828E-01 4.21093E-03 0.0052
1.1731E+00 3.61420E-03 0.0055
1.3332E+00 3.38060E-03 0.0057
1.8360E+00 2.75800E-03 0.0061

Energy Bin   Relative Error
6.0327E-02 6.17303447416
8.8348E-02 0.87998338535
1.2213E-01 0.491695007108
1.5936E-01 0.327471117235
3.9236E-01 0.114515389735
5.1404E-01 0.062197544617
6.6221E-01 0.0620796807186
8.9828E-01 0.200068760075
1.1731E+00 0.198488662633
1.3332E+00 0.188386785695
1.8360E+00 0.199655295829

Chi Squared Value
0.9525668694568692
Average Error
0.808870554832