Energy Bin  Efficiency  Uncertainity
6.0327E-02 1.15429E-02 0.0041
8.8348E-02 1.21120E-02 0.0040
1.2213E-01 1.17038E-02 0.0040
1.5936E-01 1.05711E-02 0.0041
3.9236E-01 6.16573E-03 0.0048
5.1404E-01 5.19087E-03 0.0050
6.6221E-01 4.45673E-03 0.0053
8.9828E-01 3.68873E-03 0.0056
1.1731E+00 3.18340E-03 0.0059
1.3332E+00 2.97400E-03 0.0060
1.8360E+00 2.43427E-03 0.0064

Energy Bin   Relative Error
6.0327E-02 4.73021666321
8.8348E-02 0.561999407544
1.2213E-01 0.256938596528
1.5936E-01 0.128521792034
3.9236E-01 0.0320493660742
5.1404E-01 0.0734473737268
6.6221E-01 0.0735295512786
8.9828E-01 0.0512475005169
1.1731E+00 0.0556330055413
1.3332E+00 0.045454150345
1.8360E+00 0.058841514495

Chi Squared Value
0.5322416838532124
Average Error
0.551625356482