Energy Bin  Efficiency  Uncertainity
6.0327E-02 1.90333E-02 0.0032
8.8348E-02 1.91014E-02 0.0031
1.2213E-01 1.78225E-02 0.0032
1.5936E-01 1.57577E-02 0.0033
3.9236E-01 8.85867E-03 0.0040
5.1404E-01 7.42300E-03 0.0042
6.6221E-01 6.39420E-03 0.0044
8.9828E-01 5.35300E-03 0.0047
1.1731E+00 4.59807E-03 0.0049
1.3332E+00 4.30160E-03 0.0050
1.8360E+00 3.58000E-03 0.0054

Energy Bin   Relative Error
6.0327E-02 8.44865959299
8.8348E-02 1.46337314096
1.2213E-01 0.914061085854
1.5936E-01 0.682219243251
3.9236E-01 0.390712087983
5.1404E-01 0.32498023353
6.6221E-01 0.329234066954
8.9828E-01 0.525546155524
1.1731E+00 0.524745383486
1.3332E+00 0.512147132859
1.8360E+00 0.557203030844

Chi Squared Value
1.9566425334271083
Average Error
1.33389828675