Energy Bin  Efficiency  Uncertainity
6.0327E-02 1.29447E-02 0.0039
8.8348E-02 1.31240E-02 0.0038
1.2213E-01 1.25425E-02 0.0038
1.5936E-01 1.12518E-02 0.0040
3.9236E-01 6.43473E-03 0.0047
5.1404E-01 5.38767E-03 0.0049
6.6221E-01 4.61740E-03 0.0052
8.9828E-01 3.80420E-03 0.0055
1.1731E+00 3.26353E-03 0.0058
1.3332E+00 3.05467E-03 0.0059
1.8360E+00 2.48593E-03 0.0064

Energy Bin   Relative Error
6.0327E-02 5.42610917883
8.8348E-02 0.692509926074
1.2213E-01 0.347011427652
1.5936E-01 0.201190178847
3.9236E-01 0.0101806246205
5.1404E-01 0.0383192435963
6.6221E-01 0.0401292764142
8.9828E-01 0.0841551811779
1.1731E+00 0.082204555687
1.3332E+00 0.0738121820559
1.8360E+00 0.0813122152138

Chi Squared Value
0.710827457564793
Average Error
0.64335763547