Energy Bin  Efficiency  Uncertainity
6.0327E-02 1.40609E-02 0.0037
8.8348E-02 1.41887E-02 0.0037
1.2213E-01 1.35221E-02 0.0037
1.5936E-01 1.21066E-02 0.0038
3.9236E-01 6.93193E-03 0.0045
5.1404E-01 5.81833E-03 0.0048
6.6221E-01 5.00987E-03 0.0050
8.9828E-01 4.14007E-03 0.0053
1.1731E+00 3.56080E-03 0.0056
1.3332E+00 3.32420E-03 0.0057
1.8360E+00 2.72280E-03 0.0061

Energy Bin   Relative Error
6.0327E-02 5.98022190955
8.8348E-02 0.829816792753
1.2213E-01 0.452216322571
1.5936E-01 0.292444677227
3.9236E-01 0.0882354624399
5.1404E-01 0.0385521005195
6.6221E-01 0.0414578641596
8.9828E-01 0.179874439025
1.1731E+00 0.18078092798
1.3332E+00 0.168560419158
1.8360E+00 0.184344249269

Chi Squared Value
0.8857507208726929
Average Error
0.766955014969