Energy Bin  Efficiency  Uncertainity
6.0327E-02 1.40613E-02 0.0037
8.8348E-02 1.41887E-02 0.0037
1.2213E-01 1.35221E-02 0.0037
1.5936E-01 1.21061E-02 0.0038
3.9236E-01 6.91253E-03 0.0045
5.1404E-01 5.79753E-03 0.0048
6.6221E-01 4.98267E-03 0.0050
8.9828E-01 4.11147E-03 0.0053
1.1731E+00 3.53173E-03 0.0056
1.3332E+00 3.29480E-03 0.0057
1.8360E+00 2.69380E-03 0.0061

Energy Bin   Relative Error
6.0327E-02 5.98042048068
8.8348E-02 0.829816792753
1.2213E-01 0.452216322571
1.5936E-01 0.292391299538
3.9236E-01 0.0851898794678
5.1404E-01 0.0348393713188
6.6221E-01 0.0358034951031
8.9828E-01 0.171723753419
1.1731E+00 0.171141155576
1.3332E+00 0.158225398304
1.8360E+00 0.171730034773

Chi Squared Value
0.8852807964199488
Average Error
0.762136180319