Energy Bin  Efficiency  Uncertainity
6.0327E-02 1.15408E-02 0.0041
8.8348E-02 1.21121E-02 0.0040
1.2213E-01 1.17035E-02 0.0040
1.5936E-01 1.05709E-02 0.0041
3.9236E-01 6.16667E-03 0.0048
5.1404E-01 5.19007E-03 0.0050
6.6221E-01 4.45687E-03 0.0053
8.9828E-01 3.68820E-03 0.0056
1.1731E+00 3.18213E-03 0.0059
1.3332E+00 2.97387E-03 0.0060
1.8360E+00 2.43380E-03 0.0064

Energy Bin   Relative Error
6.0327E-02 4.7291741648
8.8348E-02 0.56201230384
1.2213E-01 0.256906377797
1.5936E-01 0.128500440958
3.9236E-01 0.03190179659
5.1404E-01 0.0735901710038
6.6221E-01 0.0735004479084
8.9828E-01 0.0510964563431
1.1731E+00 0.0552118665336
1.3332E+00 0.0454084512732
1.8360E+00 0.0586370772256

Chi Squared Value
0.5320196709838422
Average Error
0.551449050388