Energy Bin  Efficiency  Uncertainity
6.0327E-02 1.86669E-02 0.0032
8.8348E-02 1.87289E-02 0.0032
1.2213E-01 1.75213E-02 0.0032
1.5936E-01 1.55113E-02 0.0033
3.9236E-01 8.73833E-03 0.0040
5.1404E-01 7.32527E-03 0.0042
6.6221E-01 6.31113E-03 0.0044
8.9828E-01 5.27540E-03 0.0047
1.1731E+00 4.53260E-03 0.0050
1.3332E+00 4.24033E-03 0.0051
1.8360E+00 3.53107E-03 0.0054

Energy Bin   Relative Error
6.0327E-02 8.26676844039
8.8348E-02 1.41533443725
1.2213E-01 0.881713480352
1.5936E-01 0.655914717747
3.9236E-01 0.371820054228
5.1404E-01 0.307535761185
6.6221E-01 0.311965374398
8.9828E-01 0.503431008566
1.1731E+00 0.503035170232
1.3332E+00 0.490608808787
1.8360E+00 0.535919806179

Chi Squared Value
1.862742562062591
Average Error
1.29491336903