Energy Bin  Efficiency  Uncertainity
6.0327E-02 1.28221E-02 0.0039
8.8348E-02 1.30148E-02 0.0038
1.2213E-01 1.24424E-02 0.0038
1.5936E-01 1.11744E-02 0.0040
3.9236E-01 6.40160E-03 0.0047
5.1404E-01 5.36113E-03 0.0049
6.6221E-01 4.59793E-03 0.0052
8.9828E-01 3.78920E-03 0.0055
1.1731E+00 3.25520E-03 0.0058
1.3332E+00 3.04580E-03 0.0059
1.8360E+00 2.48073E-03 0.0064

Energy Bin   Relative Error
6.0327E-02 5.36524712831
8.8348E-02 0.678427170517
1.2213E-01 0.336261111215
1.5936E-01 0.192927312475
3.9236E-01 0.00497958524612
5.1404E-01 0.0430565432593
6.6221E-01 0.0441767236764
8.9828E-01 0.0798803460699
1.1731E+00 0.0794422817233
1.3332E+00 0.0706940992336
1.8360E+00 0.0790503560629

Chi Squared Value
0.6935106998332227
Average Error
0.63401296889