Energy Bin  Efficiency  Uncertainity
6.0327E-02 1.28229E-02 0.0039
8.8348E-02 1.30172E-02 0.0038
1.2213E-01 1.24467E-02 0.0038
1.5936E-01 1.11841E-02 0.0040
3.9236E-01 6.41960E-03 0.0047
5.1404E-01 5.37927E-03 0.0049
6.6221E-01 4.61987E-03 0.0052
8.9828E-01 3.81133E-03 0.0055
1.1731E+00 3.27527E-03 0.0058
1.3332E+00 3.06620E-03 0.0059
1.8360E+00 2.49653E-03 0.0064

Energy Bin   Relative Error
6.0327E-02 5.36564427057
8.8348E-02 0.678736681628
1.2213E-01 0.33672291302
1.5936E-01 0.193962839656
3.9236E-01 0.00780538387996
5.1404E-01 0.0398186150043
6.6221E-01 0.0396158098124
8.9828E-01 0.0861871527992
1.1731E+00 0.0860976044667
1.3332E+00 0.0778653381936
1.8360E+00 0.0859229280985

Chi Squared Value
0.6938188272980528
Average Error
0.636216321557