Energy Bin  Efficiency  Uncertainity
6.0327E-02 1.35106E-02 0.0038
8.8348E-02 1.36396E-02 0.0037
1.2213E-01 1.30065E-02 0.0038
1.5936E-01 1.16473E-02 0.0039
3.9236E-01 6.61000E-03 0.0046
5.1404E-01 5.52893E-03 0.0049
6.6221E-01 4.73453E-03 0.0051
8.9828E-01 3.90287E-03 0.0054
1.1731E+00 3.34440E-03 0.0057
1.3332E+00 3.12293E-03 0.0059
1.8360E+00 2.54513E-03 0.0063

Energy Bin   Relative Error
6.0327E-02 5.70703768117
8.8348E-02 0.759003229784
1.2213E-01 0.396843064282
1.5936E-01 0.243411931432
3.9236E-01 0.0376960538735
5.1404E-01 0.0131048144183
6.6221E-01 0.0157801496646
8.9828E-01 0.112275046518
1.1731E+00 0.109021493916
1.3332E+00 0.0978077100662
1.8360E+00 0.107062611702

Chi Squared Value
0.7946686645398456
Average Error
0.690822162439