Energy Bin  Efficiency  Uncertainity
6.0327E-02 1.73333E-02 0.1056
8.8348E-02 1.64000E-02 0.1077
1.2213E-01 1.74000E-02 0.1030
1.5936E-01 2.08000E-02 0.0934
3.9236E-01 8.53333E-03 0.1271
5.1404E-01 7.93333E-03 0.1441
6.6221E-01 7.00000E-03 0.1356
8.9828E-01 5.46667E-03 0.1526
1.1731E+00 4.93333E-03 0.1522
1.3332E+00 4.06667E-03 0.1557
1.8360E+00 3.33333E-03 0.1667

Energy Bin   Relative Error
6.0327E-02 4.94728510773
8.8348E-02 0.387739686549
1.2213E-01 0.155349915567
1.5936E-01 0.370680383282
3.9236E-01 0.183704360307
5.1404E-01 0.115070737436
6.6221E-01 0.0882896503781
8.9828E-01 0.0853631832293
1.1731E+00 0.178009352286
1.3332E+00 0.0336772185396
1.8360E+00 0.0744425873581

Chi Squared Value
25717.4414694785
Average Error
0.601782925697