Energy Bin  Efficiency  Uncertainity
6.0327E-02 1.96667E-02 0.0994
8.8348E-02 1.80667E-02 0.1025
1.2213E-01 1.92667E-02 0.0978
1.5936E-01 2.27333E-02 0.0885
3.9236E-01 9.60000E-03 0.1194
5.1404E-01 9.00000E-03 0.1247
6.6221E-01 7.73333E-03 0.1259
8.9828E-01 6.46667E-03 0.1433
1.1731E+00 5.46667E-03 0.1426
1.3332E+00 4.33333E-03 0.1493
1.8360E+00 3.93333E-03 0.1481

Energy Bin   Relative Error
6.0327E-02 5.74790559376
8.8348E-02 0.528772963108
1.2213E-01 0.279297713693
1.5936E-01 0.498081171022
3.9236E-01 0.0816670466216
5.1404E-01 0.00391177009863
6.6221E-01 0.00722242829167
8.9828E-01 0.28390510788
1.1731E+00 0.30536339265
1.3332E+00 0.10145758112
1.8360E+00 0.267842446482

Chi Squared Value
35031.909468186714
Average Error
0.73685701952