Energy Bin  Efficiency  Uncertainity
6.0327E-02 2.32667E-02 0.0909
8.8348E-02 2.30667E-02 0.0906
1.2213E-01 2.36667E-02 0.0886
1.5936E-01 2.54000E-02 0.0835
3.9236E-01 1.18667E-02 0.1083
5.1404E-01 1.08667E-02 0.1134
6.6221E-01 9.60000E-03 0.1128
8.9828E-01 7.73333E-03 0.1271
1.1731E+00 6.93333E-03 0.1268
1.3332E+00 5.86667E-03 0.1337
1.8360E+00 5.06667E-03 0.1398

Energy Bin   Relative Error
6.0327E-02 6.98311333769
8.8348E-02 0.951864330958
1.2213E-01 0.571455163606
1.5936E-01 0.673811621892
3.9236E-01 0.135164756027
5.1404E-01 0.212134225792
6.6221E-01 0.250345622339
8.9828E-01 0.535390222158
1.1731E+00 0.655581034005
1.3332E+00 0.491206104181
1.8360E+00 0.633155440382

Chi Squared Value
53652.02966130132
Average Error
1.09938380537