Energy Bin  Efficiency  Uncertainity
6.0327E-02 1.55333E-02 0.1121
8.8348E-02 1.52667E-02 0.1117
1.2213E-01 1.60667E-02 0.1074
1.5936E-01 1.94000E-02 0.0965
3.9236E-01 7.80000E-03 0.1308
5.1404E-01 6.93333E-03 0.1532
6.6221E-01 6.46667E-03 0.1433
8.9828E-01 5.00000E-03 0.1610
1.1731E+00 4.26667E-03 0.1648
1.3332E+00 3.80000E-03 0.1611
1.8360E+00 3.20000E-03 0.1712

Energy Bin   Relative Error
6.0327E-02 4.32968123577
8.8348E-02 0.291841797112
1.2213E-01 0.066819568301
1.5936E-01 0.278423049792
3.9236E-01 0.25385447538
5.1404E-01 0.226616489669
6.6221E-01 0.157752861916
8.9828E-01 0.00729037674737
1.1731E+00 0.018820383619
1.3332E+00 0.0341056858682
1.8360E+00 0.0314659153297

Chi Squared Value
19694.353495233132
Average Error
0.517879258137