Energy Bin  Efficiency  Uncertainity
6.0327E-02 1.72000E-02 0.1062
8.8348E-02 1.64000E-02 0.1077
1.2213E-01 1.74000E-02 0.1030
1.5936E-01 2.08000E-02 0.0934
3.9236E-01 8.40000E-03 0.1272
5.1404E-01 7.40000E-03 0.1374
6.6221E-01 6.53333E-03 0.1354
8.9828E-01 5.20000E-03 0.1564
1.1731E+00 4.73333E-03 0.1568
1.3332E+00 3.66667E-03 0.1589
1.8360E+00 3.26667E-03 0.1664

Energy Bin   Relative Error
6.0327E-02 4.90154810988
8.8348E-02 0.387739686549
1.2213E-01 0.155349915567
1.5936E-01 0.370680383282
3.9236E-01 0.196458665794
5.1404E-01 0.174561433474
6.6221E-01 0.149070774501
8.9828E-01 0.0324180081827
1.1731E+00 0.130252184114
1.3332E+00 0.0679958671585
1.8360E+00 0.0529558630094

Chi Squared Value
25268.776153835224
Average Error
0.601730081047