Energy Bin    Value   Uncertainity
6.0327E-02 2.60133E-02 0.0061
8.8348E-02 2.70360E-02 0.0059
1.2213E-01 2.61407E-02 0.0059
1.5936E-01 2.41600E-02 0.0061
3.2020E-01 1.56413E-02 0.0069
3.9236E-01 1.36447E-02 0.0073
5.1404E-01 1.13800E-02 0.0077
6.6221E-01 9.62933E-03 0.0081
8.9828E-01 7.91733E-03 0.0087
1.1731E+00 6.87733E-03 0.0091
1.3332E+00 6.07067E-03 0.0095
1.8360E+00 5.14100E-03 0.0101

Energy Bin   Relative Error
6.0327E-02 7.92550822365
8.8348E-02 1.28773964424
1.2213E-01 0.735727329762
1.5936E-01 0.592097983658
3.2020E-01 0.625626192551
3.9236E-01 0.305247671767
5.1404E-01 0.269390660414
6.6221E-01 0.254165688704
8.9828E-01 0.571921936293
1.1731E+00 0.642209026917
1.3332E+00 0.543059377887
1.8360E+00 0.657114459597

Average Error
1.20081734962