Energy Bin  Efficiency  Uncertainity
6.0327E-02 1.64000E-02 0.1089
8.8348E-02 1.65333E-02 0.1071
1.2213E-01 1.66000E-02 0.1055
1.5936E-01 2.02000E-02 0.0941
3.9236E-01 8.46667E-03 0.1274
5.1404E-01 7.86667E-03 0.1451
6.6221E-01 6.60000E-03 0.1411
8.9828E-01 5.26667E-03 0.1570
1.1731E+00 4.60000E-03 0.1627
1.3332E+00 4.00000E-03 0.1575
1.8360E+00 3.26667E-03 0.1689

Energy Bin   Relative Error
6.0327E-02 4.62705750012
8.8348E-02 0.399019302415
1.2213E-01 0.102230379219
1.5936E-01 0.331141526072
3.9236E-01 0.190081034752
5.1404E-01 0.12250637728
6.6221E-01 0.140387384642
8.9828E-01 0.0456547982992
1.1731E+00 0.0984148679526
1.3332E+00 0.0167308569808
1.8360E+00 0.0529558630094

Chi Squared Value
22501.80014191015
Average Error
0.556925444613