Energy Bin  Efficiency  Uncertainity
6.0327E-02 2.30000E-02 0.0913
8.8348E-02 2.29333E-02 0.0909
1.2213E-01 2.33333E-02 0.0892
1.5936E-01 2.51333E-02 0.0840
3.9236E-01 1.15333E-02 0.1098
5.1404E-01 1.09333E-02 0.1129
6.6221E-01 9.40000E-03 0.1141
8.9828E-01 7.66667E-03 0.1279
1.1731E+00 6.86667E-03 0.1269
1.3332E+00 5.86667E-03 0.1347
1.8360E+00 5.00000E-03 0.1410

Energy Bin   Relative Error
6.0327E-02 6.89160503066
8.8348E-02 0.940576253264
1.2213E-01 0.549317596833
1.5936E-01 0.656236599863
3.9236E-01 0.103271817833
5.1404E-01 0.219563172891
6.6221E-01 0.224296755207
8.9828E-01 0.52215541746
1.1731E+00 0.639663569853
1.3332E+00 0.491206104181
1.8360E+00 0.611665492703

Chi Squared Value
52189.18307483556
Average Error
1.07723252825