Energy Bin  Efficiency  Uncertainity
6.0327E-02 1.51333E-02 0.1136
8.8348E-02 1.48000E-02 0.1138
1.2213E-01 1.56000E-02 0.1092
1.5936E-01 1.92667E-02 0.0969
3.9236E-01 7.66667E-03 0.1325
5.1404E-01 7.06667E-03 0.1515
6.6221E-01 6.40000E-03 0.1444
8.9828E-01 4.93333E-03 0.1627
1.1731E+00 4.26667E-03 0.1648
1.3332E+00 3.80000E-03 0.1611
1.8360E+00 3.13333E-03 0.1736

Energy Bin   Relative Error
6.0327E-02 4.19243593089
8.8348E-02 0.252350448836
1.2213E-01 0.035830958784
1.5936E-01 0.269638833682
3.9236E-01 0.266608780867
5.1404E-01 0.211742979066
6.6221E-01 0.166436251774
8.9828E-01 0.0205271668638
1.1731E+00 0.018820383619
1.3332E+00 0.0341056858682
1.8360E+00 0.00997596765001

Chi Squared Value
18457.7534777931
Average Error
0.498043035264