Energy Bin    Value   Uncertainity
6.0327E-02 2.00220E-02 0.0070
8.8348E-02 2.04287E-02 0.0068
1.2213E-01 1.94263E-02 0.0069
1.5936E-01 1.76923E-02 0.0071
3.2020E-01 1.09237E-02 0.0083
3.9236E-01 9.61333E-03 0.0087
5.1404E-01 7.86233E-03 0.0092
6.6221E-01 6.61400E-03 0.0098
8.9828E-01 5.37467E-03 0.0104
1.1731E+00 4.66067E-03 0.0110
1.3332E+00 4.12133E-03 0.0115
1.8360E+00 3.43767E-03 0.0123

Energy Bin   Relative Error
6.0327E-02 5.86981373582
8.8348E-02 0.72864132528
1.2213E-01 0.289895061194
1.5936E-01 0.165888872363
3.2020E-01 0.135318217768
3.9236E-01 0.080391903052
5.1404E-01 0.122990485844
6.6221E-01 0.138563963943
8.9828E-01 0.0670973261614
1.1731E+00 0.112902004918
1.3332E+00 0.0475708457002
1.8360E+00 0.10807482286

Average Error
0.655595713742