Energy Bin  Efficiency  Uncertainity
6.0327E-02 2.33333E-02 0.2026
8.8348E-02 2.90000E-02 0.1808
1.2213E-01 2.76667E-02 0.1859
1.5936E-01 2.90000E-02 0.1726
3.9236E-01 1.53333E-02 0.2194
5.1404E-01 1.30000E-02 0.2075
6.6221E-01 1.23333E-02 0.2223
8.9828E-01 7.00000E-03 0.2545
1.1731E+00 9.33333E-03 0.2654
1.3332E+00 7.66667E-03 0.2626
1.8360E+00 4.66667E-03 0.2840

Energy Bin   Relative Error
6.0327E-02 6.33880095754
8.8348E-02 1.2494357724
1.2213E-01 0.683965108233
1.5936E-01 0.751791034723
3.9236E-01 0.344547060889
5.1404E-01 0.329253547445
6.6221E-01 0.472480592916
8.9828E-01 0.273977349841
1.1731E+00 1.04294479773
1.3332E+00 0.786340407337
1.8360E+00 0.378870350886

Chi Squared Value
1.9549703428424745