Energy Bin    Value   Uncertainity
6.0327E-02 2.00250E-02 0.0070
8.8348E-02 2.04247E-02 0.0068
1.2213E-01 1.94310E-02 0.0069
1.5936E-01 1.77053E-02 0.0071
3.2020E-01 1.10050E-02 0.0083
3.9236E-01 9.72900E-03 0.0087
5.1404E-01 7.99600E-03 0.0092
6.6221E-01 6.73800E-03 0.0098
8.9828E-01 5.50333E-03 0.0105
1.1731E+00 4.78600E-03 0.0109
1.3332E+00 4.27400E-03 0.0114
1.8360E+00 3.58667E-03 0.0122

Energy Bin   Relative Error
6.0327E-02 5.87084307561
8.8348E-02 0.728302852186
1.2213E-01 0.29020713847
1.5936E-01 0.166745547602
3.2020E-01 0.143767861304
3.9236E-01 0.0693269475606
5.1404E-01 0.108080165143
6.6221E-01 0.122413666321
8.9828E-01 0.092641730187
1.1731E+00 0.142829034352
1.3332E+00 0.086376920684
1.8360E+00 0.156102454542

Average Error
0.664803116163