Energy Bin    Value   Uncertainity
6.0327E-02 2.03207E-02 0.0069
8.8348E-02 2.07690E-02 0.0068
1.2213E-01 1.98467E-02 0.0069
1.5936E-01 1.81957E-02 0.0070
3.2020E-01 1.13587E-02 0.0082
3.9236E-01 9.98533E-03 0.0085
5.1404E-01 8.15333E-03 0.0090
6.6221E-01 6.88600E-03 0.0095
8.9828E-01 5.63767E-03 0.0102
1.1731E+00 4.86200E-03 0.0107
1.3332E+00 4.30933E-03 0.0112
1.8360E+00 3.56833E-03 0.0120

Energy Bin   Relative Error
6.0327E-02 5.97230166724
8.8348E-02 0.757436923776
1.2213E-01 0.317809377545
1.5936E-01 0.199061973562
3.2020E-01 0.180528487615
3.9236E-01 0.0448065011086
5.1404E-01 0.0905306719446
6.6221E-01 0.103137504643
8.9828E-01 0.119313852345
1.1731E+00 0.160976758258
1.3332E+00 0.0953571959783
1.8360E+00 0.150190865515

Average Error
0.682620981627