Energy Bin    Value   Uncertainity
6.0327E-02 2.00240E-02 0.0070
8.8348E-02 2.04267E-02 0.0068
1.2213E-01 1.94283E-02 0.0069
1.5936E-01 1.77030E-02 0.0071
3.2020E-01 1.09917E-02 0.0083
3.9236E-01 9.69800E-03 0.0087
5.1404E-01 7.96133E-03 0.0092
6.6221E-01 6.72367E-03 0.0098
8.9828E-01 5.48300E-03 0.0105
1.1731E+00 4.76633E-03 0.0109
1.3332E+00 4.23933E-03 0.0115
1.8360E+00 3.55933E-03 0.0122

Energy Bin   Relative Error
6.0327E-02 5.87049996234
8.8348E-02 0.728472088733
1.2213E-01 0.290027860035
1.5936E-01 0.166593981983
3.2020E-01 0.142385570295
3.9236E-01 0.0722923977225
5.1404E-01 0.111947456373
6.6221E-01 0.124280067651
8.9828E-01 0.0886053728588
1.1731E+00 0.138132116863
1.3332E+00 0.0775644059811
1.8360E+00 0.147289867628

Average Error
0.663174262372