Energy Bin  Efficiency  Uncertainity
6.0327E-02 1.72000E-02 0.1062
8.8348E-02 1.64000E-02 0.1077
1.2213E-01 1.74000E-02 0.1030
1.5936E-01 2.08000E-02 0.0934
3.9236E-01 8.46667E-03 0.1274
5.1404E-01 7.86667E-03 0.1446
6.6221E-01 7.00000E-03 0.1356
8.9828E-01 5.40000E-03 0.1540
1.1731E+00 4.86667E-03 0.1537
1.3332E+00 4.06667E-03 0.1557
1.8360E+00 3.33333E-03 0.1667

Energy Bin   Relative Error
6.0327E-02 4.90154810988
8.8348E-02 0.387739686549
1.2213E-01 0.155349915567
1.5936E-01 0.370680383282
3.9236E-01 0.190081034752
5.1404E-01 0.12250637728
6.6221E-01 0.0882896503781
8.9828E-01 0.0721263931128
1.1731E+00 0.162091888135
1.3332E+00 0.0336772185396
1.8360E+00 0.0744425873581

Chi Squared Value
25248.343347553673
Average Error
0.596230294985