Energy Bin    Value   Uncertainity
6.0327E-02 2.00220E-02 0.0070
8.8348E-02 2.04287E-02 0.0068
1.2213E-01 1.94257E-02 0.0069
1.5936E-01 1.76953E-02 0.0071
3.2020E-01 1.09650E-02 0.0083
3.9236E-01 9.66767E-03 0.0087
5.1404E-01 7.91700E-03 0.0092
6.6221E-01 6.68400E-03 0.0098
8.9828E-01 5.42900E-03 0.0104
1.1731E+00 4.72367E-03 0.0109
1.3332E+00 4.18467E-03 0.0114
1.8360E+00 3.50467E-03 0.0123

Energy Bin   Relative Error
6.0327E-02 5.86981373582
8.8348E-02 0.72864132528
1.2213E-01 0.289855221542
1.5936E-01 0.166086566649
3.2020E-01 0.139610595112
3.9236E-01 0.0751937558971
5.1404E-01 0.11689227957
6.6221E-01 0.129446860447
8.9828E-01 0.0778841089277
1.1731E+00 0.127945512892
1.3332E+00 0.0636707788205
1.8360E+00 0.129671140462

Average Error
0.659559323451