Energy Bin    Value   Uncertainity
6.0327E-02 2.70530E-02 0.0060
8.8348E-02 2.82260E-02 0.0058
1.2213E-01 2.74490E-02 0.0058
1.5936E-01 2.54120E-02 0.0059
3.2020E-01 1.65937E-02 0.0067
3.9236E-01 1.45050E-02 0.0070
5.1404E-01 1.21170E-02 0.0074
6.6221E-01 1.02403E-02 0.0079
8.9828E-01 8.43700E-03 0.0084
1.1731E+00 7.28967E-03 0.0089
1.3332E+00 6.47733E-03 0.0092
1.8360E+00 5.47300E-03 0.0098

Energy Bin   Relative Error
6.0327E-02 8.28224308236
8.8348E-02 1.38843538979
1.2213E-01 0.822597691517
1.5936E-01 0.674602399037
3.2020E-01 0.724610700602
3.9236E-01 0.387543696745
5.1404E-01 0.351599879809
6.6221E-01 0.333741070462
8.9828E-01 0.675098218276
1.1731E+00 0.740669980537
1.3332E+00 0.646425320462
1.8360E+00 0.764129048312

Average Error
1.31597470649