Energy Bin    Value   Uncertainity
6.0327E-02 1.78268E-02 0.0033
8.8348E-02 1.81995E-02 0.0033
1.2213E-01 1.71755E-02 0.0033
1.5936E-01 1.55607E-02 0.0034
3.2020E-01 9.89887E-03 0.0040
3.9236E-01 8.61500E-03 0.0041
5.1404E-01 7.13013E-03 0.0044
6.6221E-01 6.03693E-03 0.0046
8.9828E-01 4.95720E-03 0.0050
1.1731E+00 4.21367E-03 0.0052
1.3332E+00 3.85707E-03 0.0054
1.8360E+00 3.20940E-03 0.0058

Energy Bin   Relative Error
6.0327E-02 5.11661150263
8.8348E-02 0.540010269838
1.2213E-01 0.140443245679
1.5936E-01 0.0254204923142
3.2020E-01 0.0288059399574
3.9236E-01 0.175891834026
5.1404E-01 0.20466428563
6.6221E-01 0.213724062722
8.9828E-01 0.0157879711224
1.1731E+00 0.00616473405346
1.3332E+00 0.0195994783662
1.8360E+00 0.034495846456

Average Error
0.543468305233