Energy Bin  Efficiency  Uncertainity
6.0327E-02 2.14000E-02 0.0950
8.8348E-02 1.96000E-02 0.0982
1.2213E-01 2.07333E-02 0.0938
1.5936E-01 2.36667E-02 0.0893
3.9236E-01 1.06000E-02 0.1142
5.1404E-01 9.86667E-03 0.1193
6.6221E-01 8.26667E-03 0.1204
8.9828E-01 6.73333E-03 0.1368
1.1731E+00 5.93333E-03 0.1327
1.3332E+00 4.80000E-03 0.1463
1.8360E+00 4.33333E-03 0.1428

Energy Bin   Relative Error
6.0327E-02 6.34262381113
8.8348E-02 0.658518161973
1.2213E-01 0.376679103702
1.5936E-01 0.559590453222
3.9236E-01 0.013992636022
5.1404E-01 0.100585127187
6.6221E-01 0.0766869422727
8.9828E-01 0.336848297507
1.1731E+00 0.416795193146
1.3332E+00 0.220077028377
1.8360E+00 0.396775685899

Chi Squared Value
43006.73461372015
Average Error
0.863561130949