Energy Bin  Efficiency  Uncertainity
6.0327E-02 1.72000E-02 0.1062
8.8348E-02 1.64000E-02 0.1077
1.2213E-01 1.74000E-02 0.1030
1.5936E-01 2.08000E-02 0.0934
3.9236E-01 8.46667E-03 0.1274
5.1404E-01 7.40000E-03 0.1374
6.6221E-01 6.60000E-03 0.1344
8.9828E-01 5.26667E-03 0.1559
1.1731E+00 4.86667E-03 0.1537
1.3332E+00 3.86667E-03 0.1555
1.8360E+00 3.33333E-03 0.1667

Energy Bin   Relative Error
6.0327E-02 4.90154810988
8.8348E-02 0.387739686549
1.2213E-01 0.155349915567
1.5936E-01 0.370680383282
3.9236E-01 0.190081034752
5.1404E-01 0.174561433474
6.6221E-01 0.140387384642
8.9828E-01 0.0456547982992
1.1731E+00 0.162091888135
1.3332E+00 0.0171593243095
1.8360E+00 0.0744425873581

Chi Squared Value
25272.699896186074
Average Error
0.601790595114