Energy Bin    Value   Uncertainity
6.0327E-02 1.78246E-02 0.0033
8.8348E-02 1.81945E-02 0.0033
1.2213E-01 1.71657E-02 0.0033
1.5936E-01 1.55415E-02 0.0034
3.2020E-01 9.86440E-03 0.0040
3.9236E-01 8.57707E-03 0.0041
5.1404E-01 7.09513E-03 0.0044
6.6221E-01 6.00100E-03 0.0046
8.9828E-01 4.92753E-03 0.0050
1.1731E+00 4.18053E-03 0.0052
1.3332E+00 3.82873E-03 0.0054
1.8360E+00 3.18207E-03 0.0058

Energy Bin   Relative Error
6.0327E-02 5.11585665346
8.8348E-02 0.53958717847
1.2213E-01 0.139792531359
1.5936E-01 0.0241552488835
3.2020E-01 0.0252234158157
3.9236E-01 0.179520205788
5.1404E-01 0.208568386958
6.6221E-01 0.218403741703
8.9828E-01 0.0216787100268
1.1731E+00 0.00174862871261
1.3332E+00 0.0268030164879
1.8360E+00 0.0256864828729

Average Error
0.543918683378