Energy Bin    Value   Uncertainity
6.0327E-02 2.00230E-02 0.0070
8.8348E-02 2.04287E-02 0.0068
1.2213E-01 1.94230E-02 0.0069
1.5936E-01 1.76943E-02 0.0071
3.2020E-01 1.08983E-02 0.0083
3.9236E-01 9.58333E-03 0.0087
5.1404E-01 7.82567E-03 0.0092
6.6221E-01 6.57833E-03 0.0098
8.9828E-01 5.34433E-03 0.0104
1.1731E+00 4.62867E-03 0.0110
1.3332E+00 4.09600E-03 0.0115
1.8360E+00 3.40633E-03 0.0124

Energy Bin   Relative Error
6.0327E-02 5.87015684908
8.8348E-02 0.72864132528
1.2213E-01 0.289675943107
1.5936E-01 0.166020668553
3.2020E-01 0.132678353735
3.9236E-01 0.0832616935313
5.1404E-01 0.127079753121
6.6221E-01 0.143209779396
8.9828E-01 0.0610735641676
1.1731E+00 0.10526085801
1.3332E+00 0.0411323975484
1.8360E+00 0.0979729035516

Average Error
0.653847007424