Energy Bin  Efficiency  Uncertainity
6.0327E-02 2.20000E-02 0.0937
8.8348E-02 2.13333E-02 0.0937
1.2213E-01 2.19333E-02 0.0916
1.5936E-01 2.41333E-02 0.0879
3.9236E-01 1.10000E-02 0.1130
5.1404E-01 1.01333E-02 0.1183
6.6221E-01 8.93333E-03 0.1181
8.9828E-01 7.13333E-03 0.1337
1.1731E+00 6.00000E-03 0.1326
1.3332E+00 5.26667E-03 0.1419
1.8360E+00 4.13333E-03 0.1436

Energy Bin   Relative Error
6.0327E-02 6.54849176846
8.8348E-02 0.805187015552
1.2213E-01 0.456358408224
1.5936E-01 0.590338504512
3.9236E-01 0.0522565090794
5.1404E-01 0.130326571104
6.6221E-01 0.163515631084
8.9828E-01 0.416265067367
1.1731E+00 0.432715045156
1.3332E+00 0.338696475634
1.8360E+00 0.332309066191

Chi Squared Value
46200.09008146595
Average Error
0.933314551124