Energy Bin  Efficiency  Uncertainity
6.0327E-02 2.29745E-02 0.0029
8.8348E-02 2.36263E-02 0.0028
1.2213E-01 2.28133E-02 0.0029
1.5936E-01 2.07837E-02 0.0029
3.9236E-01 1.17433E-02 0.0035
5.1404E-01 9.80440E-03 0.0037
6.6221E-01 8.30753E-03 0.0039
8.9828E-01 6.83973E-03 0.0042
1.1731E+00 5.80980E-03 0.0044
1.3332E+00 5.36000E-03 0.0045
1.8360E+00 4.39133E-03 0.0049

Energy Bin   Relative Error
6.0327E-02 6.2259510056
8.8348E-02 0.832615323777
1.2213E-01 0.38855740669
1.5936E-01 0.255472390634
3.9236E-01 0.0297469885893
5.1404E-01 0.00250257542875
6.6221E-01 0.00815866799118
8.9828E-01 0.244808728432
1.1731E+00 0.271689813372
1.3332E+00 0.248884402658
1.8360E+00 0.297515088479

Chi Squared Value
1.5068248722063629
Average Error
0.800536581059