Energy Bin  Efficiency  Uncertainity
6.0327E-02 2.23333E-02 0.0929
8.8348E-02 2.25333E-02 0.0914
1.2213E-01 2.28000E-02 0.0903
1.5936E-01 2.46000E-02 0.0847
3.9236E-01 1.13333E-02 0.1113
5.1404E-01 1.08000E-02 0.1133
6.6221E-01 9.26667E-03 0.1158
8.9828E-01 7.33333E-03 0.1329
1.1731E+00 6.33333E-03 0.1303
1.3332E+00 5.66667E-03 0.1410
1.8360E+00 4.73333E-03 0.1464

Energy Bin   Relative Error
6.0327E-02 6.66285141875
8.8348E-02 0.906728943836
1.2213E-01 0.513906785915
1.5936E-01 0.621093145612
3.9236E-01 0.0841398813045
5.1404E-01 0.204694124118
6.6221E-01 0.206931277933
8.9828E-01 0.455973452297
1.1731E+00 0.512309529489
1.3332E+00 0.440369561332
1.8360E+00 0.525708925315

Chi Squared Value
48449.71447285763
Average Error
1.01224609508