Energy Bin    Value   Uncertainity
6.0327E-02 2.00230E-02 0.0070
8.8348E-02 2.04287E-02 0.0068
1.2213E-01 1.94207E-02 0.0069
1.5936E-01 1.76910E-02 0.0071
3.2020E-01 1.08717E-02 0.0083
3.9236E-01 9.56533E-03 0.0087
5.1404E-01 7.78733E-03 0.0092
6.6221E-01 6.54800E-03 0.0098
8.9828E-01 5.30400E-03 0.0105
1.1731E+00 4.59067E-03 0.0110
1.3332E+00 4.05867E-03 0.0115
1.8360E+00 3.37267E-03 0.0124

Energy Bin   Relative Error
6.0327E-02 5.87015684908
8.8348E-02 0.72864132528
1.2213E-01 0.28952322444
1.5936E-01 0.165803204839
3.2020E-01 0.129913771717
3.9236E-01 0.0849835678189
5.1404E-01 0.131356417262
6.6221E-01 0.147160090097
8.9828E-01 0.0530663683464
1.1731E+00 0.0961869960574
1.3332E+00 0.0316437568256
1.8360E+00 0.0871231714547

Average Error
0.651296561935