Energy Bin  Efficiency  Uncertainity
6.0327E-02 1.90049E-02 0.0032
8.8348E-02 2.02429E-02 0.0031
1.2213E-01 1.97227E-02 0.0031
1.5936E-01 1.80660E-02 0.0032
3.9236E-01 1.01512E-02 0.0037
5.1404E-01 8.50847E-03 0.0039
6.6221E-01 7.15673E-03 0.0042
8.9828E-01 5.86700E-03 0.0044
1.1731E+00 4.97020E-03 0.0047
1.3332E+00 4.56827E-03 0.0048
1.8360E+00 3.75000E-03 0.0052

Energy Bin   Relative Error
6.0327E-02 4.9774304671
8.8348E-02 0.570175979213
1.2213E-01 0.200444528627
1.5936E-01 0.0913054080453
3.9236E-01 0.109861143753
5.1404E-01 0.130006620705
6.6221E-01 0.145553417679
8.9828E-01 0.0677750159309
1.1731E+00 0.0879122707188
1.3332E+00 0.0644106623379
1.8360E+00 0.108020026233

Chi Squared Value
0.9279346361759456
Average Error
0.595717776395