Energy Bin  Efficiency  Uncertainity
6.0327E-02 2.28000E-02 0.0918
8.8348E-02 2.30000E-02 0.0908
1.2213E-01 2.30000E-02 0.0900
1.5936E-01 2.50000E-02 0.0841
3.9236E-01 1.14667E-02 0.1103
5.1404E-01 1.07333E-02 0.1138
6.6221E-01 9.33333E-03 0.1147
8.9828E-01 7.53333E-03 0.1296
1.1731E+00 6.86667E-03 0.1269
1.3332E+00 5.73333E-03 0.1369
1.8360E+00 4.80000E-03 0.1450

Energy Bin   Relative Error
6.0327E-02 6.82298237822
8.8348E-02 0.946220292111
1.2213E-01 0.527186670002
1.5936E-01 0.647452383752
3.9236E-01 0.0969008829692
5.1404E-01 0.197254022444
6.6221E-01 0.215613365348
8.9828E-01 0.495681837228
1.1731E+00 0.639663569853
1.3332E+00 0.457313381063
1.8360E+00 0.547198872995

Chi Squared Value
51038.89030358796
Average Error
1.05395160509