Energy Bin    Value   Uncertainity
6.0327E-02 2.71327E-02 0.0027
8.8348E-02 2.83449E-02 0.0026
1.2213E-01 2.75524E-02 0.0026
1.5936E-01 2.55782E-02 0.0026
3.2020E-01 1.70695E-02 0.0030
3.9236E-01 1.48271E-02 0.0031
5.1404E-01 1.23988E-02 0.0033
6.6221E-01 1.05199E-02 0.0035
8.9828E-01 8.69853E-03 0.0037
1.1731E+00 7.38893E-03 0.0039
1.3332E+00 6.77100E-03 0.0040
1.8360E+00 5.54940E-03 0.0043

Energy Bin   Relative Error
6.0327E-02 8.30958920936
8.8348E-02 1.39849650252
1.2213E-01 0.82946339159
1.5936E-01 0.685554662484
3.2020E-01 0.774061381966
3.9236E-01 0.418355680525
5.1404E-01 0.383033472789
6.6221E-01 0.370157386713
8.9828E-01 0.72702288783
1.1731E+00 0.7643718631
1.3332E+00 0.721071158154
1.8360E+00 0.788755297041

Average Error
1.34749440784