Energy Bin  Efficiency  Uncertainity
6.0327E-02 2.02667E-02 0.0978
8.8348E-02 1.88000E-02 0.1004
1.2213E-01 1.99333E-02 0.0957
1.5936E-01 2.30000E-02 0.0884
3.9236E-01 1.02000E-02 0.1162
5.1404E-01 9.06667E-03 0.1244
6.6221E-01 8.06667E-03 0.1220
8.9828E-01 6.53333E-03 0.1399
1.1731E+00 5.60000E-03 0.1391
1.3332E+00 4.46667E-03 0.1478
1.8360E+00 4.13333E-03 0.1471

Energy Bin   Relative Error
6.0327E-02 5.95377355108
8.8348E-02 0.590823543117
1.2213E-01 0.323559567354
1.5936E-01 0.515656193052
3.9236E-01 0.0242712370355
5.1404E-01 0.0113485254
6.6221E-01 0.0506380751407
8.9828E-01 0.297139912577
1.1731E+00 0.337200708812
1.3332E+00 0.135350304238
1.8360E+00 0.332309066191

Chi Squared Value
37711.86370971643
Average Error
0.779279153091