Energy Bin  Efficiency  Uncertainity
6.0327E-02 1.53333E-02 0.1128
8.8348E-02 1.58000E-02 0.1097
1.2213E-01 1.64000E-02 0.1062
1.5936E-01 1.97333E-02 0.0956
3.9236E-01 8.20000E-03 0.1291
5.1404E-01 7.46667E-03 0.1503
6.6221E-01 6.60000E-03 0.1411
8.9828E-01 5.00000E-03 0.1610
1.1731E+00 4.40000E-03 0.1626
1.3332E+00 3.93333E-03 0.1593
1.8360E+00 3.33333E-03 0.1667

Energy Bin   Relative Error
6.0327E-02 4.26105858333
8.8348E-02 0.336968722407
1.2213E-01 0.0889504951319
1.5936E-01 0.300386884972
3.9236E-01 0.215590602323
5.1404E-01 0.167124678173
6.6221E-01 0.140387384642
8.9828E-01 0.00729037674737
1.1731E+00 0.0506576997808
1.3332E+00 0.000215504577894
1.8360E+00 0.0744425873581

Chi Squared Value
19087.65364810853
Average Error
0.513006683586