Energy Bin  Efficiency  Uncertainity
6.0327E-02 1.74667E-02 0.1055
8.8348E-02 1.64000E-02 0.1077
1.2213E-01 1.76000E-02 0.1025
1.5936E-01 2.09333E-02 0.0930
3.9236E-01 8.86667E-03 0.1248
5.1404E-01 8.00000E-03 0.1427
6.6221E-01 7.13333E-03 0.1344
8.9828E-01 5.46667E-03 0.1536
1.1731E+00 5.00000E-03 0.1508
1.3332E+00 4.06667E-03 0.1523
1.8360E+00 3.46667E-03 0.1626

Energy Bin   Relative Error
6.0327E-02 4.99305641691
8.8348E-02 0.387739686549
1.2213E-01 0.168629799654
1.5936E-01 0.379464599392
3.9236E-01 0.151817161695
5.1404E-01 0.107633982135
6.6221E-01 0.0709241731045
8.9828E-01 0.0853631832293
1.1731E+00 0.193929204296
1.3332E+00 0.0336772185396
1.8360E+00 0.117422482718

Chi Squared Value
26197.367800510725
Average Error
0.608150718929