Energy Bin    Value   Uncertainity
6.0327E-02 2.73647E-02 0.0027
8.8348E-02 2.85221E-02 0.0026
1.2213E-01 2.78665E-02 0.0026
1.5936E-01 2.57433E-02 0.0026
3.9236E-01 1.49231E-02 0.0031
5.1404E-01 1.25048E-02 0.0033
6.6221E-01 1.06367E-02 0.0034
8.9828E-01 8.80720E-03 0.0037
1.1731E+00 7.47680E-03 0.0039
1.3332E+00 6.89313E-03 0.0040
1.8360E+00 5.64433E-03 0.0043

Energy Bin   Relative Error
6.0327E-02 7.60675886234
8.8348E-02 1.21236662221
1.2213E-01 0.696126162086
1.5936E-01 0.555064901524
3.9236E-01 0.308577425887
5.1404E-01 0.278619212315
6.6221E-01 0.269922431358
8.9828E-01 0.602881902217
1.1731E+00 0.636574477025
1.3332E+00 0.606104951958
1.8360E+00 0.667741513245

Average Error
2.4790933737975687