Energy Bin    Value   Uncertainity
6.0327E-02 2.03583E-02 0.0069
8.8348E-02 2.08110E-02 0.0068
1.2213E-01 1.99047E-02 0.0069
1.5936E-01 1.82610E-02 0.0070
3.2020E-01 1.14400E-02 0.0081
3.9236E-01 1.00543E-02 0.0085
5.1404E-01 8.20500E-03 0.0090
6.6221E-01 6.94633E-03 0.0095
8.9828E-01 5.68133E-03 0.0101
1.1731E+00 4.90433E-03 0.0106
1.3332E+00 4.34600E-03 0.0112
1.8360E+00 3.60067E-03 0.0119

Energy Bin   Relative Error
6.0327E-02 5.9852027259
8.8348E-02 0.760990891266
1.2213E-01 0.32166054393
1.5936E-01 0.203365119188
3.2020E-01 0.188978131152
3.9236E-01 0.0382088527966
5.1404E-01 0.0847671029268
6.6221E-01 0.095279863873
8.9828E-01 0.127982192775
1.1731E+00 0.171084562901
1.3332E+00 0.10467807611
1.8360E+00 0.160615117922

Average Error
0.686901098395