Energy Bin    Value   Uncertainity
6.0327E-02 2.09030E-02 0.0068
8.8348E-02 2.13950E-02 0.0067
1.2213E-01 2.03933E-02 0.0068
1.5936E-01 1.86747E-02 0.0069
3.2020E-01 1.16250E-02 0.0081
3.9236E-01 1.03053E-02 0.0084
5.1404E-01 8.46667E-03 0.0090
6.6221E-01 7.15767E-03 0.0095
8.9828E-01 5.84567E-03 0.0102
1.1731E+00 5.09900E-03 0.0106
1.3332E+00 4.54433E-03 0.0112
1.8360E+00 3.82133E-03 0.0118

Energy Bin   Relative Error
6.0327E-02 6.17209651982
8.8348E-02 0.810407963031
1.2213E-01 0.354103300754
1.5936E-01 0.230627161234
3.2020E-01 0.208205487293
3.9236E-01 0.0141982724531
5.1404E-01 0.0555789259399
6.6221E-01 0.0677540259745
8.9828E-01 0.160610572672
1.1731E+00 0.217569002541
1.3332E+00 0.155090133826
1.8360E+00 0.231741139446

Average Error
0.723165208749