Energy Bin  Efficiency  Uncertainity
6.0327E-02 2.24667E-02 0.0926
8.8348E-02 2.25333E-02 0.0915
1.2213E-01 2.29333E-02 0.0900
1.5936E-01 2.47333E-02 0.0846
3.9236E-01 1.14000E-02 0.1108
5.1404E-01 1.06667E-02 0.1144
6.6221E-01 9.26667E-03 0.1154
8.9828E-01 7.46667E-03 0.1311
1.1731E+00 6.66667E-03 0.1281
1.3332E+00 5.73333E-03 0.1398
1.8360E+00 4.66667E-03 0.1478

Energy Bin   Relative Error
6.0327E-02 6.70862272793
8.8348E-02 0.906728943836
1.2213E-01 0.522757828659
1.5936E-01 0.629877361723
3.9236E-01 0.0905203821368
5.1404E-01 0.189825075346
6.6221E-01 0.206931277933
8.9828E-01 0.48244703253
1.1731E+00 0.591906401681
1.3332E+00 0.457313381063
1.8360E+00 0.504222200966

Chi Squared Value
49207.154715641205
Average Error
1.02646841944