Energy Bin  Efficiency  Uncertainity
6.0327E-02 2.33333E-02 0.2026
8.8348E-02 2.90000E-02 0.1801
1.2213E-01 2.96667E-02 0.1802
1.5936E-01 3.00000E-02 0.1692
3.9236E-01 1.60000E-02 0.2182
5.1404E-01 1.33333E-02 0.2098
6.6221E-01 1.40000E-02 0.2133
8.9828E-01 8.00000E-03 0.2409
1.1731E+00 1.13333E-02 0.2332
1.3332E+00 8.00000E-03 0.2616
1.8360E+00 5.66667E-03 0.2544

Energy Bin   Relative Error
6.0327E-02 6.33880095754
8.8348E-02 1.2494357724
1.2213E-01 0.805697379031
1.5936E-01 0.812197622128
3.9236E-01 0.403008678773
5.1404E-01 0.363333563396
6.6221E-01 0.671468974307
8.9828E-01 0.455974114104
1.1731E+00 1.48071227269
1.3332E+00 0.864006571132
1.8360E+00 0.674342357881

Chi Squared Value
2.1151268430045804
Average Error
1.28354347849