Energy Bin  Efficiency  Uncertainity
6.0327E-02 1.90039E-02 0.0032
8.8348E-02 2.02431E-02 0.0031
1.2213E-01 1.97219E-02 0.0031
1.5936E-01 1.80664E-02 0.0032
3.9236E-01 1.01511E-02 0.0037
5.1404E-01 8.50467E-03 0.0039
6.6221E-01 7.15793E-03 0.0042
8.9828E-01 5.86753E-03 0.0044
1.1731E+00 4.96820E-03 0.0047
1.3332E+00 4.57053E-03 0.0048
1.8360E+00 3.75060E-03 0.0052

Energy Bin   Relative Error
6.0327E-02 4.97711594661
8.8348E-02 0.570191492563
1.2213E-01 0.200395835718
1.5936E-01 0.0913295706802
3.9236E-01 0.109869912557
5.1404E-01 0.130395171742
6.6221E-01 0.14541014891
8.9828E-01 0.067871474216
1.1731E+00 0.0874744966773
1.3332E+00 0.0649372441942
1.8360E+00 0.108197309437

Chi Squared Value
0.9278337818860671
Average Error
0.595744418482