Energy Bin    Value   Uncertainity
6.0327E-02 1.38889E-02 0.2994
8.8348E-02 1.01010E-02 0.3518
1.2213E-01 1.26263E-02 0.3034
1.5936E-01 1.26263E-02 0.2960
3.2020E-01 7.15488E-03 0.3360
3.9236E-01 9.25926E-03 0.3321
5.1404E-01 4.20875E-03 0.3984
6.6221E-01 3.36700E-03 0.3937
8.9828E-01 5.05051E-03 0.3892
1.1731E+00 3.36700E-03 0.3518
1.3332E+00 2.10438E-03 0.5280
1.8360E+00 2.94613E-03 0.4271

Energy Bin   Relative Error
6.0327E-02 3.7654657874
8.8348E-02 0.145270818669
1.2213E-01 0.161620997763
1.5936E-01 0.167950878681
3.2020E-01 0.256381481555
3.9236E-01 0.114262126886
5.1404E-01 0.530531815289
6.6221E-01 0.561467321832
8.9828E-01 0.00273797586673
1.1731E+00 0.196008073827
1.3332E+00 0.465102979797
1.8360E+00 0.0503647883968

Average Error
0.53476375383