Energy Bin  Efficiency  Uncertainity
6.0327E-02 1.51333E-02 0.1136
8.8348E-02 1.48000E-02 0.1138
1.2213E-01 1.56000E-02 0.1092
1.5936E-01 1.92667E-02 0.0969
3.9236E-01 7.66667E-03 0.1325
5.1404E-01 7.20000E-03 0.1498
6.6221E-01 6.40000E-03 0.1444
8.9828E-01 5.13333E-03 0.1590
1.1731E+00 4.46667E-03 0.1649
1.3332E+00 3.86667E-03 0.1593
1.8360E+00 3.06667E-03 0.1760

Energy Bin   Relative Error
6.0327E-02 4.19243593089
8.8348E-02 0.252350448836
1.2213E-01 0.035830958784
1.5936E-01 0.269638833682
3.9236E-01 0.266608780867
5.1404E-01 0.196870583921
6.6221E-01 0.166436251774
8.9828E-01 0.0191812180663
1.1731E+00 0.0665775517909
1.3332E+00 0.0171593243095
1.8360E+00 0.0115107566987

Chi Squared Value
18454.752992348873
Average Error
0.499509149056