Energy Bin  Efficiency  Uncertainity
6.0327E-02 1.70000E-02 0.1068
8.8348E-02 1.62667E-02 0.1083
1.2213E-01 1.73333E-02 0.1032
1.5936E-01 2.06000E-02 0.0938
3.9236E-01 8.26667E-03 0.1283
5.1404E-01 7.66667E-03 0.1477
6.6221E-01 6.66667E-03 0.1393
8.9828E-01 5.20000E-03 0.1574
1.1731E+00 4.46667E-03 0.1622
1.3332E+00 4.00000E-03 0.1575
1.8360E+00 3.26667E-03 0.1689

Energy Bin   Relative Error
6.0327E-02 4.83292545744
8.8348E-02 0.376460070682
1.2213E-01 0.150921074224
1.5936E-01 0.357500764212
3.9236E-01 0.209212971281
5.1404E-01 0.144815527726
6.6221E-01 0.131703994784
8.9828E-01 0.0324180081827
1.1731E+00 0.0665775517909
1.3332E+00 0.0167308569808
1.8360E+00 0.0529558630094

Chi Squared Value
24531.524721841026
Average Error
0.579292921847