Energy Bin    Value   Uncertainity
6.0327E-02 2.18777E-02 0.0066
8.8348E-02 2.24213E-02 0.0065
1.2213E-01 2.14623E-02 0.0066
1.5936E-01 1.96973E-02 0.0068
3.2020E-01 1.23287E-02 0.0078
3.9236E-01 1.09093E-02 0.0082
5.1404E-01 8.99167E-03 0.0087
6.6221E-01 7.57167E-03 0.0092
8.9828E-01 6.20067E-03 0.0099
1.1731E+00 5.39767E-03 0.0103
1.3332E+00 4.80133E-03 0.0108
1.8360E+00 4.03667E-03 0.0115

Energy Bin   Relative Error
6.0327E-02 6.50652901649
8.8348E-02 0.897251697196
1.2213E-01 0.425084281199
1.5936E-01 0.298014553539
3.2020E-01 0.281342192791
3.9236E-01 0.0435801758636
5.1404E-01 0.00298259398252
6.6221E-01 0.0138328710112
8.9828E-01 0.231092955923
1.1731E+00 0.288887169631
1.3332E+00 0.220415091387
1.8360E+00 0.301152348886

Average Error
0.792513745658