Energy Bin  Efficiency  Uncertainity
6.0327E-02 2.13119E-02 0.0030
8.8348E-02 2.19100E-02 0.0029
1.2213E-01 2.10853E-02 0.0030
1.5936E-01 1.91569E-02 0.0031
3.9236E-01 1.05605E-02 0.0037
5.1404E-01 8.79273E-03 0.0039
6.6221E-01 7.38700E-03 0.0041
8.9828E-01 6.03213E-03 0.0044
1.1731E+00 5.08707E-03 0.0046
1.3332E+00 4.67193E-03 0.0048
1.8360E+00 3.82013E-03 0.0052

Energy Bin   Relative Error
6.0327E-02 5.70302923834
8.8348E-02 0.699487509426
1.2213E-01 0.283380724721
1.5936E-01 0.157202954245
3.9236E-01 0.0739704279889
5.1404E-01 0.100940958136
6.6221E-01 0.118061334771
8.9828E-01 0.0978281416137
1.1731E+00 0.113493596838
1.3332E+00 0.0885635274833
1.8360E+00 0.128741478084

Chi Squared Value
1.231189086101013
Average Error
0.68769999015