Energy Bin    Value   Uncertainity
6.0327E-02 2.00250E-02 0.0070
8.8348E-02 2.04247E-02 0.0068
1.2213E-01 1.94287E-02 0.0069
1.5936E-01 1.77073E-02 0.0071
3.2020E-01 1.10080E-02 0.0083
3.9236E-01 9.74067E-03 0.0087
5.1404E-01 8.01067E-03 0.0092
6.6221E-01 6.75900E-03 0.0098
8.9828E-01 5.52467E-03 0.0105
1.1731E+00 4.81933E-03 0.0109
1.3332E+00 4.29467E-03 0.0115
1.8360E+00 3.60867E-03 0.0122

Energy Bin   Relative Error
6.0327E-02 5.87084307561
8.8348E-02 0.728302852186
1.2213E-01 0.290054419803
1.5936E-01 0.166877343793
3.2020E-01 0.144079656269
3.9236E-01 0.0682105990641
5.1404E-01 0.106443788958
6.6221E-01 0.119678535272
8.9828E-01 0.096878614859
1.1731E+00 0.150787766428
1.3332E+00 0.0916308773875
1.8360E+00 0.16319378271

Average Error
0.666415109361