Energy Bin  Efficiency  Uncertainity
6.0327E-02 2.16667E-02 0.0943
8.8348E-02 2.04667E-02 0.0958
1.2213E-01 2.09333E-02 0.0936
1.5936E-01 2.36000E-02 0.0887
3.9236E-01 1.07333E-02 0.1135
5.1404E-01 1.01333E-02 0.1183
6.6221E-01 8.53333E-03 0.1197
8.9828E-01 6.86667E-03 0.1355
1.1731E+00 5.80000E-03 0.1328
1.3332E+00 5.00000E-03 0.1423
1.8360E+00 4.20000E-03 0.1457

Energy Bin   Relative Error
6.0327E-02 6.43413211816
8.8348E-02 0.731856819676
1.2213E-01 0.389958987789
1.5936E-01 0.555195050262
3.9236E-01 0.0267440717184
5.1404E-01 0.130326571104
6.6221E-01 0.11141789682
8.9828E-01 0.36332187774
1.1731E+00 0.384957876984
1.3332E+00 0.270913571226
1.8360E+00 0.35379901387

Chi Squared Value
44326.00910568329
Average Error
0.886602168669