Energy Bin    Value   Uncertainity
6.0327E-02 2.00240E-02 0.0070
8.8348E-02 2.04277E-02 0.0068
1.2213E-01 1.94270E-02 0.0069
1.5936E-01 1.77013E-02 0.0071
3.2020E-01 1.09750E-02 0.0083
3.9236E-01 9.68833E-03 0.0087
5.1404E-01 7.94067E-03 0.0092
6.6221E-01 6.70400E-03 0.0098
8.9828E-01 5.45867E-03 0.0104
1.1731E+00 4.74167E-03 0.0109
1.3332E+00 4.22567E-03 0.0115
1.8360E+00 3.52933E-03 0.0122

Energy Bin   Relative Error
6.0327E-02 5.87049996234
8.8348E-02 0.728556707007
1.2213E-01 0.289941540788
1.5936E-01 0.166481955221
3.2020E-01 0.14064991166
3.9236E-01 0.0732174268537
5.1404E-01 0.114251991615
6.6221E-01 0.126841973734
8.9828E-01 0.0837748478321
1.1731E+00 0.132243658027
1.3332E+00 0.0740922701045
1.8360E+00 0.137619874672

Average Error
0.661514343321