Energy Bin    Value   Uncertainity
6.0327E-02 2.28783E-02 0.0065
8.8348E-02 2.34797E-02 0.0064
1.2213E-01 2.25483E-02 0.0064
1.5936E-01 2.07380E-02 0.0066
3.2020E-01 1.30807E-02 0.0076
3.9236E-01 1.15297E-02 0.0079
5.1404E-01 9.49433E-03 0.0085
6.6221E-01 8.04767E-03 0.0089
8.9828E-01 6.58700E-03 0.0096
1.1731E+00 5.74467E-03 0.0100
1.3332E+00 5.07667E-03 0.0105
1.8360E+00 4.28767E-03 0.0112

Energy Bin   Relative Error
6.0327E-02 6.84984814665
8.8348E-02 0.986811677942
1.2213E-01 0.497194051792
1.5936E-01 0.36659470137
3.2020E-01 0.359498797216
3.9236E-01 0.102927442976
5.1404E-01 0.0590521818001
6.6221E-01 0.0481634327631
8.9828E-01 0.307795657673
1.1731E+00 0.371745856409
1.3332E+00 0.290401759927
1.8360E+00 0.382057956619

Average Error
0.885174305261