Energy Bin    Value   Uncertainity
6.0327E-02 2.02793E-02 0.0069
8.8348E-02 2.07227E-02 0.0068
1.2213E-01 1.97827E-02 0.0069
1.5936E-01 1.81210E-02 0.0071
3.2020E-01 1.12817E-02 0.0082
3.9236E-01 9.92500E-03 0.0085
5.1404E-01 8.09967E-03 0.0090
6.6221E-01 6.83600E-03 0.0095
8.9828E-01 5.58333E-03 0.0102
1.1731E+00 4.81567E-03 0.0107
1.3332E+00 4.27333E-03 0.0112
1.8360E+00 3.53400E-03 0.0120

Energy Bin   Relative Error
6.0327E-02 5.95809677818
8.8348E-02 0.75351909771
1.2213E-01 0.313559814637
1.5936E-01 0.194139385839
3.2020E-01 0.172525750193
3.9236E-01 0.0505776497624
5.1404E-01 0.0965162170095
6.6221E-01 0.109649721426
8.9828E-01 0.108525084159
1.1731E+00 0.149913810251
1.3332E+00 0.0862066182655
1.8360E+00 0.139125170242

Average Error
0.67769625814