Energy Bin    Value   Uncertainity
6.0327E-02 1.91290E-02 0.0071
8.8348E-02 1.94843E-02 0.0070
1.2213E-01 1.84500E-02 0.0071
1.5936E-01 1.67980E-02 0.0073
3.2020E-01 1.04160E-02 0.0086
3.9236E-01 9.22967E-03 0.0089
5.1404E-01 7.55633E-03 0.0095
6.6221E-01 6.42500E-03 0.0100
8.9828E-01 5.22200E-03 0.0107
1.1731E+00 4.56267E-03 0.0112
1.3332E+00 4.07967E-03 0.0117
1.8360E+00 3.42833E-03 0.0125

Energy Bin   Relative Error
6.0327E-02 5.56341359267
8.8348E-02 0.648727827721
1.2213E-01 0.225069307023
1.5936E-01 0.106956205691
3.2020E-01 0.0825521166149
3.9236E-01 0.117092696895
5.1404E-01 0.157123486028
6.6221E-01 0.163180143383
8.9828E-01 0.0367859305251
1.1731E+00 0.0895009925133
1.3332E+00 0.0369815938247
1.8360E+00 0.105064231719

Average Error
0.611037343718