Energy Bin    Value   Uncertainity
6.0327E-02 2.38927E-02 0.0064
8.8348E-02 2.46557E-02 0.0062
1.2213E-01 2.36640E-02 0.0063
1.5936E-01 2.18387E-02 0.0064
3.2020E-01 1.38620E-02 0.0074
3.9236E-01 1.21913E-02 0.0077
5.1404E-01 1.00630E-02 0.0082
6.6221E-01 8.55967E-03 0.0087
8.9828E-01 7.00467E-03 0.0093
1.1731E+00 6.10767E-03 0.0097
1.3332E+00 5.38600E-03 0.0102
1.8360E+00 4.56000E-03 0.0108

Energy Bin   Relative Error
6.0327E-02 7.19790223983
8.8348E-02 1.08632276766
1.2213E-01 0.571275885171
1.5936E-01 0.439128734922
3.2020E-01 0.440700599128
3.9236E-01 0.166215889013
5.1404E-01 0.122484904722
6.6221E-01 0.114848532621
8.9828E-01 0.390720663342
1.1731E+00 0.458425116641
1.3332E+00 0.369028098925
1.8360E+00 0.469838929345

Average Error
0.985574363443