Energy Bin  Efficiency  Uncertainity
6.0327E-02 2.00000E-02 0.0984
8.8348E-02 1.85333E-02 0.1010
1.2213E-01 1.94000E-02 0.0973
1.5936E-01 2.28667E-02 0.0884
3.9236E-01 9.73333E-03 0.1194
5.1404E-01 9.06667E-03 0.1240
6.6221E-01 7.86667E-03 0.1243
8.9828E-01 6.40000E-03 0.1421
1.1731E+00 5.73333E-03 0.1388
1.3332E+00 4.46667E-03 0.1478
1.8360E+00 4.06667E-03 0.1469

Energy Bin   Relative Error
6.0327E-02 5.86226524405
8.8348E-02 0.568255849555
1.2213E-01 0.288148756437
1.5936E-01 0.506871976942
3.9236E-01 0.0689127411347
5.1404E-01 0.0113485254
6.6221E-01 0.0245892080086
8.9828E-01 0.270668317763
1.1731E+00 0.369038024974
1.3332E+00 0.135350304238
1.8360E+00 0.310822341842

Chi Squared Value
36532.81110262134
Average Error
0.765115571849