Energy Bin    Value   Uncertainity
6.0327E-02 2.01093E-02 0.0069
8.8348E-02 2.05277E-02 0.0068
1.2213E-01 1.95487E-02 0.0069
1.5936E-01 1.78247E-02 0.0071
3.2020E-01 1.09743E-02 0.0083
3.9236E-01 9.65267E-03 0.0086
5.1404E-01 7.87133E-03 0.0091
6.6221E-01 6.60433E-03 0.0097
8.9828E-01 5.35500E-03 0.0104
1.1731E+00 4.62467E-03 0.0109
1.3332E+00 4.08900E-03 0.0115
1.8360E+00 3.40467E-03 0.0123

Energy Bin   Relative Error
6.0327E-02 5.89976752361
8.8348E-02 0.737018534364
1.2213E-01 0.298022350255
1.5936E-01 0.174613780187
3.2020E-01 0.140577159501
3.9236E-01 0.0766286511368
5.1404E-01 0.121986574074
6.6221E-01 0.139823426669
8.9828E-01 0.0631920065036
1.1731E+00 0.104305714647
1.3332E+00 0.0393531185487
1.8360E+00 0.097437830608

Average Error
0.657727222509