Energy Bin  Efficiency  Uncertainity
6.0327E-02 2.08667E-02 0.0959
8.8348E-02 1.90000E-02 0.0999
1.2213E-01 2.01333E-02 0.0954
1.5936E-01 2.35333E-02 0.0897
3.9236E-01 1.02000E-02 0.1162
5.1404E-01 9.40000E-03 0.1214
6.6221E-01 8.06667E-03 0.1220
8.9828E-01 6.66667E-03 0.1371
1.1731E+00 5.66667E-03 0.1370
1.3332E+00 4.46667E-03 0.1493
1.8360E+00 4.06667E-03 0.1487

Energy Bin   Relative Error
6.0327E-02 6.1596415084
8.8348E-02 0.607747197831
1.2213E-01 0.336839451441
1.5936E-01 0.550799647302
3.9236E-01 0.0242712370355
5.1404E-01 0.0485300709919
6.6221E-01 0.0506380751407
8.9828E-01 0.32361349281
1.1731E+00 0.353120560822
1.3332E+00 0.135350304238
1.8360E+00 0.310822341842

Chi Squared Value
40372.19128157594
Average Error
0.809215807987