Energy Bin    Value   Uncertainity
6.0327E-02 2.49423E-02 0.0062
8.8348E-02 2.58057E-02 0.0061
1.2213E-01 2.48910E-02 0.0061
1.5936E-01 2.29783E-02 0.0062
3.2020E-01 1.47247E-02 0.0072
3.9236E-01 1.29290E-02 0.0075
5.1404E-01 1.07197E-02 0.0079
6.6221E-01 9.04033E-03 0.0084
8.9828E-01 7.43800E-03 0.0090
1.1731E+00 6.48167E-03 0.0094
1.3332E+00 5.70167E-03 0.0099
1.8360E+00 4.81733E-03 0.0105

Energy Bin   Relative Error
6.0327E-02 7.55803391983
8.8348E-02 1.18363378227
1.2213E-01 0.652747974044
1.5936E-01 0.514226204383
3.2020E-01 0.530362437742
3.9236E-01 0.236784036899
5.1404E-01 0.195737000214
6.6221E-01 0.177451775
8.9828E-01 0.476754835551
1.1731E+00 0.547731021122
1.3332E+00 0.44926595633
1.8360E+00 0.552784905592

Average Error
1.08962615408