Energy Bin  Efficiency  Uncertainity
6.0327E-02 2.10935E-02 0.0030
8.8348E-02 2.17134E-02 0.0030
1.2213E-01 2.09190E-02 0.0030
1.5936E-01 1.90320E-02 0.0031
3.9236E-01 1.05312E-02 0.0037
5.1404E-01 8.77240E-03 0.0039
6.6221E-01 7.38073E-03 0.0041
8.9828E-01 6.03267E-03 0.0044
1.1731E+00 5.08953E-03 0.0046
1.3332E+00 4.67593E-03 0.0048
1.8360E+00 3.82620E-03 0.0052

Energy Bin   Relative Error
6.0327E-02 5.63433796325
8.8348E-02 0.684237886224
1.2213E-01 0.273258686404
1.5936E-01 0.149658171478
3.9236E-01 0.0765396876319
5.1404E-01 0.103019706184
6.6221E-01 0.11880991409
8.9828E-01 0.0979264198664
1.1731E+00 0.114032058909
1.3332E+00 0.0894955307689
1.8360E+00 0.130534993166

Chi Squared Value
1.199662817878437
Average Error
0.679259183452