Energy Bin  Efficiency  Uncertainity
6.0327E-02 2.20667E-02 0.0935
8.8348E-02 2.16000E-02 0.0933
1.2213E-01 2.20000E-02 0.0914
1.5936E-01 2.46667E-02 0.0869
3.9236E-01 1.12667E-02 0.1118
5.1404E-01 1.02667E-02 0.1175
6.6221E-01 9.00000E-03 0.1179
8.9828E-01 7.06667E-03 0.1347
1.1731E+00 5.93333E-03 0.1336
1.3332E+00 5.33333E-03 0.1407
1.8360E+00 4.33333E-03 0.1411

Energy Bin   Relative Error
6.0327E-02 6.57137742304
8.8348E-02 0.827754709113
1.2213E-01 0.460787249567
1.5936E-01 0.625488548572
3.9236E-01 0.0777689464404
5.1404E-01 0.145206774452
6.6221E-01 0.172199020942
8.9828E-01 0.40303026267
1.1731E+00 0.416795193146
1.3332E+00 0.355640295365
1.8360E+00 0.396775685899

Chi Squared Value
46640.91596242587
Average Error
0.950256737201