Energy Bin  Efficiency  Uncertainity
6.0327E-02 1.69333E-02 0.1070
8.8348E-02 1.62000E-02 0.1083
1.2213E-01 1.73333E-02 0.1032
1.5936E-01 2.06000E-02 0.0936
3.9236E-01 8.20000E-03 0.1291
5.1404E-01 7.46667E-03 0.1503
6.6221E-01 6.66667E-03 0.1393
8.9828E-01 5.06667E-03 0.1594
1.1731E+00 4.40000E-03 0.1626
1.3332E+00 3.93333E-03 0.1593
1.8360E+00 3.33333E-03 0.1667

Energy Bin   Relative Error
6.0327E-02 4.81003980285
8.8348E-02 0.370816031835
1.2213E-01 0.150921074224
1.5936E-01 0.357500764212
3.9236E-01 0.215590602323
5.1404E-01 0.167124678173
6.6221E-01 0.131703994784
8.9828E-01 0.00594641336909
1.1731E+00 0.0506576997808
1.3332E+00 0.000215504577894
1.8360E+00 0.0744425873581

Chi Squared Value
24308.64107740442
Average Error
0.57590537759