Energy Bin  Efficiency  Uncertainity
6.0327E-02 1.74667E-02 0.1055
8.8348E-02 1.65333E-02 0.1071
1.2213E-01 1.76000E-02 0.1025
1.5936E-01 2.09333E-02 0.0930
3.9236E-01 8.93333E-03 0.1245
5.1404E-01 7.93333E-03 0.1441
6.6221E-01 7.26667E-03 0.1325
8.9828E-01 5.60000E-03 0.1573
1.1731E+00 5.06667E-03 0.1494
1.3332E+00 4.20000E-03 0.1508
1.8360E+00 3.53333E-03 0.1606

Energy Bin   Relative Error
6.0327E-02 4.99305641691
8.8348E-02 0.399019302415
1.2213E-01 0.168629799654
1.5936E-01 0.379464599392
3.9236E-01 0.14544048725
5.1404E-01 0.115070737436
6.6221E-01 0.0535573933875
8.9828E-01 0.111834778043
1.1731E+00 0.209849056306
1.3332E+00 0.0675673998299
1.8360E+00 0.138909207066

Chi Squared Value
26225.510033877006
Average Error
0.616581743427