Energy Bin  Efficiency  Uncertainity
6.0327E-02 6.17000E-04 0.0179
8.8348E-02 6.47667E-04 0.0173
1.2213E-01 6.08600E-04 0.0176
1.5936E-01 5.96800E-04 0.0176
3.9236E-01 3.63933E-04 0.0200
5.1404E-01 3.22533E-04 0.0207
6.6221E-01 2.78000E-04 0.0219
8.9828E-01 2.29800E-04 0.0230
1.1731E+00 2.04267E-04 0.0235
1.3332E+00 1.84267E-04 0.0248
1.8360E+00 1.50667E-04 0.0267

Energy Bin   Relative Error
6.0327E-02 4.84649399874
8.8348E-02 0.855815262903
1.2213E-01 0.388587843126
1.5936E-01 0.278551888594
3.9236E-01 0.0977463150986
5.1404E-01 0.0577526364403
6.6221E-01 0.116041185131
8.9828E-01 0.0646450661909
1.1731E+00 0.0936279056694
1.3332E+00 0.0365676322592
1.8360E+00 0.0515869738442

Chi Squared Value
0.034171810572494556
Average Error
0.626128791636