Energy Bin  Efficiency  Uncertainity
6.0327E-02 5.74533E-04 0.0186
8.8348E-02 5.99467E-04 0.0180
1.2213E-01 5.67200E-04 0.0183
1.5936E-01 5.53733E-04 0.0182
3.9236E-01 3.30467E-04 0.0209
5.1404E-01 2.86800E-04 0.0217
6.6221E-01 2.42533E-04 0.0231
8.9828E-01 1.95200E-04 0.0245
1.1731E+00 1.73067E-04 0.0252
1.3332E+00 1.55400E-04 0.0267
1.8360E+00 1.30067E-04 0.0281

Energy Bin   Relative Error
6.0327E-02 4.44409033481
8.8348E-02 0.717703709169
1.2213E-01 0.294129189321
1.5936E-01 0.186287488148
3.9236E-01 0.00319857910193
5.1404E-01 0.162142962522
6.6221E-01 0.0263423857789
8.9828E-01 0.0956539733661
1.1731E+00 0.0734142042009
1.3332E+00 0.125819544177
1.8360E+00 0.0921916350164

Chi Squared Value
0.028012169740385555
Average Error
0.565543091419