Energy Bin  Efficiency  Uncertainity
6.0327E-02 6.14533E-04 0.0179
8.8348E-02 6.44600E-04 0.0174
1.2213E-01 6.06067E-04 0.0177
1.5936E-01 5.93667E-04 0.0176
3.9236E-01 3.59467E-04 0.0201
5.1404E-01 3.16200E-04 0.0209
6.6221E-01 2.72267E-04 0.0220
8.9828E-01 2.23133E-04 0.0232
1.1731E+00 1.98067E-04 0.0238
1.3332E+00 1.79000E-04 0.0251
1.8360E+00 1.46067E-04 0.0270

Energy Bin   Relative Error
6.0327E-02 4.82311749842
8.8348E-02 0.847027127315
1.2213E-01 0.382808525008
1.5936E-01 0.271839919648
3.9236E-01 0.0842753326836
5.1404E-01 0.0762538519854
6.6221E-01 0.0930258465905
8.9828E-01 0.0337573870948
1.1731E+00 0.0604336402464
1.3332E+00 0.00693887768505
1.8360E+00 0.0194810708947

Chi Squared Value
0.03373877865499389
Average Error
0.608996279779