Energy Bin  Efficiency  Uncertainity
6.0327E-02 6.17667E-04 0.0179
8.8348E-02 6.48867E-04 0.0173
1.2213E-01 6.09400E-04 0.0176
1.5936E-01 5.98600E-04 0.0175
3.9236E-01 3.65733E-04 0.0200
5.1404E-01 3.25600E-04 0.0207
6.6221E-01 2.78800E-04 0.0219
8.9828E-01 2.32000E-04 0.0230
1.1731E+00 2.06200E-04 0.0235
1.3332E+00 1.85000E-04 0.0248
1.8360E+00 1.52067E-04 0.0266

Energy Bin   Relative Error
6.0327E-02 4.85281427669
8.8348E-02 0.859253724821
1.2213E-01 0.390413131122
1.5936E-01 0.282408110778
3.9236E-01 0.103175730313
5.1404E-01 0.0487927078003
6.6221E-01 0.119252814441
8.9828E-01 0.0748374906714
1.1731E+00 0.103977021002
1.3332E+00 0.0406910188365
1.8360E+00 0.0613583356114

Chi Squared Value
0.03430725645009496
Average Error
0.630634032917