Energy Bin  Efficiency  Uncertainity
6.0327E-02 5.91933E-04 0.0183
8.8348E-02 6.13733E-04 0.0178
1.2213E-01 5.80600E-04 0.0180
1.5936E-01 5.64800E-04 0.0180
3.9236E-01 3.34933E-04 0.0208
5.1404E-01 2.89867E-04 0.0216
6.6221E-01 2.44933E-04 0.0230
8.9828E-01 1.97667E-04 0.0244
1.1731E+00 1.74667E-04 0.0251
1.3332E+00 1.56733E-04 0.0265
1.8360E+00 1.31133E-04 0.0280

Energy Bin   Relative Error
6.0327E-02 4.60896715098
8.8348E-02 0.758581290612
1.2213E-01 0.324702763258
1.5936E-01 0.209996827543
3.9236E-01 0.010272403313
5.1404E-01 0.153183033882
6.6221E-01 0.0167074978497
8.9828E-01 0.0842245591873
1.1731E+00 0.0648479421563
1.3332E+00 0.118320943485
1.8360E+00 0.084751440985

Chi Squared Value
0.030280698166746455
Average Error
0.584959623023