Energy Bin  Efficiency  Uncertainity
6.0327E-02 5.79600E-04 0.0185
8.8348E-02 6.02067E-04 0.0180
1.2213E-01 5.70667E-04 0.0182
1.5936E-01 5.56467E-04 0.0182
3.9236E-01 3.32933E-04 0.0208
5.1404E-01 2.87533E-04 0.0217
6.6221E-01 2.44733E-04 0.0231
8.9828E-01 1.95333E-04 0.0245
1.1731E+00 1.73400E-04 0.0252
1.3332E+00 1.56667E-04 0.0266
1.8360E+00 1.30000E-04 0.0282

Energy Bin   Relative Error
6.0327E-02 4.49210360076
8.8348E-02 0.725153709993
1.2213E-01 0.302039531175
1.5936E-01 0.192144661176
3.9236E-01 0.00423971974163
5.1404E-01 0.160001577555
6.6221E-01 0.0175104051771
8.9828E-01 0.0950377949771
1.1731E+00 0.0716313509129
1.3332E+00 0.118692217038
1.8360E+00 0.0926592644724

Chi Squared Value
0.028629348462907295
Average Error
0.570110348452