Energy Bin  Efficiency  Uncertainity
6.0327E-02 6.78600E-04 0.0171
8.8348E-02 7.07800E-04 0.0166
1.2213E-01 6.59533E-04 0.0169
1.5936E-01 6.41733E-04 0.0169
3.9236E-01 3.90867E-04 0.0193
5.1404E-01 3.44267E-04 0.0200
6.6221E-01 2.94267E-04 0.0213
8.9828E-01 2.45733E-04 0.0224
1.1731E+00 2.18467E-04 0.0228
1.3332E+00 1.95600E-04 0.0240
1.8360E+00 1.59600E-04 0.0260

Energy Bin   Relative Error
6.0327E-02 5.4301958307
8.8348E-02 1.02811945503
1.2213E-01 0.504797085015
1.5936E-01 0.374813906037
3.9236E-01 0.178988464755
5.1404E-01 0.00574103459374
6.6221E-01 0.181345652608
8.9828E-01 0.138461384031
1.1731E+00 0.169653481316
1.3332E+00 0.100319801537
1.8360E+00 0.113935241463

Chi Squared Value
0.04428008967386381
Average Error
0.747851939735