Energy Bin  Efficiency  Uncertainity
6.0327E-02 5.90467E-04 0.0183
8.8348E-02 6.13933E-04 0.0178
1.2213E-01 5.80000E-04 0.0181
1.5936E-01 5.64000E-04 0.0181
3.9236E-01 3.34800E-04 0.0208
5.1404E-01 2.89667E-04 0.0216
6.6221E-01 2.44867E-04 0.0230
8.9828E-01 1.97600E-04 0.0244
1.1731E+00 1.74400E-04 0.0251
1.3332E+00 1.56733E-04 0.0265
1.8360E+00 1.31200E-04 0.0280

Energy Bin   Relative Error
6.0327E-02 4.59507580543
8.8348E-02 0.759154367599
1.2213E-01 0.323333797261
1.5936E-01 0.208282951017
3.9236E-01 0.00987122985555
5.1404E-01 0.153767313545
6.6221E-01 0.0169724572678
8.9828E-01 0.0845349648419
1.1731E+00 0.066277437135
1.3332E+00 0.118320943485
1.8360E+00 0.084283811529

Chi Squared Value
0.030114892969676347
Average Error
0.583625007179