Energy Bin  Efficiency  Uncertainity
6.0327E-02 5.40067E-04 0.0191
8.8348E-02 5.78533E-04 0.0183
1.2213E-01 5.47000E-04 0.0186
1.5936E-01 5.36800E-04 0.0185
3.9236E-01 3.22467E-04 0.0211
5.1404E-01 2.81333E-04 0.0219
6.6221E-01 2.40733E-04 0.0232
8.9828E-01 1.93800E-04 0.0246
1.1731E+00 1.71200E-04 0.0253
1.3332E+00 1.54800E-04 0.0267
1.8360E+00 1.28533E-04 0.0283

Energy Bin   Relative Error
6.0327E-02 4.11750157928
8.8348E-02 0.657719740998
1.2213E-01 0.248040667417
1.5936E-01 0.150011149124
3.9236E-01 0.0273293133876
5.1404E-01 0.178114247124
6.6221E-01 0.0335685517258
8.9828E-01 0.102140061672
1.1731E+00 0.0834099612243
1.3332E+00 0.129194758292
1.8360E+00 0.102898255696

Chi Squared Value
0.023964700666200097
Average Error
0.52999348054