Energy Bin  Efficiency  Uncertainity
6.0327E-02 6.04467E-04 0.0181
8.8348E-02 6.15800E-04 0.0178
1.2213E-01 5.79667E-04 0.0181
1.5936E-01 5.68000E-04 0.0180
3.9236E-01 3.38067E-04 0.0207
5.1404E-01 2.91800E-04 0.0216
6.6221E-01 2.46133E-04 0.0230
8.9828E-01 1.97133E-04 0.0244
1.1731E+00 1.74400E-04 0.0251
1.3332E+00 1.57267E-04 0.0265
1.8360E+00 1.30400E-04 0.0281

Energy Bin   Relative Error
6.0327E-02 4.7277353127
8.8348E-02 0.764504041267
1.2213E-01 0.322574021132
1.5936E-01 0.216852333648
3.9236E-01 0.0197256184695
5.1404E-01 0.147535970934
6.6221E-01 0.0118900538851
8.9828E-01 0.0866985385839
1.1731E+00 0.066277437135
1.3332E+00 0.115317002922
1.8360E+00 0.0898674468246

Chi Squared Value
0.031727230695911636
Average Error
0.597179797955