Energy Bin  Efficiency  Uncertainity
6.0327E-02 6.25000E-04 0.0178
8.8348E-02 6.30133E-04 0.0176
1.2213E-01 5.91200E-04 0.0179
1.5936E-01 5.76733E-04 0.0179
3.9236E-01 3.41533E-04 0.0206
5.1404E-01 2.96467E-04 0.0214
6.6221E-01 2.48733E-04 0.0229
8.9828E-01 1.99733E-04 0.0242
1.1731E+00 1.75600E-04 0.0250
1.3332E+00 1.58800E-04 0.0264
1.8360E+00 1.31200E-04 0.0280

Energy Bin   Relative Error
6.0327E-02 4.92229943146
8.8348E-02 0.805573603501
1.2213E-01 0.348887829208
1.5936E-01 0.235561438278
3.9236E-01 0.0301802590987
5.1404E-01 0.133901804986
6.6221E-01 0.00145225862849
8.9828E-01 0.0746529460161
1.1731E+00 0.0598527406015
1.3332E+00 0.106693330858
1.8360E+00 0.084283811529

Chi Squared Value
0.034488637888052294
Average Error
0.618485404924