Energy Bin  Efficiency  Uncertainity
6.0327E-02 6.12867E-04 0.0180
8.8348E-02 6.42333E-04 0.0174
1.2213E-01 6.04533E-04 0.0177
1.5936E-01 5.89733E-04 0.0176
3.9236E-01 3.56067E-04 0.0201
5.1404E-01 3.11333E-04 0.0209
6.6221E-01 2.68000E-04 0.0221
8.9828E-01 2.17867E-04 0.0234
1.1731E+00 1.93400E-04 0.0240
1.3332E+00 1.73667E-04 0.0254
1.8360E+00 1.41867E-04 0.0272

Energy Bin   Relative Error
6.0327E-02 4.80733101706
8.8348E-02 0.840531299674
1.2213E-01 0.379308535275
1.5936E-01 0.26341193183
3.9236E-01 0.0740197706122
5.1404E-01 0.090472297597
6.6221E-01 0.0758958187597
8.9828E-01 0.00936042922462
1.1731E+00 0.035446924645
1.3332E+00 0.0230611504417
1.8360E+00 0.00983301440694

Chi Squared Value
0.03344812184016289
Average Error
0.600788380866