Energy Bin  Efficiency  Uncertainity
6.0327E-02 6.82067E-04 0.0170
8.8348E-02 7.11600E-04 0.0165
1.2213E-01 6.63467E-04 0.0169
1.5936E-01 6.46667E-04 0.0168
3.9236E-01 3.92933E-04 0.0192
5.1404E-01 3.46200E-04 0.0199
6.6221E-01 2.95400E-04 0.0212
8.9828E-01 2.47467E-04 0.0224
1.1731E+00 2.20533E-04 0.0227
1.3332E+00 1.96467E-04 0.0240
1.8360E+00 1.60267E-04 0.0260

Energy Bin   Relative Error
6.0327E-02 5.46304801011
8.8348E-02 1.03900791777
1.2213E-01 0.513772938736
1.5936E-01 0.385384239513
3.9236E-01 0.185220226884
5.1404E-01 0.0113880975416
6.6221E-01 0.185894122618
8.9828E-01 0.14649486769
1.1731E+00 0.180714667181
1.3332E+00 0.105196985934
1.8360E+00 0.118590597391

Chi Squared Value
0.04495368247581026
Average Error
0.757701151943