Energy Bin  Efficiency  Uncertainity
6.0327E-02 5.96733E-04 0.0182
8.8348E-02 6.19533E-04 0.0177
1.2213E-01 5.86267E-04 0.0180
1.5936E-01 5.69600E-04 0.0180
3.9236E-01 3.38733E-04 0.0206
5.1404E-01 2.93333E-04 0.0215
6.6221E-01 2.48267E-04 0.0228
8.9828E-01 2.01133E-04 0.0242
1.1731E+00 1.77533E-04 0.0250
1.3332E+00 1.59533E-04 0.0263
1.8360E+00 1.32400E-04 0.0279

Energy Bin   Relative Error
6.0327E-02 4.65445041061
8.8348E-02 0.775200523219
1.2213E-01 0.337632647101
1.5936E-01 0.220280086701
3.9236E-01 0.0217345020987
5.1404E-01 0.143057467313
6.6221E-01 0.00332303270141
8.9828E-01 0.0681668577103
1.1731E+00 0.0495036252689
1.3332E+00 0.102569944281
1.8360E+00 0.0759083585857

Chi Squared Value
0.03095904889019803
Average Error
0.58652976869