Energy Bin  Efficiency  Uncertainity
6.0327E-02 6.09200E-04 0.0180
8.8348E-02 6.36800E-04 0.0175
1.2213E-01 5.99467E-04 0.0178
1.5936E-01 5.85933E-04 0.0177
3.9236E-01 3.48333E-04 0.0203
5.1404E-01 3.04800E-04 0.0211
6.6221E-01 2.57400E-04 0.0224
8.9828E-01 2.11933E-04 0.0236
1.1731E+00 1.85667E-04 0.0245
1.3332E+00 1.66067E-04 0.0259
1.8360E+00 1.37400E-04 0.0274

Energy Bin   Relative Error
6.0327E-02 4.77258370183
8.8348E-02 0.824677124844
1.2213E-01 0.367749899039
1.5936E-01 0.25527101833
3.9236E-01 0.0506913832416
5.1404E-01 0.109557792806
6.6221E-01 0.0333417304058
8.9828E-01 0.0181313193514
1.1731E+00 0.00595489059946
1.3332E+00 0.0658138625669
1.8360E+00 0.0410106379885

Chi Squared Value
0.032845867964481266
Average Error
0.594980305546