Energy Bin  Efficiency  Uncertainity
6.0327E-02 6.15400E-04 0.0179
8.8348E-02 6.45333E-04 0.0174
1.2213E-01 6.06867E-04 0.0176
1.5936E-01 5.94400E-04 0.0176
3.9236E-01 3.60400E-04 0.0201
5.1404E-01 3.17533E-04 0.0208
6.6221E-01 2.73267E-04 0.0220
8.9828E-01 2.24800E-04 0.0232
1.1731E+00 2.00933E-04 0.0237
1.3332E+00 1.80667E-04 0.0250
1.8360E+00 1.47400E-04 0.0270

Energy Bin   Relative Error
6.0327E-02 4.83133291219
8.8348E-02 0.849127454471
1.2213E-01 0.384633813004
1.5936E-01 0.273410259015
3.9236E-01 0.0870895795697
5.1404E-01 0.0723596280281
6.6221E-01 0.0970403832277
8.9828E-01 0.0414804650989
1.1731E+00 0.0757779571339
1.3332E+00 0.0163163475683
1.8360E+00 0.0287848032059

Chi Squared Value
0.033875555480573305
Average Error
0.614304872956