Energy Bin  Efficiency  Uncertainity
6.0327E-02 6.35733E-04 0.0176
8.8348E-02 6.66267E-04 0.0171
1.2213E-01 6.24733E-04 0.0174
1.5936E-01 6.11000E-04 0.0174
3.9236E-01 3.70133E-04 0.0198
5.1404E-01 3.23800E-04 0.0205
6.6221E-01 2.73867E-04 0.0218
8.9828E-01 2.22533E-04 0.0231
1.1731E+00 1.98933E-04 0.0236
1.3332E+00 1.79200E-04 0.0249
1.8360E+00 1.46600E-04 0.0265

Energy Bin   Relative Error
6.0327E-02 5.02400189514
8.8348E-02 0.909111422642
1.2213E-01 0.425397057179
1.5936E-01 0.308973196935
3.9236E-01 0.11644763417
5.1404E-01 0.0540512247719
6.6221E-01 0.09944910521
8.9828E-01 0.0309776349637
1.1731E+00 0.0650701295781
1.3332E+00 0.00806394905677
1.8360E+00 0.0232011679104

Chi Squared Value
0.03702097704146844
Average Error
0.642249492505