Energy Bin  Efficiency  Uncertainity
6.0327E-02 6.15733E-04 0.0179
8.8348E-02 6.46333E-04 0.0173
1.2213E-01 6.07133E-04 0.0176
1.5936E-01 5.95600E-04 0.0176
3.9236E-01 3.61133E-04 0.0201
5.1404E-01 3.19133E-04 0.0208
6.6221E-01 2.73800E-04 0.0220
8.9828E-01 2.26600E-04 0.0231
1.1731E+00 2.01400E-04 0.0237
1.3332E+00 1.82200E-04 0.0249
1.8360E+00 1.48333E-04 0.0269

Energy Bin   Relative Error
6.0327E-02 4.83448831333
8.8348E-02 0.851992839403
1.2213E-01 0.385240721263
1.5936E-01 0.275981073804
3.9236E-01 0.0893005580986
5.1404E-01 0.06768539072
6.6221E-01 0.0991801312553
8.9828E-01 0.049819721492
1.1731E+00 0.0782782348682
1.3332E+00 0.0249400196325
1.8360E+00 0.0352967178694

Chi Squared Value
0.033949391733895884
Average Error
0.617473065612