Energy Bin  Efficiency  Uncertainity
6.0327E-02 5.28267E-04 0.0193
8.8348E-02 5.69600E-04 0.0185
1.2213E-01 5.39733E-04 0.0187
1.5936E-01 5.30400E-04 0.0186
3.9236E-01 3.20467E-04 0.0212
5.1404E-01 2.77400E-04 0.0221
6.6221E-01 2.39867E-04 0.0233
8.9828E-01 1.92867E-04 0.0247
1.1731E+00 1.71333E-04 0.0253
1.3332E+00 1.54133E-04 0.0267
1.8360E+00 1.27933E-04 0.0284

Energy Bin   Relative Error
6.0327E-02 4.00568856601
8.8348E-02 0.632123257398
1.2213E-01 0.231460207581
1.5936E-01 0.136300136914
3.9236E-01 0.033361996959
5.1404E-01 0.189604106707
6.6221E-01 0.0370451404536
8.9828E-01 0.106462576236
1.1731E+00 0.0826978906918
1.3332E+00 0.132946871317
1.8360E+00 0.107085982167

Chi Squared Value
0.022637613549982685
Average Error
0.517706975676