Energy Bin  Efficiency  Uncertainity
6.0327E-02 6.96267E-04 0.0169
8.8348E-02 7.26667E-04 0.0163
1.2213E-01 6.77467E-04 0.0167
1.5936E-01 6.58800E-04 0.0166
3.9236E-01 4.00533E-04 0.0190
5.1404E-01 3.53200E-04 0.0198
6.6221E-01 2.99733E-04 0.0210
8.9828E-01 2.53333E-04 0.0221
1.1731E+00 2.25200E-04 0.0224
1.3332E+00 2.00333E-04 0.0238
1.8360E+00 1.64800E-04 0.0254

Energy Bin   Relative Error
6.0327E-02 5.59760265319
8.8348E-02 1.08218067255
1.2213E-01 0.54571547867
1.5936E-01 0.411377319379
3.9236E-01 0.208144424456
5.1404E-01 0.0318378857646
6.6221E-01 0.203289109867
8.9828E-01 0.173671577691
1.1731E+00 0.205701382782
1.3332E+00 0.126944615549
1.8360E+00 0.150228870884

Chi Squared Value
0.04764524810878765
Average Error
0.794244908253