Energy Bin  Efficiency  Uncertainity
6.0327E-02 6.37333E-04 0.0176
8.8348E-02 6.67267E-04 0.0171
1.2213E-01 6.22800E-04 0.0174
1.5936E-01 6.11867E-04 0.0173
3.9236E-01 3.70267E-04 0.0199
5.1404E-01 3.25667E-04 0.0205
6.6221E-01 2.80533E-04 0.0218
8.9828E-01 2.33533E-04 0.0229
1.1731E+00 2.07867E-04 0.0233
1.3332E+00 1.86333E-04 0.0246
1.8360E+00 1.53733E-04 0.0266

Energy Bin   Relative Error
6.0327E-02 5.03916298168
8.8348E-02 0.911976807574
1.2213E-01 0.420986705059
1.5936E-01 0.31083061062
3.9236E-01 0.116851823969
5.1404E-01 0.048596974113
6.6221E-01 0.126210006433
8.9828E-01 0.0819397573662
1.1731E+00 0.11290199527
1.3332E+00 0.048189619529
1.8360E+00 0.0729862561144

Chi Squared Value
0.03728601839642202
Average Error
0.662784867066