Energy Bin  Efficiency  Uncertainity
6.0327E-02 5.84467E-04 0.0184
8.8348E-02 6.09133E-04 0.0179
1.2213E-01 5.75133E-04 0.0181
1.5936E-01 5.60000E-04 0.0181
3.9236E-01 3.32933E-04 0.0208
5.1404E-01 2.88867E-04 0.0216
6.6221E-01 2.43533E-04 0.0231
8.9828E-01 1.96533E-04 0.0245
1.1731E+00 1.73933E-04 0.0252
1.3332E+00 1.56133E-04 0.0266
1.8360E+00 1.30733E-04 0.0281

Energy Bin   Relative Error
6.0327E-02 4.53822173089
8.8348E-02 0.745400519924
1.2213E-01 0.312229201414
1.5936E-01 0.199713568386
3.9236E-01 0.00423971974163
5.1404E-01 0.156104432199
6.6221E-01 0.0223278491417
8.9828E-01 0.089478290715
1.1731E+00 0.0687777148693
1.3332E+00 0.1216961576
1.8360E+00 0.0875432586328

Chi Squared Value
0.029322893634408195
Average Error
0.576884767592