Energy Bin  Efficiency  Uncertainity
6.0327E-02 5.33867E-04 0.0192
8.8348E-02 5.76333E-04 0.0184
1.2213E-01 5.44000E-04 0.0186
1.5936E-01 5.36533E-04 0.0185
3.9236E-01 3.22933E-04 0.0211
5.1404E-01 2.81600E-04 0.0219
6.6221E-01 2.41333E-04 0.0232
8.9828E-01 1.94533E-04 0.0246
1.1731E+00 1.71800E-04 0.0253
1.3332E+00 1.54800E-04 0.0266
1.8360E+00 1.27800E-04 0.0283

Energy Bin   Relative Error
6.0327E-02 4.05875236892
8.8348E-02 0.651415894147
1.2213E-01 0.241195837431
1.5936E-01 0.149439142833
3.9236E-01 0.0259236981155
5.1404E-01 0.177334233773
6.6221E-01 0.0311598297435
8.9828E-01 0.0987441311518
1.1731E+00 0.0801976129575
1.3332E+00 0.129194758292
1.8360E+00 0.108014261535

Chi Squared Value
0.02330026178126398
Average Error
0.522851978991