Energy Bin  Efficiency  Uncertainity
6.0327E-02 6.18467E-04 0.0179
8.8348E-02 6.49400E-04 0.0173
1.2213E-01 6.10533E-04 0.0176
1.5936E-01 5.97800E-04 0.0175
3.9236E-01 3.61867E-04 0.0201
5.1404E-01 3.19200E-04 0.0207
6.6221E-01 2.75267E-04 0.0221
8.9828E-01 2.26133E-04 0.0232
1.1731E+00 2.02200E-04 0.0236
1.3332E+00 1.81800E-04 0.0249
1.8360E+00 1.49267E-04 0.0269

Energy Bin   Relative Error
6.0327E-02 4.86039481996
8.8348E-02 0.86078097499
1.2213E-01 0.392998195246
1.5936E-01 0.280694234252
3.9236E-01 0.0915145529693
5.1404E-01 0.0674896570327
6.6221E-01 0.105069456502
8.9828E-01 0.04765614775
1.1731E+00 0.0825613658905
1.3332E+00 0.0226898768891
1.8360E+00 0.0418156120769

Chi Squared Value
0.03438365976851365
Average Error
0.623060444869