Energy Bin  Efficiency  Uncertainity
6.0327E-02 6.89533E-04 0.0169
8.8348E-02 7.20400E-04 0.0164
1.2213E-01 6.71667E-04 0.0168
1.5936E-01 6.53800E-04 0.0167
3.9236E-01 3.96333E-04 0.0191
5.1404E-01 3.50600E-04 0.0198
6.6221E-01 2.97200E-04 0.0211
8.9828E-01 2.51467E-04 0.0222
1.1731E+00 2.23667E-04 0.0225
1.3332E+00 1.99533E-04 0.0238
1.8360E+00 1.62200E-04 0.0258

Energy Bin   Relative Error
6.0327E-02 5.5337934302
8.8348E-02 1.06422330518
1.2213E-01 0.532482140698
1.5936E-01 0.40066559109
3.9236E-01 0.195475788956
5.1404E-01 0.0242422501389
6.6221E-01 0.193120288565
8.9828E-01 0.165026548563
1.1731E+00 0.197493832961
1.3332E+00 0.122444330062
1.8360E+00 0.132082056174

Chi Squared Value
0.0464002139988994
Average Error
0.778277232962