Energy Bin  Efficiency  Uncertainity
6.0327E-02 5.76467E-04 0.0185
8.8348E-02 6.01733E-04 0.0180
1.2213E-01 5.68467E-04 0.0182
1.5936E-01 5.54333E-04 0.0182
3.9236E-01 3.31000E-04 0.0209
5.1404E-01 2.87067E-04 0.0217
6.6221E-01 2.42867E-04 0.0231
8.9828E-01 1.96067E-04 0.0245
1.1731E+00 1.73800E-04 0.0252
1.3332E+00 1.55667E-04 0.0266
1.8360E+00 1.30467E-04 0.0281

Energy Bin   Relative Error
6.0327E-02 4.46241629817
8.8348E-02 0.724196671426
1.2213E-01 0.297019989185
1.5936E-01 0.187572895543
3.9236E-01 0.00159086893015
5.1404E-01 0.161362949171
6.6221E-01 0.0250015305421
8.9828E-01 0.0916372315368
1.1731E+00 0.0694897854018
1.3332E+00 0.124317573896
1.8360E+00 0.0893998173686

Chi Squared Value
0.028263608156191954
Average Error
0.566727782833