Energy Bin  Efficiency  Uncertainity
6.0327E-02 6.41933E-04 0.0175
8.8348E-02 6.70667E-04 0.0170
1.2213E-01 6.27800E-04 0.0173
1.5936E-01 6.15467E-04 0.0173
3.9236E-01 3.73933E-04 0.0198
5.1404E-01 3.27667E-04 0.0204
6.6221E-01 2.81733E-04 0.0217
8.9828E-01 2.33933E-04 0.0228
1.1731E+00 2.09267E-04 0.0231
1.3332E+00 1.87667E-04 0.0246
1.8360E+00 1.54000E-04 0.0265

Energy Bin   Relative Error
6.0327E-02 5.0827511055
8.8348E-02 0.921719116344
1.2213E-01 0.432394755035
1.5936E-01 0.318543054988
3.9236E-01 0.127909732956
5.1404E-01 0.0427541774779
6.6221E-01 0.131027450398
8.9828E-01 0.0837929254536
1.1731E+00 0.120397474559
1.3332E+00 0.0556938455783
1.8360E+00 0.0748497943943

Chi Squared Value
0.03801708560102828
Average Error
0.671984857516