Energy Bin  Efficiency  Uncertainity
6.0327E-02 3.41820E-03 0.0076
8.8348E-02 3.39833E-03 0.0075
1.2213E-01 3.21327E-03 0.0076
1.5936E-01 2.89553E-03 0.0079
3.9236E-01 1.61020E-03 0.0094
5.1404E-01 1.35847E-03 0.0099
6.6221E-01 1.15020E-03 0.0105
8.9828E-01 9.40600E-04 0.0111
1.1731E+00 7.94933E-04 0.0117
1.3332E+00 7.55867E-04 0.0120
1.8360E+00 6.09400E-04 0.0130

Energy Bin   Relative Error
6.0327E-02 3.19231425777
8.8348E-02 0.445657911381
1.2213E-01 0.335572691041
1.5936E-01 0.189467308054
3.9236E-01 0.0214015579427
5.1404E-01 0.033055498217
6.6221E-01 0.00613484443089
8.9828E-01 0.0148229788308
1.1731E+00 0.0218390461293
1.3332E+00 0.0109871587701
1.8360E+00 0.00474643631255

Chi Squared Value
0.10051044382359002
Average Error
0.388727244444