Energy Bin  Efficiency  Uncertainity
6.0327E-02 3.60740E-03 0.0074
8.8348E-02 3.53307E-03 0.0074
1.2213E-01 3.31167E-03 0.0075
1.5936E-01 2.97433E-03 0.0078
3.9236E-01 1.64080E-03 0.0093
5.1404E-01 1.37767E-03 0.0098
6.6221E-01 1.16207E-03 0.0104
8.9828E-01 9.48600E-04 0.0111
1.1731E+00 7.99267E-04 0.0117
1.3332E+00 7.59067E-04 0.0120
1.8360E+00 6.09000E-04 0.0130

Energy Bin   Relative Error
6.0327E-02 3.42436207755
8.8348E-02 0.502976637632
1.2213E-01 0.376471947187
1.5936E-01 0.221837901304
3.9236E-01 0.0408121204027
5.1404E-01 0.019389142365
6.6221E-01 0.0165181000416
8.9828E-01 0.00644384192949
1.1731E+00 0.016506081497
1.3332E+00 0.00680012442153
1.8360E+00 0.00539970415875

Chi Squared Value
0.11682285789084279
Average Error
0.421592516227