Energy Bin  Efficiency  Uncertainity
6.0327E-02 4.18407E-03 0.0069
8.8348E-02 4.11293E-03 0.0068
1.2213E-01 3.88080E-03 0.0069
1.5936E-01 3.48873E-03 0.0072
3.9236E-01 1.96900E-03 0.0086
5.1404E-01 1.66220E-03 0.0090
6.6221E-01 1.42167E-03 0.0095
8.9828E-01 1.17707E-03 0.0101
1.1731E+00 1.00993E-03 0.0106
1.3332E+00 9.66000E-04 0.0108
1.8360E+00 7.72333E-04 0.0116

Energy Bin   Relative Error
6.0327E-02 4.13162960521
8.8348E-02 0.749650502882
1.2213E-01 0.613026760711
1.5936E-01 0.43315050496
3.9236E-01 0.248999917767
5.1404E-01 0.18313628631
6.6221E-01 0.243602611965
8.9828E-01 0.23285383405
1.1731E+00 0.242713652777
1.3332E+00 0.263960993969
1.8360E+00 0.26135078865

Chi Squared Value
0.1870840152421152
Average Error
0.691279587204