Energy Bin  Efficiency  Uncertainity
6.0327E-02 3.28647E-03 0.0077
8.8348E-02 3.31293E-03 0.0076
1.2213E-01 3.13600E-03 0.0077
1.5936E-01 2.83200E-03 0.0080
3.9236E-01 1.58047E-03 0.0095
5.1404E-01 1.33593E-03 0.0099
6.6221E-01 1.12967E-03 0.0106
8.9828E-01 9.24400E-04 0.0112
1.1731E+00 7.81800E-04 0.0118
1.3332E+00 7.45600E-04 0.0121
1.8360E+00 6.00067E-04 0.0131

Energy Bin   Relative Error
6.0327E-02 3.03075157649
8.8348E-02 0.409328542064
1.2213E-01 0.303455968252
1.5936E-01 0.163369544231
3.9236E-01 0.00254286441543
5.1404E-01 0.0490992305557
6.6221E-01 0.0118237265621
8.9828E-01 0.0317907310559
1.1731E+00 0.0379991348503
1.3332E+00 0.0244209967878
1.8360E+00 0.019988808334

Chi Squared Value
0.08993744516717221
Average Error
0.371324647599