Energy Bin  Efficiency  Uncertainity
6.0327E-02 3.66053E-03 0.0073
8.8348E-02 3.62447E-03 0.0073
1.2213E-01 3.42320E-03 0.0074
1.5936E-01 3.08413E-03 0.0076
3.9236E-01 1.71993E-03 0.0091
5.1404E-01 1.44580E-03 0.0096
6.6221E-01 1.22193E-03 0.0102
8.9828E-01 1.00047E-03 0.0108
1.1731E+00 8.49467E-04 0.0114
1.3332E+00 8.08267E-04 0.0116
1.8360E+00 6.49067E-04 0.0125

Energy Bin   Relative Error
6.0327E-02 3.48952434322
8.8348E-02 0.541858421656
1.2213E-01 0.422828593915
1.5936E-01 0.266943118803
3.9236E-01 0.0910068199928
5.1404E-01 0.0291050672285
6.6221E-01 0.0688804994396
8.9828E-01 0.0478843869543
1.1731E+00 0.045264759422
1.3332E+00 0.0575755286874
1.8360E+00 0.0600365028256

Chi Squared Value
0.12375431080819202
Average Error
0.465537094741