Energy Bin  Efficiency  Uncertainity
6.0327E-02 3.74813E-03 0.0072
8.8348E-02 3.70940E-03 0.0072
1.2213E-01 3.50927E-03 0.0073
1.5936E-01 3.16540E-03 0.0075
3.9236E-01 1.76820E-03 0.0090
5.1404E-01 1.48827E-03 0.0094
6.6221E-01 1.26153E-03 0.0100
8.9828E-01 1.03033E-03 0.0107
1.1731E+00 8.76067E-04 0.0112
1.3332E+00 8.33000E-04 0.0114
1.8360E+00 6.70067E-04 0.0123

Energy Bin   Relative Error
6.0327E-02 3.59696297437
8.8348E-02 0.577987851821
1.2213E-01 0.458602973758
1.5936E-01 0.30032837405
3.9236E-01 0.121626030775
5.1404E-01 0.0593347616573
6.6221E-01 0.103520509733
8.9828E-01 0.0791595154383
1.1731E+00 0.0779959221401
1.3332E+00 0.089937378857
1.8360E+00 0.0943330647512

Chi Squared Value
0.13335358370239464
Average Error
0.505435396123