Energy Bin  Efficiency  Uncertainity
6.0327E-02 3.66033E-03 0.0073
8.8348E-02 3.62447E-03 0.0073
1.2213E-01 3.42393E-03 0.0074
1.5936E-01 3.08600E-03 0.0076
3.9236E-01 1.76527E-03 0.0091
5.1404E-01 1.50367E-03 0.0095
6.6221E-01 1.28287E-03 0.0101
8.9828E-01 1.06087E-03 0.0107
1.1731E+00 9.18267E-04 0.0112
1.3332E+00 8.74333E-04 0.0114
1.8360E+00 7.07467E-04 0.0122

Energy Bin   Relative Error
6.0327E-02 3.48927904954
8.8348E-02 0.541858421656
1.2213E-01 0.423132013194
1.5936E-01 0.267711304201
3.9236E-01 0.119767437703
5.1404E-01 0.0702963179136
6.6221E-01 0.122187626391
8.9828E-01 0.111146870559
1.1731E+00 0.129922804347
1.3332E+00 0.14401946971
1.8360E+00 0.155413608371

Chi Squared Value
0.12457637824036676
Average Error
0.506794083963