Energy Bin  Efficiency  Uncertainity
6.0327E-02 3.69400E-03 0.0073
8.8348E-02 3.65753E-03 0.0073
1.2213E-01 3.45687E-03 0.0074
1.5936E-01 3.10987E-03 0.0076
3.9236E-01 1.76733E-03 0.0091
5.1404E-01 1.49913E-03 0.0095
6.6221E-01 1.27527E-03 0.0101
8.9828E-01 1.05080E-03 0.0107
1.1731E+00 9.03733E-04 0.0112
1.3332E+00 8.59200E-04 0.0114
1.8360E+00 6.91733E-04 0.0123

Energy Bin   Relative Error
6.0327E-02 3.53057424031
8.8348E-02 0.555922226686
1.2213E-01 0.436823288575
1.5936E-01 0.277516964872
3.9236E-01 0.121074161843
5.1404E-01 0.0670647941861
6.6221E-01 0.115539543608
8.9828E-01 0.100599631984
1.1731E+00 0.112038792357
1.3332E+00 0.124218722586
1.8360E+00 0.129717317641

Chi Squared Value
0.127852881657363
Average Error
0.506462698604