Energy Bin  Efficiency  Uncertainity
6.0327E-02 3.18527E-03 0.0079
8.8348E-02 3.24727E-03 0.0077
1.2213E-01 3.07847E-03 0.0078
1.5936E-01 2.78407E-03 0.0080
3.9236E-01 1.56067E-03 0.0096
5.1404E-01 1.32220E-03 0.0100
6.6221E-01 1.11840E-03 0.0106
8.9828E-01 9.18733E-04 0.0113
1.1731E+00 7.76867E-04 0.0118
1.3332E+00 7.41267E-04 0.0121
1.8360E+00 5.97733E-04 0.0131

Energy Bin   Relative Error
6.0327E-02 2.90663297521
8.8348E-02 0.38139661713
1.2213E-01 0.279544035263
1.5936E-01 0.143680171966
3.9236E-01 0.010016911294
5.1404E-01 0.0588720985686
6.6221E-01 0.021682133532
8.9828E-01 0.0377263021583
1.1731E+00 0.0440691658912
1.3332E+00 0.0300905029853
1.8360E+00 0.0238006262166

Chi Squared Value
0.0822606114824349
Average Error
0.357955594565