Energy Bin  Efficiency  Uncertainity
6.0327E-02 3.41800E-03 0.0076
8.8348E-02 3.39713E-03 0.0075
1.2213E-01 3.21133E-03 0.0076
1.5936E-01 2.89313E-03 0.0079
3.9236E-01 1.60520E-03 0.0094
5.1404E-01 1.35400E-03 0.0099
6.6221E-01 1.14360E-03 0.0105
8.9828E-01 9.35933E-04 0.0112
1.1731E+00 7.90733E-04 0.0117
1.3332E+00 7.51133E-04 0.0120
1.8360E+00 6.04800E-04 0.0130

Energy Bin   Relative Error
6.0327E-02 3.19206896409
8.8348E-02 0.44514742844
1.2213E-01 0.334766343917
1.5936E-01 0.18848140166
3.9236E-01 0.01822989741
5.1404E-01 0.0362371966888
6.6221E-01 0.000361509381987
8.9828E-01 0.0197111578206
1.1731E+00 0.0270071244533
1.3332E+00 0.0171813527095
1.8360E+00 0.0122590165439

Chi Squared Value
0.10046746932058666
Average Error
0.390131944829