Energy Bin  Efficiency  Uncertainity
6.0327E-02 3.81767E-03 0.0072
8.8348E-02 3.77733E-03 0.0072
1.2213E-01 3.57607E-03 0.0072
1.5936E-01 3.22760E-03 0.0075
3.9236E-01 1.81033E-03 0.0089
5.1404E-01 1.52167E-03 0.0093
6.6221E-01 1.29267E-03 0.0099
8.9828E-01 1.05767E-03 0.0105
1.1731E+00 8.99000E-04 0.0111
1.3332E+00 8.53867E-04 0.0113
1.8360E+00 6.88200E-04 0.0121

Energy Bin   Relative Error
6.0327E-02 3.68225158635
8.8348E-02 0.606885440319
1.2213E-01 0.486367915939
1.5936E-01 0.325879781413
3.9236E-01 0.148350442424
5.1404E-01 0.0831085265248
6.6221E-01 0.130760154191
8.9828E-01 0.107795215798
1.1731E+00 0.106214860283
1.3332E+00 0.117240768154
1.8360E+00 0.123947329389

Chi Squared Value
0.1413814227910148
Average Error
0.538072910981