Energy Bin  Efficiency  Uncertainity
6.0327E-02 3.71340E-03 0.0073
8.8348E-02 3.67400E-03 0.0073
1.2213E-01 3.47640E-03 0.0073
1.5936E-01 3.13093E-03 0.0076
3.9236E-01 1.74873E-03 0.0090
5.1404E-01 1.47227E-03 0.0095
6.6221E-01 1.24393E-03 0.0101
8.9828E-01 1.01920E-03 0.0107
1.1731E+00 8.66933E-04 0.0113
1.3332E+00 8.23000E-04 0.0115
1.8360E+00 6.63467E-04 0.0124

Energy Bin   Relative Error
6.0327E-02 3.55436772711
8.8348E-02 0.562928605055
1.2213E-01 0.444940793377
1.5936E-01 0.286168293474
3.9236E-01 0.109275584661
5.1404E-01 0.0479461317807
6.6221E-01 0.0881249496026
8.9828E-01 0.0675020412244
1.1731E+00 0.0667565822804
1.3332E+00 0.0768528965178
1.8360E+00 0.0835541452888

Chi Squared Value
0.12945901432849038
Average Error
0.489856159125