Energy Bin  Efficiency  Uncertainity
6.0327E-02 3.72793E-03 0.0073
8.8348E-02 3.68967E-03 0.0072
1.2213E-01 3.48720E-03 0.0073
1.5936E-01 3.13847E-03 0.0076
3.9236E-01 1.78093E-03 0.0090
5.1404E-01 1.51080E-03 0.0095
6.6221E-01 1.28540E-03 0.0100
8.9828E-01 1.06033E-03 0.0106
1.1731E+00 9.10000E-04 0.0112
1.3332E+00 8.67667E-04 0.0113
1.8360E+00 6.99400E-04 0.0122

Energy Bin   Relative Error
6.0327E-02 3.57218831285
8.8348E-02 0.569594661462
1.2213E-01 0.449429736125
1.5936E-01 0.289265682727
3.9236E-01 0.129701078491
5.1404E-01 0.0753713761024
6.6221E-01 0.12440073816
8.9828E-01 0.110581278818
1.1731E+00 0.119750303513
1.3332E+00 0.135297353782
1.8360E+00 0.142238829083

Chi Squared Value
0.13154351189014168
Average Error
0.519801759192