Energy Bin  Efficiency  Uncertainity
6.0327E-02 3.80067E-03 0.0072
8.8348E-02 3.75833E-03 0.0072
1.2213E-01 3.54880E-03 0.0073
1.5936E-01 3.19107E-03 0.0075
3.9236E-01 1.81260E-03 0.0089
5.1404E-01 1.53167E-03 0.0094
6.6221E-01 1.30587E-03 0.0099
8.9828E-01 1.07720E-03 0.0105
1.1731E+00 9.26067E-04 0.0111
1.3332E+00 8.82200E-04 0.0113
1.8360E+00 7.09800E-04 0.0121

Energy Bin   Relative Error
6.0327E-02 3.66140162369
8.8348E-02 0.598802793749
1.2213E-01 0.475033335501
1.5936E-01 0.310873464516
3.9236E-01 0.149790376305
5.1404E-01 0.0902264201977
6.6221E-01 0.142306824289
8.9828E-01 0.128250783759
1.1731E+00 0.139520664091
1.3332E+00 0.154313031966
1.8360E+00 0.159223793084

Chi Squared Value
0.13955386250588125
Average Error
0.546340282832