Energy Bin  Efficiency  Uncertainity
6.0327E-02 3.66053E-03 0.0073
8.8348E-02 3.62427E-03 0.0073
1.2213E-01 3.42367E-03 0.0074
1.5936E-01 3.08513E-03 0.0076
3.9236E-01 1.74853E-03 0.0091
5.1404E-01 1.48260E-03 0.0095
6.6221E-01 1.26227E-03 0.0101
8.9828E-01 1.03840E-03 0.0107
1.1731E+00 8.89533E-04 0.0113
1.3332E+00 8.47533E-04 0.0115
1.8360E+00 6.83867E-04 0.0123

Energy Bin   Relative Error
6.0327E-02 3.48952434322
8.8348E-02 0.541773341165
1.2213E-01 0.423023946053
1.5936E-01 0.267353913133
3.9236E-01 0.10914871824
5.1404E-01 0.0552989159448
6.6221E-01 0.104167823057
8.9828E-01 0.0876119697875
1.1731E+00 0.0945657656424
1.3332E+00 0.108953057041
1.8360E+00 0.116870805445

Chi Squared Value
0.12419390950707587
Average Error
0.490753872612