Energy Bin  Efficiency  Uncertainity
6.0327E-02 3.67853E-03 0.0073
8.8348E-02 3.64267E-03 0.0073
1.2213E-01 3.44087E-03 0.0074
1.5936E-01 3.09893E-03 0.0076
3.9236E-01 1.72987E-03 0.0091
5.1404E-01 1.45427E-03 0.0095
6.6221E-01 1.22907E-03 0.0101
8.9828E-01 1.00673E-03 0.0108
1.1731E+00 8.55867E-04 0.0113
1.3332E+00 8.12267E-04 0.0116
1.8360E+00 6.54400E-04 0.0125

Energy Bin   Relative Error
6.0327E-02 3.51160077428
8.8348E-02 0.549600746264
1.2213E-01 0.430173003022
1.5936E-01 0.273022874896
3.9236E-01 0.0973120811318
5.1404E-01 0.0351339231695
6.6221E-01 0.0751261982652
8.9828E-01 0.0544410615795
1.1731E+00 0.0531399263918
1.3332E+00 0.0628093216231
1.8360E+00 0.0687461963851

Chi Squared Value
0.12567745984563308
Average Error
0.473736918819