Energy Bin  Efficiency  Uncertainity
6.0327E-02 3.50093E-03 0.0075
8.8348E-02 3.46793E-03 0.0075
1.2213E-01 3.27520E-03 0.0076
1.5936E-01 2.94160E-03 0.0078
3.9236E-01 1.62527E-03 0.0094
5.1404E-01 1.36753E-03 0.0098
6.6221E-01 1.15407E-03 0.0105
8.9828E-01 9.44267E-04 0.0111
1.1731E+00 7.94933E-04 0.0117
1.3332E+00 7.55467E-04 0.0120
1.8360E+00 6.08133E-04 0.0130

Energy Bin   Relative Error
6.0327E-02 3.29377998785
8.8348E-02 0.475265921973
1.2213E-01 0.361313452557
1.5936E-01 0.208392602864
3.9236E-01 0.0309609427882
5.1404E-01 0.0266066865493
6.6221E-01 0.0095201181641
8.9828E-01 0.0109821919536
1.1731E+00 0.0218390461293
1.3332E+00 0.0115105380637
1.8360E+00 0.00681566221539

Chi Squared Value
0.10779702652923717
Average Error
0.405180650101