Energy Bin  Efficiency  Uncertainity
6.0327E-02 3.66053E-03 0.0073
8.8348E-02 3.62407E-03 0.0073
1.2213E-01 3.42347E-03 0.0074
1.5936E-01 3.08553E-03 0.0076
3.9236E-01 1.75413E-03 0.0091
5.1404E-01 1.49033E-03 0.0095
6.6221E-01 1.27080E-03 0.0101
8.9828E-01 1.04733E-03 0.0107
1.1731E+00 9.00133E-04 0.0112
1.3332E+00 8.56467E-04 0.0114
1.8360E+00 6.89800E-04 0.0123

Energy Bin   Relative Error
6.0327E-02 3.48952434322
8.8348E-02 0.541688260675
1.2213E-01 0.422940817484
1.5936E-01 0.267518230866
3.9236E-01 0.112700978036
5.1404E-01 0.0608010477539
6.6221E-01 0.111629421233
8.9828E-01 0.0969651813536
1.1731E+00 0.107609010936
1.3332E+00 0.120642733562
1.8360E+00 0.126560400774

Chi Squared Value
0.12431595932318412
Average Error
0.496234584173