Energy Bin  Efficiency  Uncertainity
6.0327E-02 3.18533E-03 0.0079
8.8348E-02 3.24793E-03 0.0077
1.2213E-01 3.07887E-03 0.0078
1.5936E-01 2.78387E-03 0.0080
3.9236E-01 1.56073E-03 0.0096
5.1404E-01 1.32227E-03 0.0100
6.6221E-01 1.11760E-03 0.0106
8.9828E-01 9.17667E-04 0.0113
1.1731E+00 7.76800E-04 0.0118
1.3332E+00 7.40200E-04 0.0121
1.8360E+00 5.97600E-04 0.0131

Energy Bin   Relative Error
6.0327E-02 2.90670656331
8.8348E-02 0.381677382748
1.2213E-01 0.279710292401
1.5936E-01 0.1435980131
3.9236E-01 0.00997885136757
5.1404E-01 0.0588222733129
6.6221E-01 0.0223819317197
8.9828E-01 0.0388428221504
1.1731E+00 0.0441516090454
1.3332E+00 0.0314866172509
1.8360E+00 0.0240178377755

Chi Squared Value
0.08227385641004432
Average Error
0.358306744926