Energy Bin  Efficiency  Uncertainity
6.0327E-02 3.83480E-03 0.0072
8.8348E-02 3.79247E-03 0.0071
1.2213E-01 3.57940E-03 0.0072
1.5936E-01 3.21800E-03 0.0075
3.9236E-01 1.82767E-03 0.0089
5.1404E-01 1.54467E-03 0.0094
6.6221E-01 1.31613E-03 0.0099
8.9828E-01 1.08467E-03 0.0105
1.1731E+00 9.35200E-04 0.0110
1.3332E+00 8.90533E-04 0.0112
1.8360E+00 7.15733E-04 0.0121

Energy Bin   Relative Error
6.0327E-02 3.70326098991
8.8348E-02 0.613326033427
1.2213E-01 0.48775200662
1.5936E-01 0.321936155839
3.9236E-01 0.159349761151
5.1404E-01 0.0994796819725
6.6221E-01 0.151281736047
8.9828E-01 0.13607480284
1.1731E+00 0.150758773456
1.3332E+00 0.165216331099
1.8360E+00 0.168913388413

Chi Squared Value
0.14349860614224147
Average Error
0.55975906007