Energy Bin  Efficiency  Uncertainity
6.0327E-02 1.19965E-02 0.0040
8.8348E-02 1.27679E-02 0.0039
1.2213E-01 1.26519E-02 0.0038
1.5936E-01 1.19259E-02 0.0039
3.9236E-01 7.13907E-03 0.0045
5.1404E-01 5.95833E-03 0.0047
6.6221E-01 5.08413E-03 0.0049
8.9828E-01 4.18233E-03 0.0052
1.1731E+00 3.57807E-03 0.0055
1.3332E+00 3.29427E-03 0.0057
1.8360E+00 2.71647E-03 0.0061

Energy Bin   Relative Error
6.0327E-02 38.9432086029
8.8348E-02 9.44132413186
1.2213E-01 7.41775326979
1.5936E-01 7.04544235631
3.9236E-01 5.39707153975
5.1404E-01 4.38544235031
6.6221E-01 5.0258646872
8.9828E-01 4.91366267139
1.1731E+00 4.82824998056
1.3332E+00 4.63961869784
1.8360E+00 4.79946626815

Chi Squared Value
1815550.776978173
Average Error
8.80337314146