Energy Bin  Efficiency  Uncertainity
6.0327E-02 8.60453E-03 0.0048
8.8348E-02 9.09113E-03 0.0046
1.2213E-01 8.95353E-03 0.0046
1.5936E-01 8.29340E-03 0.0047
3.9236E-01 4.47600E-03 0.0055
5.1404E-01 3.61093E-03 0.0059
6.6221E-01 3.00393E-03 0.0062
8.9828E-01 2.42307E-03 0.0067
1.1731E+00 2.02413E-03 0.0071
1.3332E+00 1.87447E-03 0.0074
1.8360E+00 1.48827E-03 0.0080

Energy Bin   Relative Error
6.0327E-02 27.6494008019
8.8348E-02 6.43453779047
1.2213E-01 4.95709786148
1.5936E-01 4.59488773492
3.9236E-01 3.01078742916
5.1404E-01 2.26374258324
6.6221E-01 2.56034871449
8.9828E-01 2.42613294723
1.1731E+00 2.29706675195
1.3332E+00 2.20899503093
1.8360E+00 2.17734842015

Chi Squared Value
861273.2289736054
Average Error
5.50730418781