Energy Bin  Efficiency  Uncertainity
6.0327E-02 7.55247E-03 0.0051
8.8348E-02 8.20447E-03 0.0049
1.2213E-01 8.20207E-03 0.0048
1.5936E-01 7.60240E-03 0.0049
3.9236E-01 4.10707E-03 0.0057
5.1404E-01 3.31720E-03 0.0061
6.6221E-01 2.76927E-03 0.0065
8.9828E-01 2.23880E-03 0.0069
1.1731E+00 1.87280E-03 0.0074
1.3332E+00 1.73047E-03 0.0077
1.8360E+00 1.37447E-03 0.0083

Energy Bin   Relative Error
6.0327E-02 24.1464914498
8.8348E-02 5.7094456097
1.2213E-01 4.45712514022
1.5936E-01 4.12872579592
3.9236E-01 2.68020212839
5.1404E-01 1.99825443781
6.6221E-01 2.28222258328
8.9828E-01 2.16558186196
1.1731E+00 2.05056820118
1.3332E+00 1.96247452942
1.8360E+00 1.93439368061

Chi Squared Value
661136.1909794918
Average Error
4.86504412894