Energy Bin  Efficiency  Uncertainity
6.0327E-02 7.64720E-03 0.0051
8.8348E-02 8.30753E-03 0.0048
1.2213E-01 8.27047E-03 0.0048
1.5936E-01 7.64280E-03 0.0048
3.9236E-01 4.08820E-03 0.0057
5.1404E-01 3.30253E-03 0.0061
6.6221E-01 2.75233E-03 0.0065
8.9828E-01 2.21447E-03 0.0069
1.1731E+00 1.84787E-03 0.0074
1.3332E+00 1.70667E-03 0.0077
1.8360E+00 1.35873E-03 0.0084

Energy Bin   Relative Error
6.0327E-02 24.4619017904
8.8348E-02 5.79372594281
1.2213E-01 4.5026340617
1.5936E-01 4.1559804158
3.9236E-01 2.66329337978
5.1404E-01 1.98499494408
6.6221E-01 2.26214478279
8.9828E-01 2.13118012589
1.1731E+00 2.00996019965
1.3332E+00 1.92173016876
1.8360E+00 1.90078992314

Chi Squared Value
676551.545782282
Average Error
4.88984870316