Energy Bin  Efficiency  Uncertainity
6.0327E-02 8.87473E-03 0.0047
8.8348E-02 9.38927E-03 0.0045
1.2213E-01 9.24373E-03 0.0045
1.5936E-01 8.58047E-03 0.0046
3.9236E-01 4.69300E-03 0.0054
5.1404E-01 3.78927E-03 0.0058
6.6221E-01 3.16933E-03 0.0061
8.9828E-01 2.56320E-03 0.0065
1.1731E+00 2.14847E-03 0.0070
1.3332E+00 1.98333E-03 0.0072
1.8360E+00 1.58560E-03 0.0078

Energy Bin   Relative Error
6.0327E-02 28.5490511136
8.8348E-02 6.67835050647
1.2213E-01 5.15017811021
1.5936E-01 4.78855069848
3.9236E-01 3.20523355788
5.1404E-01 2.42493536524
6.6221E-01 2.75638579837
8.9828E-01 2.62427167615
1.1731E+00 2.49960180648
1.3332E+00 2.39535768227
1.8360E+00 2.38514090521

Chi Squared Value
923607.9812655476
Average Error
5.76882338367