Energy Bin  Efficiency  Uncertainity
6.0327E-02 7.54993E-03 0.0051
8.8348E-02 8.19727E-03 0.0049
1.2213E-01 8.17907E-03 0.0048
1.5936E-01 7.56927E-03 0.0049
3.9236E-01 4.06560E-03 0.0058
5.1404E-01 3.27840E-03 0.0062
6.6221E-01 2.72860E-03 0.0065
8.9828E-01 2.20460E-03 0.0070
1.1731E+00 1.84193E-03 0.0074
1.3332E+00 1.70280E-03 0.0077
1.8360E+00 1.35093E-03 0.0084

Energy Bin   Relative Error
6.0327E-02 24.1380343373
8.8348E-02 5.70355759885
1.2213E-01 4.4418224327
1.5936E-01 4.10637565839
3.9236E-01 2.64304230831
5.1404E-01 1.96318502018
6.6221E-01 2.23401926888
8.9828E-01 2.11722430448
1.1731E+00 2.00028464694
1.3332E+00 1.91510493028
1.8360E+00 1.88413748933

Chi Squared Value
658979.0038097006
Average Error
4.83152618142