Energy Bin  Efficiency  Uncertainity
6.0327E-02 8.87247E-03 0.0047
8.8348E-02 9.17933E-03 0.0046
1.2213E-01 8.97247E-03 0.0046
1.5936E-01 8.25307E-03 0.0047
3.9236E-01 4.36580E-03 0.0056
5.1404E-01 3.49953E-03 0.0060
6.6221E-01 2.89813E-03 0.0063
8.9828E-01 2.32860E-03 0.0068
1.1731E+00 1.94347E-03 0.0073
1.3332E+00 1.78860E-03 0.0075
1.8360E+00 1.41473E-03 0.0082

Energy Bin   Relative Error
6.0327E-02 28.5415262813
8.8348E-02 6.5066659234
1.2213E-01 4.96969930845
1.5936E-01 4.56768033839
3.9236E-01 2.91204105412
5.1404E-01 2.16305358518
6.6221E-01 2.43495135371
8.9828E-01 2.29255579943
1.1731E+00 2.16568121633
1.3332E+00 2.06199006243
1.8360E+00 2.02034585824

Chi Squared Value
905800.9445058089
Average Error
5.51238098009