Energy Bin  Efficiency  Uncertainity
6.0327E-02 9.05867E-03 0.0047
8.8348E-02 9.31380E-03 0.0046
1.2213E-01 9.06927E-03 0.0045
1.5936E-01 8.33773E-03 0.0046
3.9236E-01 4.39693E-03 0.0055
5.1404E-01 3.52287E-03 0.0060
6.6221E-01 2.91480E-03 0.0063
8.9828E-01 2.33900E-03 0.0068
1.1731E+00 1.95280E-03 0.0072
1.3332E+00 1.79747E-03 0.0075
1.8360E+00 1.42053E-03 0.0082

Energy Bin   Relative Error
6.0327E-02 29.1614925583
8.8348E-02 6.61663270384
1.2213E-01 5.03410374703
1.5936E-01 4.62479360866
3.9236E-01 2.93993556097
5.1404E-01 2.18414946682
6.6221E-01 2.45470914203
8.9828E-01 2.30726102158
1.1731E+00 2.18087867538
1.3332E+00 2.07717504054
1.8360E+00 2.03272843723

Chi Squared Value
943276.4462817678
Average Error
5.60125999658