Energy Bin  Efficiency  Uncertainity
6.0327E-02 1.45555E-02 0.0037
8.8348E-02 1.56577E-02 0.0035
1.2213E-01 1.55620E-02 0.0035
1.5936E-01 1.47900E-02 0.0035
3.9236E-01 9.30560E-03 0.0039
5.1404E-01 7.84207E-03 0.0041
6.6221E-01 6.77400E-03 0.0043
8.9828E-01 5.68620E-03 0.0046
1.1731E+00 4.88387E-03 0.0048
1.3332E+00 4.52640E-03 0.0049
1.8360E+00 3.75220E-03 0.0052

Energy Bin   Relative Error
6.0327E-02 47.4635829467
8.8348E-02 11.8045427094
1.2213E-01 9.35394497146
1.5936E-01 8.97761950459
3.9236E-01 7.33842348097
5.1404E-01 6.08806257662
6.6221E-01 7.02874973518
8.9828E-01 7.04008021416
1.1731E+00 6.95524269579
1.3332E+00 6.74896109727
1.8360E+00 7.01067463706

Chi Squared Value
2806280.094518404
Average Error
11.4372622336