Energy Bin  Efficiency  Uncertainity
6.0327E-02 7.55180E-03 0.0051
8.8348E-02 8.20333E-03 0.0049
1.2213E-01 8.19653E-03 0.0048
1.5936E-01 7.59573E-03 0.0049
3.9236E-01 4.09780E-03 0.0057
5.1404E-01 3.30767E-03 0.0061
6.6221E-01 2.76033E-03 0.0065
8.9828E-01 2.23260E-03 0.0069
1.1731E+00 1.86513E-03 0.0074
1.3332E+00 1.72380E-03 0.0077
1.8360E+00 1.36920E-03 0.0084

Energy Bin   Relative Error
6.0327E-02 24.1442606367
8.8348E-02 5.70851334132
1.2213E-01 4.45343918371
1.5936E-01 4.12422608517
3.9236E-01 2.67189560483
5.1404E-01 1.98964073807
6.6221E-01 2.27162662481
8.9828E-01 2.15681528721
1.1731E+00 2.03807468446
1.3332E+00 1.95105583675
1.8360E+00 1.92314261315

Chi Squared Value
660639.6576773135
Average Error
4.85751733056