Energy Bin  Efficiency  Uncertainity
6.0327E-02 6.42933E-04 0.0175
8.8348E-02 6.62000E-04 0.0172
1.2213E-01 6.32733E-04 0.0173
1.5936E-01 6.06800E-04 0.0174
3.9236E-01 3.72733E-04 0.0198
5.1404E-01 3.11400E-04 0.0208
6.6221E-01 2.67400E-04 0.0218
8.9828E-01 2.15667E-04 0.0235
1.1731E+00 1.89067E-04 0.0242
1.3332E+00 1.72333E-04 0.0253
1.8360E+00 1.41933E-04 0.0270

Energy Bin   Relative Error
6.0327E-02 4.5845412192
8.8348E-02 0.738811089708
1.2213E-01 0.323345775713
1.5936E-01 0.191644066408
3.9236E-01 0.0305992792451
5.1404E-01 0.166086850251
6.6221E-01 0.0159701612874
8.9828E-01 0.0840959956512
1.1731E+00 0.0721056184417
1.3332E+00 0.111351595117
1.8360E+00 0.0919246674538

Chi Squared Value
0.0298475153738605
Average Error
0.582770574407