Energy Bin  Efficiency  Uncertainity
6.0327E-02 6.84067E-04 0.0170
8.8348E-02 6.83933E-04 0.0169
1.2213E-01 6.48000E-04 0.0171
1.5936E-01 6.25000E-04 0.0172
3.9236E-01 3.81667E-04 0.0196
5.1404E-01 3.20400E-04 0.0206
6.6221E-01 2.72400E-04 0.0216
8.9828E-01 2.20000E-04 0.0233
1.1731E+00 1.91467E-04 0.0241
1.3332E+00 1.75600E-04 0.0250
1.8360E+00 1.42933E-04 0.0269

Energy Bin   Relative Error
6.0327E-02 4.94183275426
8.8348E-02 0.796420370117
1.2213E-01 0.355276337195
1.5936E-01 0.227385533133
3.9236E-01 0.0553016102992
5.1404E-01 0.141985314131
6.6221E-01 0.00242979829964
8.9828E-01 0.0656944226204
1.1731E+00 0.0603270081304
1.3332E+00 0.0945050576646
1.8360E+00 0.085526752011

Chi Squared Value
0.03468341438801498
Average Error
0.620607723442