Energy Bin  Efficiency  Uncertainity
6.0327E-02 6.29800E-04 0.0177
8.8348E-02 6.50133E-04 0.0173
1.2213E-01 6.21800E-04 0.0174
1.5936E-01 5.99600E-04 0.0175
3.9236E-01 3.70267E-04 0.0198
5.1404E-01 3.11800E-04 0.0208
6.6221E-01 2.66867E-04 0.0219
8.9828E-01 2.15467E-04 0.0235
1.1731E+00 1.88333E-04 0.0243
1.3332E+00 1.73000E-04 0.0252
1.8360E+00 1.41800E-04 0.0270

Energy Bin   Relative Error
6.0327E-02 4.47046746684
8.8348E-02 0.707641193633
1.2213E-01 0.300479670475
1.5936E-01 0.177504585066
3.9236E-01 0.0237808386385
5.1404E-01 0.165015670867
6.6221E-01 0.0179315969793
8.9828E-01 0.0849453643579
1.1731E+00 0.0757079100953
1.3332E+00 0.107912158178
1.8360E+00 0.0927755902077

Chi Squared Value
0.02824382003508559
Average Error
0.565832913212