Energy Bin  Efficiency  Uncertainity
6.0327E-02 7.47067E-04 0.0163
8.8348E-02 7.71533E-04 0.0159
1.2213E-01 7.25867E-04 0.0161
1.5936E-01 6.96133E-04 0.0162
3.9236E-01 4.40133E-04 0.0183
5.1404E-01 3.75467E-04 0.0192
6.6221E-01 3.24867E-04 0.0202
8.9828E-01 2.69267E-04 0.0214
1.1731E+00 2.38133E-04 0.0218
1.3332E+00 2.17800E-04 0.0228
1.8360E+00 1.74933E-04 0.0250

Energy Bin   Relative Error
6.0327E-02 5.48905322173
8.8348E-02 1.02651078018
1.2213E-01 0.518133285572
1.5936E-01 0.367077717338
3.9236E-01 0.216958929239
5.1404E-01 0.00548127359333
6.6221E-01 0.19550793423
8.9828E-01 0.143534817747
1.1731E+00 0.168698253866
1.3332E+00 0.123102496815
1.8360E+00 0.119206542159

Chi Squared Value
0.04521144204078347
Average Error
0.761205932042