Energy Bin  Efficiency  Uncertainity
6.0327E-02 5.82067E-04 0.0184
8.8348E-02 6.21867E-04 0.0177
1.2213E-01 5.95067E-04 0.0178
1.5936E-01 5.79800E-04 0.0178
3.9236E-01 3.58400E-04 0.0201
5.1404E-01 3.03400E-04 0.0211
6.6221E-01 2.63600E-04 0.0220
8.9828E-01 2.14400E-04 0.0236
1.1731E+00 1.85933E-04 0.0244
1.3332E+00 1.71200E-04 0.0253
1.8360E+00 1.39933E-04 0.0272

Energy Bin   Relative Error
6.0327E-02 4.05585675932
8.8348E-02 0.633397637347
1.2213E-01 0.244568247138
1.5936E-01 0.138621011376
3.9236E-01 0.00903117866823
5.1404E-01 0.187510437913
6.6221E-01 0.0299541305735
8.9828E-01 0.0894767464082
1.1731E+00 0.0874865204067
1.3332E+00 0.117193996994
1.8360E+00 0.104720498339

Chi Squared Value
0.02316810574746667
Average Error
0.517983378589