Energy Bin  Efficiency  Uncertainity
6.0327E-02 6.80200E-04 0.0170
8.8348E-02 7.04933E-04 0.0166
1.2213E-01 6.71133E-04 0.0168
1.5936E-01 6.48267E-04 0.0168
3.9236E-01 4.14000E-04 0.0189
5.1404E-01 3.57933E-04 0.0199
6.6221E-01 3.10000E-04 0.0208
8.9828E-01 2.58133E-04 0.0219
1.1731E+00 2.27467E-04 0.0226
1.3332E+00 2.08933E-04 0.0234
1.8360E+00 1.69467E-04 0.0253

Energy Bin   Relative Error
6.0327E-02 4.90824384081
8.8348E-02 0.851579030062
1.2213E-01 0.403658447547
1.5936E-01 0.273077659852
3.9236E-01 0.144701707677
5.1404E-01 0.0414738746652
6.6221E-01 0.140797494394
8.9828E-01 0.0962504618442
1.1731E+00 0.11635214654
1.3332E+00 0.0773791274884
1.8360E+00 0.0842355363489

Chi Squared Value
0.03504929325443466
Average Error
0.648886302475