Energy Bin  Efficiency  Uncertainity
6.0327E-02 2.68587E-03 0.0086
8.8348E-02 2.73900E-03 0.0084
1.2213E-01 2.61080E-03 0.0085
1.5936E-01 2.33633E-03 0.0088
3.9236E-01 1.39113E-03 0.0102
5.1404E-01 1.16380E-03 0.0107
6.6221E-01 9.76400E-04 0.0113
8.9828E-01 8.04267E-04 0.0121
1.1731E+00 6.97267E-04 0.0126
1.3332E+00 6.40867E-04 0.0129
1.8360E+00 5.29333E-04 0.0138

Energy Bin   Relative Error
6.0327E-02 2.5936014475
8.8348E-02 0.271102523654
1.2213E-01 0.183811285451
1.5936E-01 0.0470012200592
3.9236E-01 0.0373399017846
5.1404E-01 0.0963122192881
6.6221E-01 0.0682505220256
8.9828E-01 0.0810368229741
1.1731E+00 0.0640180600846
1.3332E+00 0.0852276789139
1.8360E+00 0.0569193759095

Chi Squared Value
7030.9804612893095
Average Error
0.325874641604