Energy Bin  Efficiency  Uncertainity
6.0327E-02 2.99020E-03 0.0081
8.8348E-02 2.97227E-03 0.0081
1.2213E-01 2.80193E-03 0.0082
1.5936E-01 2.49967E-03 0.0085
3.9236E-01 1.45920E-03 0.0099
5.1404E-01 1.21600E-03 0.0105
6.6221E-01 1.01467E-03 0.0111
8.9828E-01 8.31733E-04 0.0118
1.1731E+00 7.18267E-04 0.0124
1.3332E+00 6.59467E-04 0.0127
1.8360E+00 5.43933E-04 0.0137

Energy Bin   Relative Error
6.0327E-02 3.00078449378
8.8348E-02 0.379357392472
1.2213E-01 0.270475086198
1.5936E-01 0.120200288378
3.9236E-01 0.00976444711556
5.1404E-01 0.0557790502271
6.6221E-01 0.0317305993278
8.9828E-01 0.0496539083199
1.1731E+00 0.0358285419542
1.3332E+00 0.0586780747493
1.8360E+00 0.0309074380335

Chi Squared Value
9459.314449555264
Average Error
0.367559938232