Energy Bin  Efficiency  Uncertainity
6.0327E-02 3.63860E-03 0.0074
8.8348E-02 3.61867E-03 0.0073
1.2213E-01 3.38447E-03 0.0074
1.5936E-01 3.03727E-03 0.0077
3.9236E-01 1.78633E-03 0.0091
5.1404E-01 1.50593E-03 0.0095
6.6221E-01 1.26860E-03 0.0101
8.9828E-01 1.05967E-03 0.0106
1.1731E+00 9.14933E-04 0.0112
1.3332E+00 8.56467E-04 0.0114
1.8360E+00 6.97600E-04 0.0122

Energy Bin   Relative Error
6.0327E-02 3.86832133606
8.8348E-02 0.679335731752
1.2213E-01 0.534615359764
1.5936E-01 0.361119959787
3.9236E-01 0.236137969309
5.1404E-01 0.169350867509
6.6221E-01 0.210587246782
8.9828E-01 0.210789090935
1.1731E+00 0.228167637695
1.3332E+00 0.222519345705
1.8360E+00 0.242871771391

Chi Squared Value
16536.62437433865
Average Error
0.633074210608