Energy Bin  Efficiency  Uncertainity
6.0327E-02 3.13113E-03 0.0079
8.8348E-02 3.11440E-03 0.0079
1.2213E-01 2.94113E-03 0.0080
1.5936E-01 2.63367E-03 0.0083
3.9236E-01 1.54340E-03 0.0097
5.1404E-01 1.29393E-03 0.0101
6.6221E-01 1.08220E-03 0.0108
8.9828E-01 8.89667E-04 0.0115
1.1731E+00 7.68933E-04 0.0120
1.3332E+00 7.07733E-04 0.0123
1.8360E+00 5.75933E-04 0.0133

Energy Bin   Relative Error
6.0327E-02 3.18934397432
8.8348E-02 0.445316429232
1.2213E-01 0.333592341803
1.5936E-01 0.180250950522
3.9236E-01 0.0680307344286
5.1404E-01 0.00473339929248
6.6221E-01 0.0327112710609
8.9828E-01 0.01654203494
1.1731E+00 0.0321833687884
1.3332E+00 0.01021672066
1.8360E+00 0.0261050285441

Chi Squared Value
10759.412003792682
Average Error
0.394456932145