Energy Bin  Efficiency  Uncertainity
6.0327E-02 3.08660E-03 0.0080
8.8348E-02 3.07113E-03 0.0079
1.2213E-01 2.90247E-03 0.0080
1.5936E-01 2.59607E-03 0.0083
3.9236E-01 1.53927E-03 0.0097
5.1404E-01 1.29567E-03 0.0102
6.6221E-01 1.08520E-03 0.0108
8.9828E-01 9.01067E-04 0.0115
1.1731E+00 7.77333E-04 0.0121
1.3332E+00 7.18200E-04 0.0123
1.8360E+00 5.87133E-04 0.0132

Energy Bin   Relative Error
6.0327E-02 3.12976436978
8.8348E-02 0.425235886626
1.2213E-01 0.316062793659
1.5936E-01 0.16340091398
3.9236E-01 0.0651727799558
5.1404E-01 0.00608450492785
6.6221E-01 0.035574081829
8.9828E-01 0.029567784123
1.1731E+00 0.0434591760405
1.3332E+00 0.0251572962939
1.8360E+00 0.0460593918462

Chi Squared Value
10342.88971404021
Average Error
0.389594452642