Energy Bin  Efficiency  Uncertainity
6.0327E-02 2.90487E-03 0.0082
8.8348E-02 2.89420E-03 0.0082
1.2213E-01 2.73153E-03 0.0083
1.5936E-01 2.43220E-03 0.0086
3.9236E-01 1.42733E-03 0.0100
5.1404E-01 1.18880E-03 0.0106
6.6221E-01 9.92533E-04 0.0112
8.9828E-01 8.13867E-04 0.0120
1.1731E+00 7.04533E-04 0.0125
1.3332E+00 6.44467E-04 0.0129
1.8360E+00 5.35067E-04 0.0138

Energy Bin   Relative Error
6.0327E-02 2.88661589608
8.8348E-02 0.343127025907
1.2213E-01 0.238553715547
1.5936E-01 0.0899643318486
3.9236E-01 0.012289550232
5.1404E-01 0.0768997819983
6.6221E-01 0.0528552799853
8.9828E-01 0.0700677710306
1.1731E+00 0.0542644868115
1.3332E+00 0.0800890458498
1.8360E+00 0.0467034545546

Chi Squared Value
8736.109079864393
Average Error
0.359220939986