Energy Bin  Efficiency  Uncertainity
6.0327E-02 3.10027E-03 0.0080
8.8348E-02 3.08660E-03 0.0079
1.2213E-01 2.91460E-03 0.0080
1.5936E-01 2.60900E-03 0.0083
3.9236E-01 1.52547E-03 0.0097
5.1404E-01 1.27807E-03 0.0102
6.6221E-01 1.06900E-03 0.0108
8.9828E-01 8.79933E-04 0.0115
1.1731E+00 7.58867E-04 0.0121
1.3332E+00 6.97133E-04 0.0124
1.8360E+00 5.69400E-04 0.0134

Energy Bin   Relative Error
6.0327E-02 3.14805435842
8.8348E-02 0.432415133081
1.2213E-01 0.321562882096
1.5936E-01 0.169195354738
3.9236E-01 0.0556231984247
5.1404E-01 0.00758185092413
6.6221E-01 0.0201149036815
8.9828E-01 0.00541987331316
1.1731E+00 0.0186711930979
1.3332E+00 0.00491369891773
1.8360E+00 0.0144655771644

Chi Squared Value
10464.826168346757
Average Error
0.381638002169