Energy Bin  Efficiency  Uncertainity
6.0327E-02 3.43440E-03 0.0076
8.8348E-02 3.42187E-03 0.0075
1.2213E-01 3.21353E-03 0.0076
1.5936E-01 2.88287E-03 0.0079
3.9236E-01 1.70367E-03 0.0093
5.1404E-01 1.43467E-03 0.0097
6.6221E-01 1.20933E-03 0.0103
8.9828E-01 1.01080E-03 0.0109
1.1731E+00 8.68667E-04 0.0115
1.3332E+00 8.13667E-04 0.0117
1.8360E+00 6.62000E-04 0.0125

Energy Bin   Relative Error
6.0327E-02 3.59510877715
8.8348E-02 0.588005692813
1.2213E-01 0.457106281652
1.5936E-01 0.29192725654
3.9236E-01 0.178937359935
5.1404E-01 0.114017656259
6.6221E-01 0.154027648708
8.9828E-01 0.154949760885
1.1731E+00 0.16606210218
1.3332E+00 0.161426708164
1.8360E+00 0.179445402323

Chi Squared Value
14051.369260809064
Average Error
0.549183149692