Energy Bin  Efficiency  Uncertainity
6.0327E-02 2.94493E-03 0.0082
8.8348E-02 2.93173E-03 0.0081
1.2213E-01 2.76860E-03 0.0082
1.5936E-01 2.46407E-03 0.0085
3.9236E-01 1.43847E-03 0.0100
5.1404E-01 1.19767E-03 0.0105
6.6221E-01 9.98333E-04 0.0112
8.9828E-01 8.18333E-04 0.0119
1.1731E+00 7.08400E-04 0.0125
1.3332E+00 6.47667E-04 0.0128
1.8360E+00 5.36400E-04 0.0138

Energy Bin   Relative Error
6.0327E-02 2.94021479475
8.8348E-02 0.360543775711
1.2213E-01 0.25536231228
1.5936E-01 0.104246530375
3.9236E-01 0.00458068514095
5.1404E-01 0.0700122492479
6.6221E-01 0.0473205125004
8.9828E-01 0.0649648766577
1.1731E+00 0.0490735884015
1.3332E+00 0.075521372015
1.8360E+00 0.0443285289937

Chi Squared Value
9075.043286444437
Average Error
0.36510629328