Energy Bin  Efficiency  Uncertainity
6.0327E-02 2.88713E-03 0.0083
8.8348E-02 2.87800E-03 0.0082
1.2213E-01 2.71573E-03 0.0083
1.5936E-01 2.42193E-03 0.0086
3.9236E-01 1.42513E-03 0.0101
5.1404E-01 1.18753E-03 0.0106
6.6221E-01 9.91867E-04 0.0112
8.9828E-01 8.14133E-04 0.0120
1.1731E+00 7.05467E-04 0.0125
1.3332E+00 6.46200E-04 0.0128
1.8360E+00 5.36267E-04 0.0138

Energy Bin   Relative Error
6.0327E-02 2.86288038778
8.8348E-02 0.335609004409
1.2213E-01 0.231389544293
1.5936E-01 0.0853619415484
3.9236E-01 0.0138119472877
5.1404E-01 0.0778859338126
6.6221E-01 0.0534908239758
8.9828E-01 0.069763836883
1.1731E+00 0.0530107244337
1.3332E+00 0.0776153649887
1.8360E+00 0.0445654870579

Chi Squared Value
8586.64562365741
Average Error
0.355034999679