Energy Bin  Efficiency  Uncertainity
6.0327E-02 3.65580E-03 0.0073
8.8348E-02 3.63460E-03 0.0073
1.2213E-01 3.40007E-03 0.0074
1.5936E-01 3.05207E-03 0.0077
3.9236E-01 1.79527E-03 0.0090
5.1404E-01 1.51140E-03 0.0095
6.6221E-01 1.27380E-03 0.0100
8.9828E-01 1.06307E-03 0.0106
1.1731E+00 9.17800E-04 0.0112
1.3332E+00 8.61200E-04 0.0114
1.8360E+00 6.99933E-04 0.0122

Energy Bin   Relative Error
6.0327E-02 3.89133434298
8.8348E-02 0.686728452892
1.2213E-01 0.541688845306
1.5936E-01 0.367752420979
3.9236E-01 0.242324437345
5.1404E-01 0.173598308788
6.6221E-01 0.215549452114
8.9828E-01 0.214673963498
1.1731E+00 0.232016178099
1.3332E+00 0.229275220786
1.8360E+00 0.247028336532

Chi Squared Value
16757.438974185403
Average Error
0.640179087211