Energy Bin  Efficiency  Uncertainity
6.0327E-02 3.78067E-03 0.0072
8.8348E-02 3.75580E-03 0.0072
1.2213E-01 3.51113E-03 0.0073
1.5936E-01 3.15147E-03 0.0075
3.9236E-01 1.84880E-03 0.0089
5.1404E-01 1.55660E-03 0.0093
6.6221E-01 1.31640E-03 0.0099
8.9828E-01 1.09620E-03 0.0105
1.1731E+00 9.48067E-04 0.0110
1.3332E+00 8.84133E-04 0.0112
1.8360E+00 7.22533E-04 0.0120

Energy Bin   Relative Error
6.0327E-02 4.05840609729
8.8348E-02 0.742974391507
1.2213E-01 0.592046621222
1.5936E-01 0.412297464391
3.9236E-01 0.279367125704
5.1404E-01 0.208695995408
6.6221E-01 0.25620136502
8.9828E-01 0.252528618799
1.1731E+00 0.272645327873
1.3332E+00 0.262009740802
1.8360E+00 0.287293391053

Chi Squared Value
18420.997265270416
Average Error
0.69313328537