Energy Bin  Efficiency  Uncertainity
6.0327E-02 2.89593E-03 0.0082
8.8348E-02 2.88427E-03 0.0082
1.2213E-01 2.72307E-03 0.0083
1.5936E-01 2.42587E-03 0.0086
3.9236E-01 1.42467E-03 0.0101
5.1404E-01 1.18653E-03 0.0106
6.6221E-01 9.90867E-04 0.0112
8.9828E-01 8.12733E-04 0.0120
1.1731E+00 7.04000E-04 0.0125
1.3332E+00 6.43667E-04 0.0129
1.8360E+00 5.34467E-04 0.0138

Energy Bin   Relative Error
6.0327E-02 2.87465448434
8.8348E-02 0.338518757174
1.2213E-01 0.234717709926
1.5936E-01 0.0871276102712
3.9236E-01 0.0141302666721
5.1404E-01 0.0786624313042
6.6221E-01 0.0544450942318
8.9828E-01 0.0713634902914
1.1731E+00 0.0549799636288
1.3332E+00 0.0812309643085
1.8360E+00 0.0477724383029

Chi Squared Value
8661.189466166585
Average Error
0.357963928223