Energy Bin  Efficiency  Uncertainity
6.0327E-02 3.67520E-03 0.0073
8.8348E-02 3.65287E-03 0.0073
1.2213E-01 3.41573E-03 0.0074
1.5936E-01 3.06767E-03 0.0076
3.9236E-01 1.80413E-03 0.0090
5.1404E-01 1.51827E-03 0.0095
6.6221E-01 1.27907E-03 0.0100
8.9828E-01 1.06807E-03 0.0106
1.1731E+00 9.23600E-04 0.0112
1.3332E+00 8.63933E-04 0.0114
1.8360E+00 7.03533E-04 0.0121

Energy Bin   Relative Error
6.0327E-02 3.91729087404
8.8348E-02 0.69520711047
1.2213E-01 0.548789536562
1.5936E-01 0.374743393587
3.9236E-01 0.248455545487
5.1404E-01 0.178932846556
6.6221E-01 0.220578456363
8.9828E-01 0.220387011386
1.1731E+00 0.239801854535
1.3332E+00 0.23317629972
1.8360E+00 0.253442239022

Chi Squared Value
17008.40305387247
Average Error
0.648255015248