Energy Bin  Efficiency  Uncertainity
6.0327E-02 2.90853E-03 0.0082
8.8348E-02 2.89493E-03 0.0082
1.2213E-01 2.72780E-03 0.0083
1.5936E-01 2.43340E-03 0.0086
3.9236E-01 1.43273E-03 0.0100
5.1404E-01 1.19293E-03 0.0106
6.6221E-01 9.96600E-04 0.0112
8.9828E-01 8.19000E-04 0.0120
1.1731E+00 7.09267E-04 0.0125
1.3332E+00 6.50600E-04 0.0128
1.8360E+00 5.37800E-04 0.0137

Energy Bin   Relative Error
6.0327E-02 2.89151284988
8.8348E-02 0.343465800949
1.2213E-01 0.236862427016
1.5936E-01 0.0905020989723
3.9236E-01 0.00855275745897
5.1404E-01 0.0736928473581
6.6221E-01 0.0489742628541
8.9828E-01 0.0642027560695
1.1731E+00 0.0479097640101
1.3332E+00 0.0713348134658
1.8360E+00 0.041834233581

Chi Squared Value
8760.303496665872
Average Error
0.356258601056