Energy Bin  Efficiency  Uncertainity
6.0327E-02 3.46933E-03 0.0075
8.8348E-02 3.45040E-03 0.0075
1.2213E-01 3.24053E-03 0.0076
1.5936E-01 2.90313E-03 0.0079
3.9236E-01 1.71747E-03 0.0092
5.1404E-01 1.44560E-03 0.0097
6.6221E-01 1.21993E-03 0.0102
8.9828E-01 1.01953E-03 0.0109
1.1731E+00 8.75133E-04 0.0114
1.3332E+00 8.20733E-04 0.0117
1.8360E+00 6.68733E-04 0.0124

Energy Bin   Relative Error
6.0327E-02 3.64184391272
8.8348E-02 0.601245764007
1.2213E-01 0.469348852782
1.5936E-01 0.301006558145
3.9236E-01 0.188486941466
5.1404E-01 0.122504773842
6.6221E-01 0.164142913422
8.9828E-01 0.164924742496
1.1731E+00 0.174741789048
1.3332E+00 0.171512702951
1.8360E+00 0.191441181619

Chi Squared Value
14453.446853263673
Average Error
0.562836375682