Energy Bin  Efficiency  Uncertainity
6.0327E-02 3.08600E-03 0.0080
8.8348E-02 3.07113E-03 0.0079
1.2213E-01 2.90273E-03 0.0080
1.5936E-01 2.59527E-03 0.0083
3.9236E-01 1.51813E-03 0.0098
5.1404E-01 1.27187E-03 0.0102
6.6221E-01 1.06333E-03 0.0109
8.9828E-01 8.74200E-04 0.0116
1.1731E+00 7.52267E-04 0.0122
1.3332E+00 6.91733E-04 0.0124
1.8360E+00 5.66600E-04 0.0134

Energy Bin   Relative Error
6.0327E-02 3.12896159047
8.8348E-02 0.425235886626
1.2213E-01 0.316180685084
1.5936E-01 0.163042402564
3.9236E-01 0.050543928248
5.1404E-01 0.012396135372
6.6221E-01 0.0147041913299
8.9828E-01 0.00113070739435
1.1731E+00 0.00981163025688
1.3332E+00 0.0126216485139
1.8360E+00 0.00947698633883

Chi Squared Value
10329.610085897762
Average Error
0.3767368902