Energy Bin  Efficiency  Uncertainity
6.0327E-02 2.91147E-03 0.0082
8.8348E-02 2.90120E-03 0.0082
1.2213E-01 2.73813E-03 0.0083
1.5936E-01 2.43793E-03 0.0086
3.9236E-01 1.42893E-03 0.0100
5.1404E-01 1.19027E-03 0.0106
6.6221E-01 9.93867E-04 0.0112
8.9828E-01 8.14400E-04 0.0120
1.1731E+00 7.05067E-04 0.0125
1.3332E+00 6.45000E-04 0.0129
1.8360E+00 5.35333E-04 0.0138

Energy Bin   Relative Error
6.0327E-02 2.8954464685
8.8348E-02 0.346375553714
1.2213E-01 0.241546344045
1.5936E-01 0.0925321698642
3.9236E-01 0.0111823523733
5.1404E-01 0.0757583306857
6.6221E-01 0.0515822834638
8.9828E-01 0.0694587601258
1.1731E+00 0.0535476676362
1.3332E+00 0.0793282426767
1.8360E+00 0.0462295384262

Chi Squared Value
8791.82375721791
Average Error
0.360271610138