Energy Bin  Efficiency  Uncertainity
6.0327E-02 2.93560E-03 0.0082
8.8348E-02 2.92487E-03 0.0081
1.2213E-01 2.76087E-03 0.0082
1.5936E-01 2.45613E-03 0.0086
3.9236E-01 1.43680E-03 0.0100
5.1404E-01 1.19607E-03 0.0105
6.6221E-01 9.97200E-04 0.0112
8.9828E-01 8.17667E-04 0.0119
1.1731E+00 7.07333E-04 0.0125
1.3332E+00 6.46933E-04 0.0128
1.8360E+00 5.36267E-04 0.0138

Energy Bin   Relative Error
6.0327E-02 2.92773157647
8.8348E-02 0.357360218459
1.2213E-01 0.251857309508
1.5936E-01 0.100688304573
3.9236E-01 0.00573632290595
5.1404E-01 0.0712546452345
6.6221E-01 0.0484017007005
8.9828E-01 0.0657258546363
1.1731E+00 0.0505058843941
1.3332E+00 0.0765690822009
1.8360E+00 0.0445654870579

Chi Squared Value
8996.049468231924
Average Error
0.36367239874