Energy Bin  Efficiency  Uncertainity
6.0327E-02 3.15993E-03 0.0079
8.8348E-02 3.14240E-03 0.0078
1.2213E-01 2.96753E-03 0.0079
1.5936E-01 2.65980E-03 0.0082
3.9236E-01 1.56333E-03 0.0096
5.1404E-01 1.30907E-03 0.0101
6.6221E-01 1.09247E-03 0.0107
8.9828E-01 9.03800E-04 0.0114
1.1731E+00 7.76733E-04 0.0120
1.3332E+00 7.16800E-04 0.0122
1.8360E+00 5.85600E-04 0.0132

Energy Bin   Relative Error
6.0327E-02 3.22787738126
8.8348E-02 0.458310540463
1.2213E-01 0.345562855797
1.5936E-01 0.19196082964
3.9236E-01 0.0818222677557
5.1404E-01 0.0164895713151
6.6221E-01 0.0425116265902
8.9828E-01 0.0326905360981
1.1731E+00 0.0426537612368
1.3332E+00 0.0231589389912
1.8360E+00 0.0433281383693

Chi Squared Value
11043.136863359625
Average Error
0.409669677047