Energy Bin  Efficiency  Uncertainity
6.0327E-02 2.68573E-03 0.0086
8.8348E-02 2.73880E-03 0.0084
1.2213E-01 2.61007E-03 0.0085
1.5936E-01 2.33607E-03 0.0088
3.9236E-01 1.39160E-03 0.0102
5.1404E-01 1.16407E-03 0.0107
6.6221E-01 9.76467E-04 0.0113
8.9828E-01 8.04067E-04 0.0121
1.1731E+00 6.97467E-04 0.0126
1.3332E+00 6.40867E-04 0.0129
1.8360E+00 5.30000E-04 0.0138

Energy Bin   Relative Error
6.0327E-02 2.59341413233
8.8348E-02 0.271009708573
1.2213E-01 0.183480282602
1.5936E-01 0.046884703849
3.9236E-01 0.0370146624136
5.1404E-01 0.0961025649653
6.6221E-01 0.0681865859184
8.9828E-01 0.0812653448896
1.1731E+00 0.0637495884834
1.3332E+00 0.0852276789139
1.8360E+00 0.0557310223092

Chi Squared Value
7029.593950245771
Average Error
0.325642388659