Energy Bin  Efficiency  Uncertainity
6.0327E-02 3.60380E-03 0.0074
8.8348E-02 3.58593E-03 0.0073
1.2213E-01 3.35333E-03 0.0075
1.5936E-01 3.00960E-03 0.0077
3.9236E-01 1.77073E-03 0.0091
5.1404E-01 1.49253E-03 0.0095
6.6221E-01 1.26000E-03 0.0101
8.9828E-01 1.05193E-03 0.0107
1.1731E+00 9.07067E-04 0.0112
1.3332E+00 8.49600E-04 0.0115
1.8360E+00 6.92400E-04 0.0122

Energy Bin   Relative Error
6.0327E-02 3.82176013601
8.8348E-02 0.66414190312
1.2213E-01 0.520495594394
1.5936E-01 0.348719946193
3.9236E-01 0.225342790187
5.1404E-01 0.158945801122
6.6221E-01 0.202380522581
8.9828E-01 0.201945292806
1.1731E+00 0.217608649618
1.3332E+00 0.212717403135
1.8360E+00 0.233607245572

Chi Squared Value
16096.30691446731
Average Error
0.618878662249