Energy Bin  Efficiency  Uncertainity
6.0327E-02 3.04847E-03 0.0080
8.8348E-02 2.99200E-03 0.0080
1.2213E-01 2.80420E-03 0.0082
1.5936E-01 2.50053E-03 0.0085
3.9236E-01 1.45780E-03 0.0100
5.1404E-01 1.20987E-03 0.0105
6.6221E-01 1.01027E-03 0.0111
8.9828E-01 8.28133E-04 0.0119
1.1731E+00 7.16600E-04 0.0124
1.3332E+00 6.56200E-04 0.0127
1.8360E+00 5.41067E-04 0.0137

Energy Bin   Relative Error
6.0327E-02 3.07874774455
8.8348E-02 0.388513600136
1.2213E-01 0.27150436903
1.5936E-01 0.12058568815
3.9236E-01 0.00879564898921
5.1404E-01 0.0605389798505
6.6221E-01 0.0359293884543
8.9828E-01 0.0537673027987
1.1731E+00 0.0380662527506
1.3332E+00 0.063341384255
1.8360E+00 0.0360136170713

Chi Squared Value
9954.56122451611
Average Error
0.377800361458