Energy Bin  Efficiency  Uncertainity
6.0327E-02 3.33947E-03 0.0077
8.8348E-02 3.32687E-03 0.0076
1.2213E-01 3.12800E-03 0.0077
1.5936E-01 2.80760E-03 0.0080
3.9236E-01 1.66260E-03 0.0094
5.1404E-01 1.40233E-03 0.0098
6.6221E-01 1.17607E-03 0.0104
8.9828E-01 9.83267E-04 0.0110
1.1731E+00 8.48933E-04 0.0116
1.3332E+00 7.95933E-04 0.0118
1.8360E+00 6.45333E-04 0.0127

Energy Bin   Relative Error
6.0327E-02 3.46809571047
8.8348E-02 0.543918529707
1.2213E-01 0.418324536882
1.5936E-01 0.258195813707
3.9236E-01 0.1505169749
5.1404E-01 0.0889057273808
6.6221E-01 0.122288619993
8.9828E-01 0.123490291389
1.1731E+00 0.139572009285
1.3332E+00 0.136113230731
1.8360E+00 0.149750815434

Chi Squared Value
12971.473269928294
Average Error
0.509015659989