Energy Bin  Efficiency  Uncertainity
6.0327E-02 3.08640E-03 0.0080
8.8348E-02 3.07113E-03 0.0079
1.2213E-01 2.90193E-03 0.0080
1.5936E-01 2.59540E-03 0.0083
3.9236E-01 1.52607E-03 0.0098
5.1404E-01 1.28127E-03 0.0102
6.6221E-01 1.07313E-03 0.0108
8.9828E-01 8.83067E-04 0.0115
1.1731E+00 7.58400E-04 0.0121
1.3332E+00 7.02667E-04 0.0124
1.8360E+00 5.72800E-04 0.0133

Energy Bin   Relative Error
6.0327E-02 3.12949677667
8.8348E-02 0.425235886626
1.2213E-01 0.315817942236
1.5936E-01 0.163100660669
3.9236E-01 0.0560383976217
5.1404E-01 0.00509705895104
6.6221E-01 0.0240560398389
8.9828E-01 0.00900081172889
1.1731E+00 0.018044311909
1.3332E+00 0.00298552202029
1.8360E+00 0.0205231517382

Chi Squared Value
10334.194197831013
Average Error
0.37903605091