Energy Bin  Efficiency  Uncertainity
6.0327E-02 3.22580E-03 0.0078
8.8348E-02 3.20627E-03 0.0078
1.2213E-01 3.02493E-03 0.0079
1.5936E-01 2.71213E-03 0.0081
3.9236E-01 1.60880E-03 0.0095
5.1404E-01 1.35967E-03 0.0100
6.6221E-01 1.13753E-03 0.0106
8.9828E-01 9.49467E-04 0.0112
1.1731E+00 8.21667E-04 0.0118
1.3332E+00 7.68467E-04 0.0120
1.8360E+00 6.26067E-04 0.0129

Energy Bin   Relative Error
6.0327E-02 3.31600916997
8.8348E-02 0.487951036333
1.2213E-01 0.371589655163
1.5936E-01 0.215411957625
3.9236E-01 0.113287446902
5.1404E-01 0.0557803443896
6.6221E-01 0.0855110443263
8.9828E-01 0.0848700876715
1.1731E+00 0.102971275888
1.3332E+00 0.096908315248
1.8360E+00 0.115425747275

Chi Squared Value
11741.143446292168
Average Error
0.45870146189