Energy Bin  Efficiency  Uncertainity
6.0327E-02 1.25333E-02 0.0039
8.8348E-02 1.33531E-02 0.0038
1.2213E-01 1.32353E-02 0.0038
1.5936E-01 1.25007E-02 0.0038
3.9236E-01 7.57920E-03 0.0043
5.1404E-01 6.31693E-03 0.0046
6.6221E-01 5.41860E-03 0.0048
8.9828E-01 4.48940E-03 0.0051
1.1731E+00 3.84393E-03 0.0053
1.3332E+00 3.53913E-03 0.0055
1.8360E+00 2.92353E-03 0.0059

Energy Bin   Relative Error
6.0327E-02 40.7305227678
8.8348E-02 9.91988856939
1.2213E-01 7.80590977258
1.5936E-01 7.43321353219
3.9236E-01 5.7914566763
5.1404E-01 4.70956330817
6.6221E-01 5.42228864999
8.9828E-01 5.34784849521
1.1731E+00 5.26130426396
1.3332E+00 5.05880626727
1.8360E+00 5.24152433817

Chi Squared Value
2002346.0454989863
Average Error
9.338393331