Energy Bin  Efficiency  Uncertainity
6.0327E-02 1.50661E-02 0.0036
8.8348E-02 1.62599E-02 0.0034
1.2213E-01 1.61638E-02 0.0034
1.5936E-01 1.53923E-02 0.0034
3.9236E-01 9.73973E-03 0.0038
5.1404E-01 8.25260E-03 0.0040
6.6221E-01 7.12640E-03 0.0042
8.9828E-01 6.00800E-03 0.0044
1.1731E+00 5.15373E-03 0.0047
1.3332E+00 4.80233E-03 0.0048
1.8360E+00 3.96280E-03 0.0051

Energy Bin   Relative Error
6.0327E-02 49.1636623293
8.8348E-02 12.2970093948
1.2213E-01 9.75434364026
1.5936E-01 9.38394271133
3.9236E-01 7.72743222686
5.1404E-01 6.45912051535
6.6221E-01 7.4464248764
8.9828E-01 7.49509372281
1.1731E+00 7.39481250291
1.3332E+00 7.22133888879
1.8360E+00 7.46029035013

Chi Squared Value
3034395.6449128273
Average Error
11.9821337417