Energy Bin  Efficiency  Uncertainity
6.0327E-02 1.50666E-02 0.0036
8.8348E-02 1.62605E-02 0.0034
1.2213E-01 1.61658E-02 0.0034
1.5936E-01 1.53976E-02 0.0034
3.9236E-01 9.75733E-03 0.0038
5.1404E-01 8.27040E-03 0.0040
6.6221E-01 7.14760E-03 0.0042
8.9828E-01 6.02773E-03 0.0044
1.1731E+00 5.17080E-03 0.0047
1.3332E+00 4.82393E-03 0.0048
1.8360E+00 3.97973E-03 0.0051

Energy Bin   Relative Error
6.0327E-02 49.1653271152
8.8348E-02 12.2975000624
1.2213E-01 9.75567431048
1.5936E-01 9.38751819364
3.9236E-01 7.74320297279
5.1404E-01 6.47520906261
6.6221E-01 7.47155175777
8.9828E-01 7.522991226
1.1731E+00 7.42261750034
1.3332E+00 7.25831696402
1.8360E+00 7.49643467122

Chi Squared Value
3037491.9082386703
Average Error
11.9996676215