Energy Bin  Efficiency  Uncertainity
6.0327E-02 1.50661E-02 0.0036
8.8348E-02 1.62603E-02 0.0034
1.2213E-01 1.61675E-02 0.0034
1.5936E-01 1.54027E-02 0.0034
3.9236E-01 9.77193E-03 0.0038
5.1404E-01 8.29000E-03 0.0040
6.6221E-01 7.16280E-03 0.0042
8.9828E-01 6.04887E-03 0.0044
1.1731E+00 5.18620E-03 0.0047
1.3332E+00 4.83567E-03 0.0048
1.8360E+00 3.99653E-03 0.0051

Energy Bin   Relative Error
6.0327E-02 49.1636623293
8.8348E-02 12.2973365065
1.2213E-01 9.75680538017
1.5936E-01 9.39095875209
3.9236E-01 7.75628552338
5.1404E-01 6.49292454163
6.6221E-01 7.48956725762
8.9828E-01 7.55288241796
1.1731E+00 7.44770226663
1.3332E+00 7.27841523268
1.8360E+00 7.53230145175

Chi Squared Value
3039860.1960005383
Average Error
12.0144401509