Energy Bin  Efficiency  Uncertainity
6.0327E-02 1.40816E-02 0.0037
8.8348E-02 1.51183E-02 0.0036
1.2213E-01 1.50113E-02 0.0035
1.5936E-01 1.42381E-02 0.0036
3.9236E-01 8.88907E-03 0.0040
5.1404E-01 7.47553E-03 0.0042
6.6221E-01 6.45953E-03 0.0044
8.9828E-01 5.41567E-03 0.0047
1.1731E+00 4.63587E-03 0.0049
1.3332E+00 4.27707E-03 0.0050
1.8360E+00 3.55900E-03 0.0054

Energy Bin   Relative Error
6.0327E-02 45.8856988508
8.8348E-02 11.3634325631
1.2213E-01 8.98754492675
1.5936E-01 8.60529711077
3.9236E-01 6.965185481
5.1404E-01 5.75676504206
6.6221E-01 6.65603037745
8.9828E-01 6.65756062281
1.1731E+00 6.55128022575
1.3332E+00 6.3221211206
1.8360E+00 6.59820666097

Chi Squared Value
2604456.2807201836
Average Error
10.940829362