Energy Bin  Efficiency  Uncertainity
6.0327E-02 1.42823E-02 0.0037
8.8348E-02 1.56522E-02 0.0035
1.2213E-01 1.56753E-02 0.0035
1.5936E-01 1.49585E-02 0.0035
3.9236E-01 9.55113E-03 0.0039
5.1404E-01 8.10913E-03 0.0041
6.6221E-01 7.01247E-03 0.0042
8.9828E-01 5.92113E-03 0.0045
1.1731E+00 5.09067E-03 0.0047
1.3332E+00 4.75093E-03 0.0048
1.8360E+00 3.92540E-03 0.0051

Energy Bin   Relative Error
6.0327E-02 46.5539439195
8.8348E-02 11.8000449233
1.2213E-01 9.42932743935
1.5936E-01 9.0912928573
3.9236E-01 7.55843434725
5.1404E-01 6.32944501667
6.6221E-01 7.31139159366
8.9828E-01 7.3722626989
1.1731E+00 7.29209527162
1.3332E+00 7.13334476534
1.8360E+00 7.3804440649

Chi Squared Value
2759317.7364201727
Average Error
11.5683660816