Energy Bin  Efficiency  Uncertainity
6.0327E-02 1.50691E-02 0.0036
8.8348E-02 1.62559E-02 0.0034
1.2213E-01 1.61420E-02 0.0034
1.5936E-01 1.53409E-02 0.0034
3.9236E-01 9.57293E-03 0.0039
5.1404E-01 8.06480E-03 0.0041
6.6221E-01 6.93933E-03 0.0042
8.9828E-01 5.81913E-03 0.0045
1.1731E+00 4.98773E-03 0.0047
1.3332E+00 4.63033E-03 0.0048
1.8360E+00 3.82153E-03 0.0052

Energy Bin   Relative Error
6.0327E-02 49.1736510448
8.8348E-02 12.2937382776
1.2213E-01 9.73983933488
1.5936E-01 9.34926727911
3.9236E-01 7.57796856663
5.1404E-01 6.28937730317
6.6221E-01 7.22470385294
8.9828E-01 7.22803840467
1.1731E+00 7.12441826893
1.3332E+00 6.92688384533
1.8360E+00 7.15868915457

Chi Squared Value
3009307.377999353
Average Error
11.826052303