Energy Bin  Efficiency  Uncertainity
6.0327E-02 1.50683E-02 0.0036
8.8348E-02 1.62577E-02 0.0034
1.2213E-01 1.61471E-02 0.0034
1.5936E-01 1.53503E-02 0.0034
3.9236E-01 9.60013E-03 0.0039
5.1404E-01 8.09840E-03 0.0041
6.6221E-01 6.96853E-03 0.0042
8.9828E-01 5.84973E-03 0.0045
1.1731E+00 5.01387E-03 0.0047
1.3332E+00 4.66193E-03 0.0048
1.8360E+00 3.84453E-03 0.0052

Energy Bin   Relative Error
6.0327E-02 49.1709873873
8.8348E-02 12.2952102804
1.2213E-01 9.74323254394
1.5936E-01 9.35560870057
3.9236E-01 7.60234153761
5.1404E-01 6.31974669577
6.6221E-01 7.25931257633
8.9828E-01 7.27130569294
1.1731E+00 7.16699721638
1.3332E+00 6.98098139983
1.8360E+00 7.20779248506

Chi Squared Value
3013368.0911249574
Average Error
11.8521378651