Energy Bin  Efficiency  Uncertainity
6.0327E-02 1.50675E-02 0.0036
8.8348E-02 1.62586E-02 0.0034
1.2213E-01 1.61539E-02 0.0034
1.5936E-01 1.53677E-02 0.0034
3.9236E-01 9.65473E-03 0.0039
5.1404E-01 8.15947E-03 0.0040
6.6221E-01 7.02867E-03 0.0042
8.9828E-01 5.91207E-03 0.0045
1.1731E+00 5.06673E-03 0.0047
1.3332E+00 4.71553E-03 0.0048
1.8360E+00 3.89233E-03 0.0052

Energy Bin   Relative Error
6.0327E-02 49.1683237298
8.8348E-02 12.2959462817
1.2213E-01 9.74775682268
1.5936E-01 9.36734707645
3.9236E-01 7.65126669257
5.1404E-01 6.37494487451
6.6221E-01 7.33059232376
8.9828E-01 7.35945218806
1.1731E+00 7.25309986221
1.3332E+00 7.07274180872
1.8360E+00 7.30984201537

Chi Squared Value
3021515.5272252094
Average Error
11.9028466978