Energy Bin  Efficiency  Uncertainity
6.0327E-02 1.53878E-02 0.0036
8.8348E-02 1.66237E-02 0.0034
1.2213E-01 1.65379E-02 0.0034
1.5936E-01 1.57673E-02 0.0034
3.9236E-01 1.00177E-02 0.0038
5.1404E-01 8.50813E-03 0.0040
6.6221E-01 7.36933E-03 0.0041
8.9828E-01 6.21213E-03 0.0044
1.1731E+00 5.33753E-03 0.0046
1.3332E+00 4.97693E-03 0.0047
1.8360E+00 4.11580E-03 0.0050

Energy Bin   Relative Error
6.0327E-02 50.2347855908
8.8348E-02 12.5945174986
1.2213E-01 10.0032455047
1.5936E-01 9.63692495029
3.9236E-01 7.97651144529
5.1404E-01 6.69008155372
6.6221E-01 7.73435286181
8.9828E-01 7.78372612655
1.1731E+00 7.6942008174
1.3332E+00 7.52024499687
1.8360E+00 7.78693424424

Chi Squared Value
3183993.668738692
Average Error
12.3323205082