Energy Bin  Efficiency  Uncertainity
6.0327E-02 1.57121E-02 0.0035
8.8348E-02 1.69973E-02 0.0034
1.2213E-01 1.69315E-02 0.0033
1.5936E-01 1.61549E-02 0.0033
3.9236E-01 1.03201E-02 0.0037
5.1404E-01 8.78013E-03 0.0039
6.6221E-01 7.61367E-03 0.0041
8.9828E-01 6.43120E-03 0.0043
1.1731E+00 5.53067E-03 0.0045
1.3332E+00 5.15873E-03 0.0046
1.8360E+00 4.26927E-03 0.0049

Energy Bin   Relative Error
6.0327E-02 51.3145657392
8.8348E-02 12.9000398395
1.2213E-01 10.2651214037
1.5936E-01 9.89840739248
3.9236E-01 8.24748153434
5.1404E-01 6.93592901757
6.6221E-01 8.02395202188
8.9828E-01 8.0934831475
1.1731E+00 8.00880287975
1.3332E+00 7.83147713002
1.8360E+00 8.11458155423

Chi Squared Value
3340306.0474405326
Average Error
12.6939856055