Energy Bin  Efficiency  Uncertainity
6.0327E-02 1.50661E-02 0.0036
8.8348E-02 1.62601E-02 0.0034
1.2213E-01 1.61639E-02 0.0034
1.5936E-01 1.53925E-02 0.0034
3.9236E-01 9.73833E-03 0.0038
5.1404E-01 8.25173E-03 0.0040
6.6221E-01 7.12660E-03 0.0042
8.9828E-01 6.00773E-03 0.0044
1.1731E+00 5.15473E-03 0.0047
1.3332E+00 4.80287E-03 0.0048
1.8360E+00 3.96247E-03 0.0051

Energy Bin   Relative Error
6.0327E-02 49.1636623293
8.8348E-02 12.2971729506
1.2213E-01 9.75441017377
1.5936E-01 9.38407763519
3.9236E-01 7.72617773571
5.1404E-01 6.458334165
6.6221E-01 7.44666192245
8.9828E-01 7.49471195262
1.1731E+00 7.39644138384
1.3332E+00 7.22226334068
1.8360E+00 7.45958582408

Chi Squared Value
3034398.5876538944
Average Error
11.9821363103