Energy Bin  Efficiency  Uncertainity
6.0327E-02 1.46281E-02 0.0037
8.8348E-02 1.56691E-02 0.0035
1.2213E-01 1.53856E-02 0.0035
1.5936E-01 1.44344E-02 0.0035
3.9236E-01 8.79213E-03 0.0040
5.1404E-01 7.37847E-03 0.0042
6.6221E-01 6.35720E-03 0.0044
8.9828E-01 5.33040E-03 0.0047
1.1731E+00 4.53333E-03 0.0049
1.3332E+00 4.23660E-03 0.0050
1.8360E+00 3.47293E-03 0.0054

Energy Bin   Relative Error
6.0327E-02 47.7053098624
8.8348E-02 11.8138653933
1.2213E-01 9.23657985818
1.5936E-01 8.73772488013
3.9236E-01 6.8783209293
5.1404E-01 5.66903726691
6.6221E-01 6.53474576564
8.9828E-01 6.53699194076
1.1731E+00 6.38425477544
1.3332E+00 6.25283858799
1.8360E+00 6.41445345858

Chi Squared Value
2773547.8243196392
Average Error
11.1058293381