Energy Bin  Efficiency  Uncertainity
6.0327E-02 1.22284E-02 0.0040
8.8348E-02 1.30184E-02 0.0038
1.2213E-01 1.29067E-02 0.0038
1.5936E-01 1.21717E-02 0.0038
3.9236E-01 7.32793E-03 0.0044
5.1404E-01 6.11227E-03 0.0046
6.6221E-01 5.22960E-03 0.0049
8.9828E-01 4.31133E-03 0.0052
1.1731E+00 3.68487E-03 0.0054
1.3332E+00 3.39927E-03 0.0056
1.8360E+00 2.81127E-03 0.0060

Energy Bin   Relative Error
6.0327E-02 39.7153363131
8.8348E-02 9.64617784273
1.2213E-01 7.58728065565
1.5936E-01 7.21126378121
3.9236E-01 5.56630239629
5.1404E-01 4.52458116864
6.6221E-01 5.19828013213
8.9828E-01 5.09606398468
1.1731E+00 5.00221446362
1.3332E+00 4.81937323018
1.8360E+00 5.00185738685

Chi Squared Value
1894942.7233917012
Average Error
9.03352103228