Energy Bin  Efficiency  Uncertainity
6.0327E-02 1.55575E-02 0.0035
8.8348E-02 1.66235E-02 0.0034
1.2213E-01 1.64779E-02 0.0034
1.5936E-01 1.56548E-02 0.0034
3.9236E-01 9.85520E-03 0.0038
5.1404E-01 8.34167E-03 0.0040
6.6221E-01 7.18967E-03 0.0042
8.9828E-01 6.06007E-03 0.0044
1.1731E+00 5.19240E-03 0.0046
1.3332E+00 4.83440E-03 0.0048
1.8360E+00 3.98547E-03 0.0051

Energy Bin   Relative Error
6.0327E-02 50.7998139324
8.8348E-02 12.5943539428
1.2213E-01 9.9633253981
1.5936E-01 9.5610302786
3.9236E-01 7.83090086503
5.1404E-01 6.53962652125
6.6221E-01 7.52141439452
8.9828E-01 7.56871881105
1.1731E+00 7.45780132838
1.3332E+00 7.27624105882
1.8360E+00 7.50868915457

Chi Squared Value
3213370.0095265033
Average Error
12.2383559714