Energy Bin  Efficiency  Uncertainity
6.0327E-02 1.50661E-02 0.0036
8.8348E-02 1.62599E-02 0.0034
1.2213E-01 1.61639E-02 0.0034
1.5936E-01 1.53925E-02 0.0034
3.9236E-01 9.73993E-03 0.0038
5.1404E-01 8.25253E-03 0.0040
6.6221E-01 7.12673E-03 0.0042
8.9828E-01 6.00793E-03 0.0044
1.1731E+00 5.15380E-03 0.0047
1.3332E+00 4.80327E-03 0.0048
1.8360E+00 3.96307E-03 0.0051

Energy Bin   Relative Error
6.0327E-02 49.1636623293
8.8348E-02 12.2970093948
1.2213E-01 9.75441017377
1.5936E-01 9.38407763519
3.9236E-01 7.72761143988
5.1404E-01 6.45905724578
6.6221E-01 7.44681600239
8.9828E-01 7.49499474536
1.1731E+00 7.39492652457
1.3332E+00 7.22294811985
1.8360E+00 7.46086678053

Chi Squared Value
3034440.680011289
Average Error
11.9823982174