Energy Bin  Efficiency  Uncertainity
6.0327E-02 1.50661E-02 0.0036
8.8348E-02 1.62599E-02 0.0034
1.2213E-01 1.61639E-02 0.0034
1.5936E-01 1.53922E-02 0.0034
3.9236E-01 9.73953E-03 0.0038
5.1404E-01 8.25193E-03 0.0040
6.6221E-01 7.12613E-03 0.0042
8.9828E-01 6.00767E-03 0.0044
1.1731E+00 5.15333E-03 0.0047
1.3332E+00 4.80213E-03 0.0048
1.8360E+00 3.96293E-03 0.0051

Energy Bin   Relative Error
6.0327E-02 49.1636623293
8.8348E-02 12.2970093948
1.2213E-01 9.75441017377
1.5936E-01 9.3838752494
3.9236E-01 7.72725301384
5.1404E-01 6.4585149352
6.6221E-01 7.44610486423
8.9828E-01 7.4946271148
1.1731E+00 7.39416095054
1.3332E+00 7.22099649921
1.8360E+00 7.46056789069

Chi Squared Value
3034361.661807637
Average Error
11.9819256742