Energy Bin  Efficiency  Uncertainity
6.0327E-02 1.13625E-02 0.0042
8.8348E-02 1.20757E-02 0.0040
1.2213E-01 1.19467E-02 0.0040
1.5936E-01 1.12443E-02 0.0040
3.9236E-01 6.64020E-03 0.0046
5.1404E-01 5.50667E-03 0.0049
6.6221E-01 4.67833E-03 0.0051
8.9828E-01 3.83327E-03 0.0054
1.1731E+00 3.27647E-03 0.0057
1.3332E+00 3.00927E-03 0.0059
1.8360E+00 2.47893E-03 0.0064

Energy Bin   Relative Error
6.0327E-02 36.8322600551
8.8348E-02 8.87525731084
1.2213E-01 6.94855895069
1.5936E-01 6.58562183878
3.9236E-01 4.95005153868
5.1404E-01 3.97720902119
6.6221E-01 4.54489825045
8.9828E-01 4.42010451312
1.1731E+00 4.3369794928
1.3332E+00 4.15171353861
1.8360E+00 4.29233561059

Chi Squared Value
1607505.401290857
Average Error
8.17409001099