Energy Bin  Efficiency  Uncertainity
6.0327E-02 1.50661E-02 0.0036
8.8348E-02 1.62599E-02 0.0034
1.2213E-01 1.61639E-02 0.0034
1.5936E-01 1.53926E-02 0.0034
3.9236E-01 9.73960E-03 0.0038
5.1404E-01 8.25253E-03 0.0040
6.6221E-01 7.12660E-03 0.0042
8.9828E-01 6.00773E-03 0.0044
1.1731E+00 5.15433E-03 0.0047
1.3332E+00 4.80327E-03 0.0048
1.8360E+00 3.96280E-03 0.0051

Energy Bin   Relative Error
6.0327E-02 49.1636623293
8.8348E-02 12.2970093948
1.2213E-01 9.75441017377
1.5936E-01 9.38414509712
3.9236E-01 7.7273157384
5.1404E-01 6.45905724578
6.6221E-01 7.44666192245
8.9828E-01 7.49471195262
1.1731E+00 7.39578983147
1.3332E+00 7.22294811985
1.8360E+00 7.46029035013

Chi Squared Value
3034434.709212345
Average Error
11.9823638323