Energy Bin  Efficiency  Uncertainity
6.0327E-02 1.51874E-02 0.0036
8.8348E-02 1.64279E-02 0.0034
1.2213E-01 1.63917E-02 0.0034
1.5936E-01 1.57107E-02 0.0034
3.9236E-01 1.01440E-02 0.0038
5.1404E-01 8.62327E-03 0.0040
6.6221E-01 7.48500E-03 0.0041
8.9828E-01 6.32287E-03 0.0044
1.1731E+00 5.44107E-03 0.0046
1.3332E+00 5.07047E-03 0.0047
1.8360E+00 4.18527E-03 0.0050

Energy Bin   Relative Error
6.0327E-02 49.5675393937
8.8348E-02 12.4343963147
1.2213E-01 9.90597351168
1.5936E-01 9.59874149769
3.9236E-01 8.08968446859
5.1404E-01 6.79415095441
6.6221E-01 7.8714484452
8.9828E-01 7.94030846324
1.1731E+00 7.86285514864
1.3332E+00 7.68038060597
1.8360E+00 7.93524765158

Chi Squared Value
3129350.091783908
Average Error
12.3346114959