Energy Bin  Efficiency  Uncertainity
6.0327E-02 1.37618E-02 0.0038
8.8348E-02 1.47518E-02 0.0036
1.2213E-01 1.46449E-02 0.0036
1.5936E-01 1.38763E-02 0.0036
3.9236E-01 8.61500E-03 0.0041
5.1404E-01 7.23400E-03 0.0043
6.6221E-01 6.24013E-03 0.0045
8.9828E-01 5.21133E-03 0.0047
1.1731E+00 4.46933E-03 0.0050
1.3332E+00 4.10973E-03 0.0051
1.8360E+00 3.42260E-03 0.0055

Energy Bin   Relative Error
6.0327E-02 44.8209017757
8.8348E-02 11.0637164552
1.2213E-01 8.74376614269
1.5936E-01 8.36121984663
3.9236E-01 6.7196009165
5.1404E-01 5.53845791726
6.6221E-01 6.3959908599
8.9828E-01 6.3686312867
1.1731E+00 6.28000639607
1.3332E+00 6.03564375448
1.8360E+00 6.30700256191

Chi Squared Value
2472327.0349917766
Average Error
10.6031761739