Energy Bin  Efficiency  Uncertainity
6.0327E-02 1.62471E-02 0.0035
8.8348E-02 1.71299E-02 0.0033
1.2213E-01 1.68938E-02 0.0033
1.5936E-01 1.60128E-02 0.0033
3.9236E-01 1.00049E-02 0.0038
5.1404E-01 8.45160E-03 0.0040
6.6221E-01 7.27867E-03 0.0042
8.9828E-01 6.12147E-03 0.0044
1.1731E+00 5.23933E-03 0.0046
1.3332E+00 4.87653E-03 0.0047
1.8360E+00 4.01707E-03 0.0051

Energy Bin   Relative Error
6.0327E-02 53.0958866747
8.8348E-02 13.0084773727
1.2213E-01 10.2400382701
1.5936E-01 9.80254398939
3.9236E-01 7.96504181189
5.1404E-01 6.63898685838
6.6221E-01 7.62689988706
8.9828E-01 7.65553618033
1.1731E+00 7.53424471031
1.3332E+00 7.34836542499
1.8360E+00 7.5761528608

Chi Squared Value
3472418.40643487
Average Error
12.5901976401