Energy Bin  Efficiency  Uncertainity
6.0327E-02 1.50659E-02 0.0036
8.8348E-02 1.62596E-02 0.0034
1.2213E-01 1.61631E-02 0.0034
1.5936E-01 1.53891E-02 0.0034
3.9236E-01 9.72880E-03 0.0038
5.1404E-01 8.23907E-03 0.0040
6.6221E-01 7.11153E-03 0.0042
8.9828E-01 5.99327E-03 0.0045
1.1731E+00 5.13787E-03 0.0047
1.3332E+00 4.78913E-03 0.0048
1.8360E+00 3.95180E-03 0.0051

Energy Bin   Relative Error
6.0327E-02 49.1629964149
8.8348E-02 12.296764061
1.2213E-01 9.75387790568
1.5936E-01 9.38178392956
3.9236E-01 7.71763823522
5.1404E-01 6.44689141172
6.6221E-01 7.42880050254
8.9828E-01 7.47426603797
1.1731E+00 7.3689784514
1.3332E+00 7.19874117616
1.8360E+00 7.43680614859

Chi Squared Value
3032265.158275057
Average Error
11.9697767522