Energy Bin  Efficiency  Uncertainity
6.0327E-02 1.47389E-02 0.0036
8.8348E-02 1.58595E-02 0.0035
1.2213E-01 1.57567E-02 0.0034
1.5936E-01 1.49921E-02 0.0035
3.9236E-01 9.45727E-03 0.0039
5.1404E-01 7.98440E-03 0.0041
6.6221E-01 6.88853E-03 0.0043
8.9828E-01 5.79427E-03 0.0045
1.1731E+00 4.97227E-03 0.0047
1.3332E+00 4.62107E-03 0.0049
1.8360E+00 3.82487E-03 0.0052

Energy Bin   Relative Error
6.0327E-02 48.0742264225
8.8348E-02 11.9695705691
1.2213E-01 9.48348571725
1.5936E-01 9.11396006591
3.9236E-01 7.47432967609
5.1404E-01 6.21670768518
6.6221E-01 7.16449415607
8.9828E-01 7.19288726786
1.1731E+00 7.09923576979
1.3332E+00 6.91103120753
1.8360E+00 7.16581981213

Chi Squared Value
2885525.093496921
Average Error
11.6241589409