Energy Bin  Efficiency  Uncertainity
6.0327E-02 2.41513E-02 0.0028
8.8348E-02 2.49001E-02 0.0028
1.2213E-01 2.41059E-02 0.0028
1.5936E-01 2.20417E-02 0.0028
3.9236E-01 1.25373E-02 0.0034
5.1404E-01 1.04556E-02 0.0036
6.6221E-01 8.88340E-03 0.0038
8.9828E-01 7.31660E-03 0.0040
1.1731E+00 6.21740E-03 0.0043
1.3332E+00 5.73067E-03 0.0044
1.8360E+00 4.69300E-03 0.0047

Energy Bin   Relative Error
6.0327E-02 6.59607871865
8.8348E-02 0.931419850911
1.2213E-01 0.467232973306
1.5936E-01 0.331463877588
3.9236E-01 0.0993712942734
5.1404E-01 0.0690879531285
6.6221E-01 0.0605948204541
8.9828E-01 0.331597525407
1.1731E+00 0.360908163045
1.3332E+00 0.335250817123
1.8360E+00 0.38665012883

Chi Squared Value
1.7302955970463765
Average Error
0.906332374792