Energy Bin  Efficiency  Uncertainity
6.0327E-02 2.23044E-02 0.0029
8.8348E-02 2.29397E-02 0.0029
1.2213E-01 2.21345E-02 0.0029
1.5936E-01 2.02042E-02 0.0030
3.9236E-01 1.13915E-02 0.0035
5.1404E-01 9.50573E-03 0.0037
6.6221E-01 8.03553E-03 0.0040
8.9828E-01 6.59553E-03 0.0042
1.1731E+00 5.57373E-03 0.0045
1.3332E+00 5.13580E-03 0.0046
1.8360E+00 4.18887E-03 0.0049

Energy Bin   Relative Error
6.0327E-02 6.01519082501
8.8348E-02 0.779357992697
1.2213E-01 0.347241473981
1.5936E-01 0.220466773233
3.9236E-01 0.00110166473516
5.1404E-01 0.0280365135724
6.6221E-01 0.0406329223491
8.9828E-01 0.200365118599
1.1731E+00 0.220017154375
1.3332E+00 0.196645618502
1.8360E+00 0.237693825943

Chi Squared Value
1.3912473015112032
Average Error
0.753340898455