Energy Bin  Efficiency  Uncertainity
6.0327E-02 2.03655E-02 0.0031
8.8348E-02 2.12161E-02 0.0030
1.2213E-01 2.05063E-02 0.0030
1.5936E-01 1.86877E-02 0.0031
3.9236E-01 1.03855E-02 0.0037
5.1404E-01 8.67167E-03 0.0039
6.6221E-01 7.29213E-03 0.0041
8.9828E-01 5.95947E-03 0.0044
1.1731E+00 5.03787E-03 0.0047
1.3332E+00 4.62760E-03 0.0048
1.8360E+00 3.79180E-03 0.0052

Energy Bin   Relative Error
6.0327E-02 5.40536704627
8.8348E-02 0.645663941065
1.2213E-01 0.248139232325
1.5936E-01 0.128860183434
3.9236E-01 0.089315835413
5.1404E-01 0.113319376171
6.6221E-01 0.129387924885
8.9828E-01 0.0846042567223
1.1731E+00 0.102724355416
1.3332E+00 0.078234601071
1.8360E+00 0.120370756125

Chi Squared Value
1.10085323514695
Average Error
0.649635228082