Energy Bin  Efficiency  Uncertainity
6.0327E-02 2.16565E-02 0.0030
8.8348E-02 2.22325E-02 0.0029
1.2213E-01 2.13684E-02 0.0029
1.5936E-01 1.93949E-02 0.0030
3.9236E-01 1.06527E-02 0.0036
5.1404E-01 8.85320E-03 0.0039
6.6221E-01 7.43667E-03 0.0041
8.9828E-01 6.06573E-03 0.0044
1.1731E+00 5.11207E-03 0.0046
1.3332E+00 4.69420E-03 0.0048
1.8360E+00 3.83407E-03 0.0051

Energy Bin   Relative Error
6.0327E-02 5.81141299931
8.8348E-02 0.72450278655
1.2213E-01 0.300611927652
1.5936E-01 0.171579722047
3.9236E-01 0.0658855904775
5.1404E-01 0.0947578841351
6.6221E-01 0.112131201632
8.9828E-01 0.103943232893
1.1731E+00 0.118965772358
1.3332E+00 0.0937524557757
1.8360E+00 0.132860357861

Chi Squared Value
1.2823921927168591
Average Error
0.7027639937