Energy Bin  Efficiency  Uncertainity
6.0327E-02 2.10934E-02 0.0030
8.8348E-02 2.17115E-02 0.0030
1.2213E-01 2.09135E-02 0.0030
1.5936E-01 1.90199E-02 0.0031
3.9236E-01 1.05039E-02 0.0037
5.1404E-01 8.75333E-03 0.0039
6.6221E-01 7.35627E-03 0.0041
8.9828E-01 6.00787E-03 0.0044
1.1731E+00 5.07160E-03 0.0047
1.3332E+00 4.65853E-03 0.0048
1.8360E+00 3.81193E-03 0.0052

Energy Bin   Relative Error
6.0327E-02 5.6343065112
8.8348E-02 0.684090509398
1.2213E-01 0.272923922659
1.5936E-01 0.14892725177
3.9236E-01 0.0789335711901
5.1404E-01 0.104969618888
6.6221E-01 0.12173020917
8.9828E-01 0.0934129001126
1.1731E+00 0.110107414627
1.3332E+00 0.0854413164767
1.8360E+00 0.126318607626

Chi Squared Value
1.1995338711871382
Average Error
0.678287439374