Energy Bin  Efficiency  Uncertainity
6.0327E-02 2.84121E-02 0.0026
8.8348E-02 2.97117E-02 0.0025
1.2213E-01 2.91497E-02 0.0025
1.5936E-01 2.70217E-02 0.0026
3.9236E-01 1.58097E-02 0.0030
5.1404E-01 1.32738E-02 0.0032
6.6221E-01 1.12727E-02 0.0033
8.9828E-01 9.35707E-03 0.0036
1.1731E+00 7.94333E-03 0.0038
1.3332E+00 7.33493E-03 0.0039
1.8360E+00 5.99540E-03 0.0042

Energy Bin   Relative Error
6.0327E-02 7.93618762394
8.8348E-02 1.30464002893
1.2213E-01 0.77422958703
1.5936E-01 0.632288682862
3.9236E-01 0.386321644299
5.1404E-01 0.35724967216
6.6221E-01 0.345854879048
8.9828E-01 0.702956462982
1.1731E+00 0.738691838833
1.3332E+00 0.709044714849
1.8360E+00 0.771472870741

Chi Squared Value
2.771927058803696
Average Error
1.33263072779