Energy Bin  Efficiency  Uncertainity
8.8348E-02 2.09013E-02 0.0030
1.2213E-01 1.99740E-02 0.0031
1.5936E-01 1.82853E-02 0.0031
3.9236E-01 1.02969E-02 0.0037
5.1404E-01 8.58873E-03 0.0040
6.6221E-01 7.24853E-03 0.0042
8.9828E-01 5.95627E-03 0.0045
1.1731E+00 5.07740E-03 0.0047
1.3332E+00 4.63007E-03 0.0049
1.8360E+00 3.82293E-03 0.0052

Energy Bin   Relative Error
8.8348E-02 0.768631921369
1.2213E-01 0.326262023766
1.5936E-01 0.204966442905
3.9236E-01 0.0150018137873
5.1404E-01 0.0419636514223
6.6221E-01 0.0559200256364
8.9828E-01 0.182569309538
1.1731E+00 0.212411228379
1.3332E+00 0.176883759745
1.8360E+00 0.232256872404

Chi Squared Value
0.11894349161491523
Average Error
0.221686704895