Energy Bin  Efficiency  Uncertainity
8.8348E-02 1.86370E-02 0.0032
1.2213E-01 1.80119E-02 0.0032
1.5936E-01 1.66036E-02 0.0033
3.9236E-01 9.35440E-03 0.0039
5.1404E-01 7.80373E-03 0.0041
6.6221E-01 6.55680E-03 0.0043
8.9828E-01 5.37353E-03 0.0046
1.1731E+00 4.57993E-03 0.0049
1.3332E+00 4.17173E-03 0.0051
1.8360E+00 3.44300E-03 0.0054

Energy Bin   Relative Error
8.8348E-02 0.577030764525
1.2213E-01 0.195979720931
1.5936E-01 0.0941456159549
3.9236E-01 0.105161064679
5.1404E-01 0.129527066925
6.6221E-01 0.146013939943
8.9828E-01 0.0668709883673
1.1731E+00 0.0936224361266
1.3332E+00 0.0603816544982
1.8360E+00 0.109792858275

Chi Squared Value
0.06226223108033958
Average Error
0.157852611022