Energy Bin  Efficiency  Uncertainity
8.8348E-02 2.14520E-02 0.0030
1.2213E-01 2.05314E-02 0.0030
1.5936E-01 1.88049E-02 0.0031
3.9236E-01 1.06426E-02 0.0037
5.1404E-01 8.86320E-03 0.0039
6.6221E-01 7.49027E-03 0.0041
8.9828E-01 6.16207E-03 0.0044
1.1731E+00 5.25453E-03 0.0046
1.3332E+00 4.79327E-03 0.0048
1.8360E+00 3.95293E-03 0.0051

Energy Bin   Relative Error
8.8348E-02 0.815231204624
1.2213E-01 0.363273060717
1.5936E-01 0.239207093249
3.9236E-01 0.0180677385026
5.1404E-01 0.0113476888069
6.6221E-01 0.0244347599339
8.9828E-01 0.223429237631
1.1731E+00 0.25470736437
1.3332E+00 0.21836637871
1.8360E+00 0.274160175214

Chi Squared Value
0.13995560760506634
Average Error
0.244222470176