Energy Bin  Efficiency  Uncertainity
8.8348E-02 2.61009E-02 0.0027
1.2213E-01 2.53369E-02 0.0027
1.5936E-01 2.34909E-02 0.0028
3.9236E-01 1.36261E-02 0.0032
5.1404E-01 1.13883E-02 0.0034
6.6221E-01 9.67340E-03 0.0036
8.9828E-01 8.00813E-03 0.0038
1.1731E+00 6.81960E-03 0.0041
1.3332E+00 6.23760E-03 0.0042
1.8360E+00 5.13660E-03 0.0045

Energy Bin   Relative Error
8.8348E-02 1.20861309662
1.2213E-01 0.682355475616
1.5936E-01 0.54800556806
3.9236E-01 0.30346840167
5.1404E-01 0.270316490157
6.6221E-01 0.259905556576
8.9828E-01 0.589949543052
1.1731E+00 0.628423920324
1.3332E+00 0.585490098376
1.8360E+00 0.655696193963

Chi Squared Value
0.4446952501819154
Average Error
0.573222434442