Energy Bin  Efficiency  Uncertainity
8.8348E-02 2.05505E-02 0.0030
1.2213E-01 1.95957E-02 0.0031
1.5936E-01 1.78843E-02 0.0032
3.9236E-01 9.83580E-03 0.0038
5.1404E-01 8.14460E-03 0.0040
6.6221E-01 6.82613E-03 0.0043
8.9828E-01 5.56480E-03 0.0046
1.1731E+00 4.71907E-03 0.0048
1.3332E+00 4.28967E-03 0.0050
1.8360E+00 3.52253E-03 0.0054

Energy Bin   Relative Error
8.8348E-02 0.738947831001
1.2213E-01 0.301143123016
1.5936E-01 0.17854130667
3.9236E-01 0.0591104934543
5.1404E-01 0.0915044663616
6.6221E-01 0.110935233019
8.9828E-01 0.104846102295
1.1731E+00 0.126847098024
1.3332E+00 0.0903599638162
1.8360E+00 0.135428009602

Chi Squared Value
0.10464469769627155
Average Error
0.193766362726