Energy Bin  Efficiency  Uncertainity
8.8348E-02 1.86375E-02 0.0032
1.2213E-01 1.80136E-02 0.0032
1.5936E-01 1.66065E-02 0.0033
3.9236E-01 9.35033E-03 0.0039
5.1404E-01 7.80367E-03 0.0041
6.6221E-01 6.55400E-03 0.0043
8.9828E-01 5.37480E-03 0.0046
1.1731E+00 4.58253E-03 0.0049
1.3332E+00 4.16840E-03 0.0051
1.8360E+00 3.44327E-03 0.0054

Energy Bin   Relative Error
8.8348E-02 0.577073073661
1.2213E-01 0.196092599946
1.5936E-01 0.0943367204314
3.9236E-01 0.105550399587
5.1404E-01 0.12953375967
6.6221E-01 0.146378624083
8.9828E-01 0.0671231366117
1.1731E+00 0.0942432793128
1.3332E+00 0.0595352260597
1.8360E+00 0.109879888212

Chi Squared Value
0.06230783856781989
Average Error
0.157974670757