Energy Bin  Efficiency  Uncertainity
8.8348E-02 2.31120E-02 0.0029
1.2213E-01 2.22239E-02 0.0029
1.5936E-01 2.04425E-02 0.0030
3.9236E-01 1.16511E-02 0.0035
5.1404E-01 9.69747E-03 0.0037
6.6221E-01 8.23473E-03 0.0039
8.9828E-01 6.77067E-03 0.0042
1.1731E+00 5.78727E-03 0.0044
1.3332E+00 5.28433E-03 0.0046
1.8360E+00 4.35300E-03 0.0049

Energy Bin   Relative Error
8.8348E-02 0.955697538751
1.2213E-01 0.475654079803
1.5936E-01 0.347121814194
3.9236E-01 0.114540528449
5.1404E-01 0.0817115859087
6.6221E-01 0.0725269381917
8.9828E-01 0.344261852974
1.1731E+00 0.38191813323
1.3332E+00 0.343185342367
1.8360E+00 0.403115977947

Chi Squared Value
0.22130846605613314
Average Error
0.351973379181