Energy Bin  Efficiency  Uncertainity
8.8348E-02 1.99921E-02 0.0031
1.2213E-01 1.91053E-02 0.0031
1.5936E-01 1.74833E-02 0.0032
3.9236E-01 9.68013E-03 0.0038
5.1404E-01 8.03360E-03 0.0041
6.6221E-01 6.74193E-03 0.0043
8.9828E-01 5.50360E-03 0.0046
1.1731E+00 4.67447E-03 0.0049
1.3332E+00 4.25167E-03 0.0050
1.8360E+00 3.49973E-03 0.0054

Energy Bin   Relative Error
8.8348E-02 0.691696987039
1.2213E-01 0.268580847234
1.5936E-01 0.152116170434
3.9236E-01 0.0740018362514
5.1404E-01 0.10388604486
6.6221E-01 0.121901806082
8.9828E-01 0.0926953365066
1.1731E+00 0.116197249521
1.3332E+00 0.0807010206749
1.8360E+00 0.128078814955

Chi Squared Value
0.09043332431764342
Average Error
0.182985611356