Energy Bin  Efficiency  Uncertainity
8.8348E-02 2.19833E-02 0.0029
1.2213E-01 2.10803E-02 0.0030
1.5936E-01 1.93271E-02 0.0030
3.9236E-01 1.09599E-02 0.0036
5.1404E-01 9.12887E-03 0.0038
6.6221E-01 7.73427E-03 0.0041
8.9828E-01 6.35127E-03 0.0043
1.1731E+00 5.42427E-03 0.0046
1.3332E+00 4.95280E-03 0.0047
1.8360E+00 4.08260E-03 0.0051

Energy Bin   Relative Error
8.8348E-02 0.860188893372
1.2213E-01 0.399719702593
1.5936E-01 0.273619078641
3.9236E-01 0.0484205558054
5.1404E-01 0.0182866711889
6.6221E-01 0.0073448579672
8.9828E-01 0.260993369775
1.1731E+00 0.295238872998
1.3332E+00 0.258916147114
1.8360E+00 0.315957108102

Chi Squared Value
0.16315385824208514
Average Error
0.273868525756