Energy Bin  Efficiency  Uncertainity
8.8348E-02 2.07174E-02 0.0030
1.2213E-01 1.97304E-02 0.0031
1.5936E-01 1.80014E-02 0.0032
3.9236E-01 9.87793E-03 0.0038
5.1404E-01 8.17727E-03 0.0040
6.6221E-01 6.85307E-03 0.0042
8.9828E-01 5.58247E-03 0.0046
1.1731E+00 4.73233E-03 0.0048
1.3332E+00 4.30013E-03 0.0050
1.8360E+00 3.52927E-03 0.0054

Energy Bin   Relative Error
8.8348E-02 0.75307062086
1.2213E-01 0.310087124948
1.5936E-01 0.186257973635
3.9236E-01 0.0550803510245
5.1404E-01 0.0878602666362
6.6221E-01 0.107426450617
8.9828E-01 0.108354338104
1.1731E+00 0.130013398274
1.3332E+00 0.0930187150072
1.8360E+00 0.137600534686

Chi Squared Value
0.10906605923878752
Average Error
0.196876977379