Energy Bin  Efficiency  Uncertainity
8.8348E-02 2.09281E-02 0.0030
1.2213E-01 2.00001E-02 0.0030
1.5936E-01 1.83060E-02 0.0031
3.9236E-01 1.02139E-02 0.0037
5.1404E-01 8.48740E-03 0.0040
6.6221E-01 7.13620E-03 0.0042
8.9828E-01 5.84133E-03 0.0045
1.1731E+00 4.95707E-03 0.0047
1.3332E+00 4.51053E-03 0.0049
1.8360E+00 3.70173E-03 0.0053

Energy Bin   Relative Error
8.8348E-02 0.770899691101
1.2213E-01 0.327995048639
1.5936E-01 0.206330533479
3.9236E-01 0.0229415674467
5.1404E-01 0.0532665824961
6.6221E-01 0.0705503718611
8.9828E-01 0.159748900719
1.1731E+00 0.183678128148
1.3332E+00 0.146498758084
1.8360E+00 0.19319010086

Chi Squared Value
0.11794300358506642
Average Error
0.213509968284