Energy Bin  Efficiency  Uncertainity
8.8348E-02 1.86373E-02 0.0032
1.2213E-01 1.80137E-02 0.0032
1.5936E-01 1.66049E-02 0.0033
3.9236E-01 9.35320E-03 0.0039
5.1404E-01 7.80700E-03 0.0041
6.6221E-01 6.55813E-03 0.0043
8.9828E-01 5.37280E-03 0.0046
1.1731E+00 4.58060E-03 0.0049
1.3332E+00 4.16947E-03 0.0051
1.8360E+00 3.44567E-03 0.0054

Energy Bin   Relative Error
8.8348E-02 0.577056150007
1.2213E-01 0.196099239888
1.5936E-01 0.0942312834788
3.9236E-01 0.105275856298
5.1404E-01 0.129162312316
6.6221E-01 0.145840714976
8.9828E-01 0.0667260527624
1.1731E+00 0.09378242264
1.3332E+00 0.059807201564
1.8360E+00 0.110653487648

Chi Squared Value
0.06227015470267603
Average Error
0.157863472158