Energy Bin  Efficiency  Uncertainity
8.8348E-02 1.98375E-02 0.0031
1.2213E-01 1.89853E-02 0.0031
1.5936E-01 1.73813E-02 0.0032
3.9236E-01 9.64307E-03 0.0038
5.1404E-01 8.00860E-03 0.0041
6.6221E-01 6.72120E-03 0.0043
8.9828E-01 5.49093E-03 0.0046
1.1731E+00 4.66267E-03 0.0049
1.3332E+00 4.24220E-03 0.0050
1.8360E+00 3.49300E-03 0.0054

Energy Bin   Relative Error
8.8348E-02 0.678615001946
1.2213E-01 0.260612916782
1.5936E-01 0.145394564709
3.9236E-01 0.0775469840902
5.1404E-01 0.106674688665
6.6221E-01 0.12460177116
8.9828E-01 0.0901798103213
1.1731E+00 0.113379576599
1.3332E+00 0.078293910371
1.8360E+00 0.125909513202

Chi Squared Value
0.08685792189974582
Average Error
0.180120873785