Energy Bin  Efficiency  Uncertainity
8.8348E-02 2.64095E-02 0.0027
1.2213E-01 2.56601E-02 0.0027
1.5936E-01 2.38210E-02 0.0027
3.9236E-01 1.38493E-02 0.0032
5.1404E-01 1.15807E-02 0.0034
6.6221E-01 9.83960E-03 0.0036
8.9828E-01 8.14513E-03 0.0038
1.1731E+00 6.93167E-03 0.0040
1.3332E+00 6.35400E-03 0.0042
1.8360E+00 5.22620E-03 0.0045

Energy Bin   Relative Error
8.8348E-02 1.23472629585
1.2213E-01 0.703815768301
1.5936E-01 0.569758529335
3.9236E-01 0.324819642836
5.1404E-01 0.291777892887
6.6221E-01 0.281552165163
8.9828E-01 0.617149786729
1.1731E+00 0.655184649509
1.3332E+00 0.615076966314
1.8360E+00 0.684577239593

Chi Squared Value
0.4744364253242657
Average Error
0.597843893651