Energy Bin  Efficiency  Uncertainity
8.8348E-02 2.45757E-02 0.0028
1.2213E-01 2.37513E-02 0.0028
1.5936E-01 2.19179E-02 0.0029
3.9236E-01 1.25785E-02 0.0034
5.1404E-01 1.05075E-02 0.0036
6.6221E-01 8.91580E-03 0.0038
8.9828E-01 7.37047E-03 0.0040
1.1731E+00 6.27993E-03 0.0042
1.3332E+00 5.73980E-03 0.0044
1.8360E+00 4.72260E-03 0.0047

Energy Bin   Relative Error
8.8348E-02 1.07955330578
1.2213E-01 0.577072554575
1.5936E-01 0.444347864074
3.9236E-01 0.203255318132
5.1404E-01 0.17206699159
6.6221E-01 0.16123244788
8.9828E-01 0.463347299379
1.1731E+00 0.499558365587
1.3332E+00 0.458957943225
1.8360E+00 0.522250291168

Chi Squared Value
0.3177909149796634
Average Error
0.458164238138