Energy Bin  Efficiency  Uncertainity
8.8348E-02 2.11745E-02 0.0030
1.2213E-01 2.02499E-02 0.0030
1.5936E-01 1.85493E-02 0.0031
3.9236E-01 1.04750E-02 0.0037
5.1404E-01 8.73220E-03 0.0039
6.6221E-01 7.37447E-03 0.0041
8.9828E-01 6.06707E-03 0.0044
1.1731E+00 5.16980E-03 0.0047
1.3332E+00 4.71940E-03 0.0048
1.8360E+00 3.89133E-03 0.0052

Energy Bin   Relative Error
8.8348E-02 0.791749633709
1.2213E-01 0.344581623864
1.5936E-01 0.222363540078
3.9236E-01 0.00203517569152
5.1404E-01 0.0259601823494
6.6221E-01 0.0395170540034
8.9828E-01 0.204567754789
1.1731E+00 0.234475040074
1.3332E+00 0.199589901609
1.8360E+00 0.254304456344

Chi Squared Value
0.12915815138176673
Average Error
0.231914436251