Energy Bin  Efficiency  Uncertainity
6.0327E-02 3.66053E-03 0.0073
8.8348E-02 3.62407E-03 0.0073
1.2213E-01 3.42367E-03 0.0074
1.5936E-01 3.08573E-03 0.0076
3.9236E-01 1.75967E-03 0.0091
5.1404E-01 1.49653E-03 0.0095
6.6221E-01 1.27760E-03 0.0101
8.9828E-01 1.05587E-03 0.0107
1.1731E+00 9.09867E-04 0.0112
1.3332E+00 8.66467E-04 0.0114
1.8360E+00 6.99000E-04 0.0122

Energy Bin   Relative Error
6.0327E-02 3.48952434322
8.8348E-02 0.541688260675
1.2213E-01 0.423023946053
1.5936E-01 0.267600389732
3.9236E-01 0.116215177907
5.1404E-01 0.0652141418311
6.6221E-01 0.117577705829
8.9828E-01 0.105909909996
1.1731E+00 0.119586647699
1.3332E+00 0.133727215902
1.8360E+00 0.141585561237

Chi Squared Value
0.12445718868603692
Average Error
0.501968481826