Energy Bin  Efficiency  Uncertainity
6.0327E-02 3.18507E-03 0.0079
8.8348E-02 3.24747E-03 0.0077
1.2213E-01 3.07773E-03 0.0078
1.5936E-01 2.78520E-03 0.0080
3.9236E-01 1.56073E-03 0.0096
5.1404E-01 1.32233E-03 0.0100
6.6221E-01 1.11880E-03 0.0106
8.9828E-01 9.19200E-04 0.0113
1.1731E+00 7.77067E-04 0.0118
1.3332E+00 7.42533E-04 0.0121
1.8360E+00 5.98067E-04 0.0131

Energy Bin   Relative Error
6.0327E-02 2.90638768153
8.8348E-02 0.38148169762
1.2213E-01 0.279236459556
1.5936E-01 0.14414436956
3.9236E-01 0.00997885136757
5.1404E-01 0.0587795659508
6.6221E-01 0.0213322344381
8.9828E-01 0.0372371700417
1.1731E+00 0.0438230669234
1.3332E+00 0.0284340075212
1.8360E+00 0.023255147565

Chi Squared Value
0.0822465933072881
Average Error
0.35764456837