Energy Bin  Efficiency  Uncertainity
6.0327E-02 4.52093E-03 0.0066
8.8348E-02 4.44313E-03 0.0066
1.2213E-01 4.17940E-03 0.0067
1.5936E-01 3.74873E-03 0.0069
3.9236E-01 2.10433E-03 0.0083
5.1404E-01 1.77873E-03 0.0087
6.6221E-01 1.51560E-03 0.0092
8.9828E-01 1.26253E-03 0.0098
1.1731E+00 1.08127E-03 0.0103
1.3332E+00 1.02793E-03 0.0105
1.8360E+00 8.33400E-04 0.0112

Energy Bin   Relative Error
6.0327E-02 4.54477774776
8.8348E-02 0.890118392209
1.2213E-01 0.737137714831
1.5936E-01 0.539957030913
3.9236E-01 0.334844081745
5.1404E-01 0.266081101281
6.6221E-01 0.325767666684
8.9828E-01 0.322363963998
1.1731E+00 0.330497154593
1.3332E+00 0.344993193095
1.8360E+00 0.36108355756

Chi Squared Value
0.2362458500053751
Average Error
0.817965600424