Energy Bin  Efficiency  Uncertainity
6.0327E-02 3.78173E-03 0.0072
8.8348E-02 3.74553E-03 0.0072
1.2213E-01 3.54273E-03 0.0073
1.5936E-01 3.19493E-03 0.0075
3.9236E-01 1.79040E-03 0.0089
5.1404E-01 1.50547E-03 0.0094
6.6221E-01 1.27700E-03 0.0099
8.9828E-01 1.04473E-03 0.0106
1.1731E+00 8.87667E-04 0.0111
1.3332E+00 8.43267E-04 0.0114
1.8360E+00 6.77533E-04 0.0123

Energy Bin   Relative Error
6.0327E-02 3.63817231234
8.8348E-02 0.593357642376
1.2213E-01 0.47251038342
1.5936E-01 0.312459130632
3.9236E-01 0.13570820354
5.1404E-01 0.0715775387747
6.6221E-01 0.117052857189
8.9828E-01 0.0942419618606
1.1731E+00 0.0922696622728
1.3332E+00 0.103371216875
1.8360E+00 0.106526309101

Chi Squared Value
0.13724763964100958
Average Error
0.521567928944