Energy Bin  Efficiency  Uncertainity
6.0327E-02 3.41800E-03 0.0076
8.8348E-02 3.39760E-03 0.0075
1.2213E-01 3.21253E-03 0.0076
1.5936E-01 2.89420E-03 0.0079
3.9236E-01 1.60960E-03 0.0094
5.1404E-01 1.35740E-03 0.0099
6.6221E-01 1.14767E-03 0.0105
8.9828E-01 9.38933E-04 0.0111
1.1731E+00 7.92733E-04 0.0117
1.3332E+00 7.54467E-04 0.0120
1.8360E+00 6.08600E-04 0.0130

Energy Bin   Relative Error
6.0327E-02 3.19206896409
8.8348E-02 0.445347367592
1.2213E-01 0.335265115334
1.5936E-01 0.188920951594
3.9236E-01 0.0210209586788
5.1404E-01 0.03381711284
6.6221E-01 0.00392173266214
8.9828E-01 0.0165689814826
1.1731E+00 0.0245461347752
1.3332E+00 0.0128189862976
1.8360E+00 0.00605297200495

Chi Squared Value
0.10048063400079259
Average Error
0.389122661578