Energy Bin  Efficiency  Uncertainity
6.0327E-02 4.22493E-03 0.0068
8.8348E-02 4.15473E-03 0.0068
1.2213E-01 3.91593E-03 0.0069
1.5936E-01 3.51953E-03 0.0071
3.9236E-01 1.98427E-03 0.0085
5.1404E-01 1.67680E-03 0.0090
6.6221E-01 1.43080E-03 0.0095
8.9828E-01 1.18780E-03 0.0101
1.1731E+00 1.01860E-03 0.0106
1.3332E+00 9.71733E-04 0.0108
1.8360E+00 7.78467E-04 0.0116

Energy Bin   Relative Error
6.0327E-02 4.18174310371
8.8348E-02 0.767432325334
1.2213E-01 0.627628293927
1.5936E-01 0.445802970342
3.9236E-01 0.258686169034
5.1404E-01 0.193528411073
6.6221E-01 0.251589058783
8.9828E-01 0.244092351419
1.1731E+00 0.253382043031
1.3332E+00 0.271462327694
1.8360E+00 0.271368651072

Chi Squared Value
0.1926641313935568
Average Error
0.706065064129