Energy Bin  Efficiency  Uncertainity
6.0327E-02 3.18513E-03 0.0079
8.8348E-02 3.24740E-03 0.0077
1.2213E-01 3.07833E-03 0.0078
1.5936E-01 2.78467E-03 0.0080
3.9236E-01 1.56100E-03 0.0096
5.1404E-01 1.32187E-03 0.0100
6.6221E-01 1.11893E-03 0.0106
8.9828E-01 9.18733E-04 0.0113
1.1731E+00 7.76467E-04 0.0118
1.3332E+00 7.42333E-04 0.0121
1.8360E+00 5.97533E-04 0.0131

Energy Bin   Relative Error
6.0327E-02 2.90646126963
8.8348E-02 0.381451919449
1.2213E-01 0.279485845264
1.5936E-01 0.143926648564
3.9236E-01 0.0098075816988
5.1404E-01 0.0591069890598
6.6221E-01 0.0212185172326
8.9828E-01 0.0377263021583
1.1731E+00 0.0445613638268
1.3332E+00 0.028695697168
1.8360E+00 0.0241272601397

Chi Squared Value
0.08225369976878695
Average Error
0.357869944927