Energy Bin  Efficiency  Uncertainity
6.0327E-02 4.06813E-03 0.0070
8.8348E-02 4.00267E-03 0.0069
1.2213E-01 3.77640E-03 0.0070
1.5936E-01 3.39687E-03 0.0073
3.9236E-01 1.92213E-03 0.0087
5.1404E-01 1.62327E-03 0.0091
6.6221E-01 1.38453E-03 0.0096
8.9828E-01 1.14173E-03 0.0102
1.1731E+00 9.80667E-04 0.0108
1.3332E+00 9.39133E-04 0.0109
1.8360E+00 7.53867E-04 0.0117

Energy Bin   Relative Error
6.0327E-02 3.98943285983
8.8348E-02 0.702745628632
1.2213E-01 0.569633647482
1.5936E-01 0.395414937752
3.9236E-01 0.219268771934
5.1404E-01 0.155426326242
6.6221E-01 0.211114481099
8.9828E-01 0.195838996789
1.1731E+00 0.206705682302
1.3332E+00 0.228806915268
1.8360E+00 0.23119267853

Chi Squared Value
0.17164077421575696
Average Error
0.645961902351