Energy Bin  Efficiency  Uncertainity
6.0327E-02 3.43940E-03 0.0076
8.8348E-02 3.41580E-03 0.0075
1.2213E-01 3.22747E-03 0.0076
1.5936E-01 2.90547E-03 0.0079
3.9236E-01 1.60840E-03 0.0094
5.1404E-01 1.35700E-03 0.0099
6.6221E-01 1.14473E-03 0.0105
8.9828E-01 9.37000E-04 0.0111
1.1731E+00 7.90800E-04 0.0117
1.3332E+00 7.51867E-04 0.0120
1.8360E+00 6.04400E-04 0.0130

Energy Bin   Relative Error
6.0327E-02 3.21831538768
8.8348E-02 0.453089692201
1.2213E-01 0.341474819468
1.5936E-01 0.1935506037
3.9236E-01 0.020259760151
5.1404E-01 0.0341018285869
6.6221E-01 0.00134997432218
8.9828E-01 0.0185935904364
1.1731E+00 0.026924681299
1.3332E+00 0.0162209517058
1.8360E+00 0.0129122843901

Chi Squared Value
0.10233126828981834
Average Error
0.394253961268