Energy Bin  Efficiency  Uncertainity
6.0327E-02 3.76753E-03 0.0072
8.8348E-02 3.72520E-03 0.0072
1.2213E-01 3.51747E-03 0.0073
1.5936E-01 3.16413E-03 0.0075
3.9236E-01 1.79393E-03 0.0090
5.1404E-01 1.52260E-03 0.0094
6.6221E-01 1.29547E-03 0.0100
8.9828E-01 1.06967E-03 0.0106
1.1731E+00 9.18733E-04 0.0111
1.3332E+00 8.73333E-04 0.0113
1.8360E+00 7.04333E-04 0.0122

Energy Bin   Relative Error
6.0327E-02 3.62075646117
8.8348E-02 0.584709210547
1.2213E-01 0.462011245104
1.5936E-01 0.29980666525
3.9236E-01 0.137947395876
5.1404E-01 0.0837704906364
6.6221E-01 0.133209447848
8.9828E-01 0.12036392115
1.1731E+00 0.130496214942
1.3332E+00 0.142711021476
1.8360E+00 0.150295254796

Chi Squared Value
0.13576608277504182
Average Error
0.533279757164