Energy Bin  Efficiency  Uncertainity
6.0327E-02 3.44453E-03 0.0076
8.8348E-02 3.41600E-03 0.0075
1.2213E-01 3.22740E-03 0.0076
1.5936E-01 2.90320E-03 0.0079
3.9236E-01 1.60920E-03 0.0094
5.1404E-01 1.35547E-03 0.0099
6.6221E-01 1.14520E-03 0.0105
8.9828E-01 9.35867E-04 0.0111
1.1731E+00 7.90600E-04 0.0117
1.3332E+00 7.51733E-04 0.0120
1.8360E+00 6.04267E-04 0.0130

Energy Bin   Relative Error
6.0327E-02 3.22460717054
8.8348E-02 0.453174772691
1.2213E-01 0.341445724469
1.5936E-01 0.192618100569
3.9236E-01 0.0207672258362
5.1404E-01 0.0351908663188
6.6221E-01 0.00176110575748
8.9828E-01 0.0197802857
1.1731E+00 0.0271707802668
1.3332E+00 0.0163962837691
1.8360E+00 0.0131294959489

Chi Squared Value
0.10268889446861652
Average Error
0.395094710169