Energy Bin  Efficiency  Uncertainity
6.0327E-02 3.66033E-03 0.0073
8.8348E-02 3.62447E-03 0.0073
1.2213E-01 3.42367E-03 0.0074
1.5936E-01 3.08620E-03 0.0076
3.9236E-01 1.77013E-03 0.0091
5.1404E-01 1.51160E-03 0.0095
6.6221E-01 1.28847E-03 0.0101
8.9828E-01 1.06773E-03 0.0107
1.1731E+00 9.26867E-04 0.0112
1.3332E+00 8.82467E-04 0.0114
1.8360E+00 7.16000E-04 0.0121

Energy Bin   Relative Error
6.0327E-02 3.48927904954
8.8348E-02 0.541858421656
1.2213E-01 0.423023946053
1.5936E-01 0.267793463067
3.9236E-01 0.122850291741
5.1404E-01 0.0759408075962
6.6221E-01 0.127086213705
8.9828E-01 0.118331980452
1.1731E+00 0.140505059963
1.3332E+00 0.154662387644
1.8360E+00 0.1693494447

Chi Squared Value
0.1247163246666518
Average Error
0.51188009692