Energy Bin  Efficiency  Uncertainity
6.0327E-02 4.14380E-03 0.0069
8.8348E-02 4.07547E-03 0.0069
1.2213E-01 3.84467E-03 0.0070
1.5936E-01 3.45800E-03 0.0072
3.9236E-01 1.95073E-03 0.0086
5.1404E-01 1.64973E-03 0.0091
6.6221E-01 1.40907E-03 0.0096
8.9828E-01 1.16500E-03 0.0101
1.1731E+00 9.98867E-04 0.0107
1.3332E+00 9.54867E-04 0.0109
1.8360E+00 7.66800E-04 0.0117

Energy Bin   Relative Error
6.0327E-02 4.08223972306
8.8348E-02 0.733714927066
1.2213E-01 0.598009584648
1.5936E-01 0.420526795181
3.9236E-01 0.237410670181
5.1404E-01 0.1742602729
6.6221E-01 0.232580790508
8.9828E-01 0.22021181125
1.1731E+00 0.229100688372
1.3332E+00 0.24939403978
1.8360E+00 0.252314461168

Chi Squared Value
0.18163993399879438
Average Error
0.675433069465