Energy Bin  Efficiency  Uncertainity
6.0327E-02 3.53980E-03 0.0075
8.8348E-02 3.50307E-03 0.0074
1.2213E-01 3.31307E-03 0.0075
1.5936E-01 2.97513E-03 0.0078
3.9236E-01 1.64687E-03 0.0093
5.1404E-01 1.38640E-03 0.0097
6.6221E-01 1.17227E-03 0.0104
8.9828E-01 9.57733E-04 0.0110
1.1731E+00 8.07333E-04 0.0116
1.3332E+00 7.66733E-04 0.0119
1.8360E+00 6.15667E-04 0.0129

Energy Bin   Relative Error
6.0327E-02 3.34145281425
8.8348E-02 0.490214564102
1.2213E-01 0.377053847173
1.5936E-01 0.222166536769
3.9236E-01 0.0446625162894
5.1404E-01 0.0131752211885
6.6221E-01 0.0254405269353
8.9828E-01 0.00312199023545
1.1731E+00 0.00658091012544
1.3332E+00 0.00323043973971
1.8360E+00 0.00548863766781

Chi Squared Value
0.11148416748590273
Average Error
0.412053454952