Energy Bin  Efficiency  Uncertainity
6.0327E-02 3.66040E-03 0.0073
8.8348E-02 3.62487E-03 0.0073
1.2213E-01 3.42347E-03 0.0074
1.5936E-01 3.08487E-03 0.0076
3.9236E-01 1.73707E-03 0.0091
5.1404E-01 1.46540E-03 0.0096
6.6221E-01 1.24233E-03 0.0101
8.9828E-01 1.02180E-03 0.0108
1.1731E+00 8.73067E-04 0.0113
1.3332E+00 8.29800E-04 0.0115
1.8360E+00 6.68600E-04 0.0124

Energy Bin   Relative Error
6.0327E-02 3.48936490233
8.8348E-02 0.542028582636
1.2213E-01 0.422940817484
1.5936E-01 0.267247106607
3.9236E-01 0.101879272299
5.1404E-01 0.0430561388274
6.6221E-01 0.0867253532271
8.9828E-01 0.0702252607173
1.1731E+00 0.074304437623
1.3332E+00 0.0857503445085
1.8360E+00 0.0919372049252

Chi Squared Value
0.12396815734943854
Average Error
0.479587220108