Energy Bin  Efficiency  Uncertainity
6.0327E-02 4.31113E-03 0.0068
8.8348E-02 4.23500E-03 0.0067
1.2213E-01 3.99000E-03 0.0068
1.5936E-01 3.57827E-03 0.0071
3.9236E-01 2.01867E-03 0.0085
5.1404E-01 1.70700E-03 0.0089
6.6221E-01 1.45340E-03 0.0094
8.9828E-01 1.21047E-03 0.0100
1.1731E+00 1.03587E-03 0.0105
1.3332E+00 9.86533E-04 0.0107
1.8360E+00 7.95733E-04 0.0115

Energy Bin   Relative Error
6.0327E-02 4.2874646791
8.8348E-02 0.801579380078
1.2213E-01 0.658414959606
1.5936E-01 0.469933029321
3.9236E-01 0.280507193499
5.1404E-01 0.215024449965
6.6221E-01 0.271358357586
8.9828E-01 0.267836730613
1.1731E+00 0.274632688901
1.3332E+00 0.290827361556
1.8360E+00 0.299566957653

Chi Squared Value
0.20461724734742218
Average Error
0.737922344353