Energy Bin  Efficiency  Uncertainity
6.0327E-02 3.18553E-03 0.0079
8.8348E-02 3.24787E-03 0.0077
1.2213E-01 3.07920E-03 0.0078
1.5936E-01 2.78333E-03 0.0080
3.9236E-01 1.56093E-03 0.0096
5.1404E-01 1.32187E-03 0.0100
6.6221E-01 1.11787E-03 0.0106
8.9828E-01 9.18000E-04 0.0113
1.1731E+00 7.76600E-04 0.0118
1.3332E+00 7.39800E-04 0.0121
1.8360E+00 5.96933E-04 0.0131

Energy Bin   Relative Error
6.0327E-02 2.90695185699
8.8348E-02 0.381651858601
1.2213E-01 0.279847454541
1.5936E-01 0.143376184161
3.9236E-01 0.00985198494626
5.1404E-01 0.0591069890598
6.6221E-01 0.0221457498314
8.9828E-01 0.0384940405769
1.1731E+00 0.0443977080132
1.3332E+00 0.0320099965445
1.8360E+00 0.025107161909

Chi Squared Value
0.08228736358165242
Average Error
0.35844918047