Energy Bin  Efficiency  Uncertainity
6.0327E-02 3.45807E-03 0.0075
8.8348E-02 3.43447E-03 0.0075
1.2213E-01 3.24380E-03 0.0076
1.5936E-01 2.91767E-03 0.0078
3.9236E-01 1.61380E-03 0.0094
5.1404E-01 1.36047E-03 0.0098
6.6221E-01 1.14807E-03 0.0105
8.9828E-01 9.39267E-04 0.0111
1.1731E+00 7.92800E-04 0.0117
1.3332E+00 7.53333E-04 0.0120
1.8360E+00 6.05667E-04 0.0130

Energy Bin   Relative Error
6.0327E-02 3.24121355256
8.8348E-02 0.461031955961
1.2213E-01 0.34826226716
1.5936E-01 0.198562294533
3.9236E-01 0.0236851535262
5.1404E-01 0.0316319194824
6.6221E-01 0.00427163175601
8.9828E-01 0.016219152517
1.1731E+00 0.024463691621
1.3332E+00 0.0143027665948
1.8360E+00 0.0108430584872

Chi Squared Value
0.10401959977022004
Average Error
0.397680676746