Energy Bin  Efficiency  Uncertainity
6.0327E-02 3.94780E-03 0.0071
8.8348E-02 3.89780E-03 0.0070
1.2213E-01 3.67513E-03 0.0071
1.5936E-01 3.30573E-03 0.0074
3.9236E-01 1.87393E-03 0.0088
5.1404E-01 1.58107E-03 0.0093
6.6221E-01 1.35053E-03 0.0098
8.9828E-01 1.11287E-03 0.0104
1.1731E+00 9.56733E-04 0.0109
1.3332E+00 9.13400E-04 0.0111
1.8360E+00 7.32733E-04 0.0119

Energy Bin   Relative Error
6.0327E-02 3.84185191821
8.8348E-02 0.658133673593
1.2213E-01 0.527541496365
1.5936E-01 0.357975142462
3.9236E-01 0.188693964399
5.1404E-01 0.125388814942
6.6221E-01 0.18137305812
8.9828E-01 0.165611260417
1.1731E+00 0.177255018825
1.3332E+00 0.195136616864
1.8360E+00 0.196677271876

Chi Squared Value
0.1567989065161403
Average Error
0.601421657825