Energy Bin  Efficiency  Uncertainity
6.0327E-02 3.98820E-03 0.0070
8.8348E-02 3.93233E-03 0.0070
1.2213E-01 3.70773E-03 0.0071
1.5936E-01 3.33807E-03 0.0073
3.9236E-01 1.89060E-03 0.0088
5.1404E-01 1.59727E-03 0.0092
6.6221E-01 1.36033E-03 0.0097
8.9828E-01 1.12540E-03 0.0103
1.1731E+00 9.63733E-04 0.0109
1.3332E+00 9.20867E-04 0.0110
1.8360E+00 7.40267E-04 0.0119

Energy Bin   Relative Error
6.0327E-02 3.89140124125
8.8348E-02 0.672822820227
1.2213E-01 0.541091453178
1.5936E-01 0.371260231113
3.9236E-01 0.199268280615
5.1404E-01 0.136919802692
6.6221E-01 0.18994558592
8.9828E-01 0.178735083589
1.1731E+00 0.185868482698
1.3332E+00 0.204906799827
1.8360E+00 0.208981571759

Chi Squared Value
0.1616835422784503
Average Error
0.616472850261