Energy Bin  Efficiency  Uncertainity
6.0327E-02 3.57560E-03 0.0074
8.8348E-02 3.53447E-03 0.0074
1.2213E-01 3.34413E-03 0.0075
1.5936E-01 3.00740E-03 0.0077
3.9236E-01 1.66573E-03 0.0093
5.1404E-01 1.40540E-03 0.0097
6.6221E-01 1.18587E-03 0.0103
8.9828E-01 9.69467E-04 0.0110
1.1731E+00 8.17467E-04 0.0115
1.3332E+00 7.77467E-04 0.0118
1.8360E+00 6.24467E-04 0.0128

Energy Bin   Relative Error
6.0327E-02 3.38536038268
8.8348E-02 0.503572201064
1.2213E-01 0.389963714002
1.5936E-01 0.235422869817
3.9236E-01 0.0566260198186
5.1404E-01 0.000348776789972
6.6221E-01 0.037337096127
8.9828E-01 0.0154120892854
1.1731E+00 0.00588892457324
1.3332E+00 0.0172753230826
1.8360E+00 0.0198605302842

Chi Squared Value
0.11493584445466143
Average Error
0.424278902503