Energy Bin  Efficiency  Uncertainity
6.0327E-02 4.43493E-03 0.0067
8.8348E-02 4.36140E-03 0.0066
1.2213E-01 4.10040E-03 0.0067
1.5936E-01 3.68027E-03 0.0070
3.9236E-01 2.06773E-03 0.0084
5.1404E-01 1.74893E-03 0.0088
6.6221E-01 1.48973E-03 0.0093
8.9828E-01 1.23867E-03 0.0099
1.1731E+00 1.06473E-03 0.0104
1.3332E+00 1.01207E-03 0.0106
1.8360E+00 8.16667E-04 0.0113

Energy Bin   Relative Error
6.0327E-02 4.43930146604
8.8348E-02 0.855350249887
1.2213E-01 0.704301929917
1.5936E-01 0.511834051041
3.9236E-01 0.311627526646
5.1404E-01 0.244869778135
6.6221E-01 0.303137942787
8.9828E-01 0.29737318819
1.1731E+00 0.310144769955
1.3332E+00 0.324241204105
1.8360E+00 0.333755730384

Chi Squared Value
0.22300241927374623
Average Error
0.785085257917