Energy Bin  Efficiency  Uncertainity
6.0327E-02 4.39327E-03 0.0067
8.8348E-02 4.31867E-03 0.0067
1.2213E-01 4.06493E-03 0.0068
1.5936E-01 3.64753E-03 0.0070
3.9236E-01 2.05020E-03 0.0084
5.1404E-01 1.73640E-03 0.0088
6.6221E-01 1.47860E-03 0.0093
8.9828E-01 1.22900E-03 0.0099
1.1731E+00 1.05800E-03 0.0104
1.3332E+00 1.00240E-03 0.0106
1.8360E+00 8.08867E-04 0.0114

Energy Bin   Relative Error
6.0327E-02 4.38820679283
8.8348E-02 0.837172803155
1.2213E-01 0.689559078133
1.5936E-01 0.498384644657
3.9236E-01 0.300507684818
5.1404E-01 0.235951057363
6.6221E-01 0.2934020005
8.9828E-01 0.287244906461
1.1731E+00 0.301863539688
1.3332E+00 0.311588509683
1.8360E+00 0.321017007383

Chi Squared Value
0.21676527635454812
Average Error
0.769536184061